"@timestamp","data.win.system.eventID","agent.name","data.win.eventdata.authenticationPackageName","data.win.system.processID","data.win.system.systemTime","data.win.eventdata.logonType","data.win.eventdata.logonProcessName","data.win.eventdata.targetUserName"
"Apr 20, 2025 @ 16:00:58.597",4624,"LAB3-09",Negotiate,1072,"2025-04-20T11:02:14.2770369Z",5,Advapi,SYSTEM
"Apr 20, 2025 @ 16:00:58.592",4624,"LAB3-09",Negotiate,1072,"2025-04-20T11:02:14.2759911Z",5,Advapi,SYSTEM
"Apr 20, 2025 @ 16:00:53.790",4624,"LAB3-10",Negotiate,1032,"2025-04-20T11:02:09.4134324Z",5,Advapi,SYSTEM
"Apr 20, 2025 @ 15:59:55.184",4625,"LAB3-11",Negotiate,892,"2025-04-20T11:01:10.0486195Z",2,User32,"bsit22f.0013"
"Apr 20, 2025 @ 15:58:53.656",4625,"LAB3-11",Negotiate,892,"2025-04-20T11:00:08.4888022Z",2,User32,"bsit22f.0013"
"Apr 20, 2025 @ 15:58:27.875",4624,"LAB3-11",Negotiate,892,"2025-04-20T10:59:43.3653413Z",5,Advapi,SYSTEM
"Apr 20, 2025 @ 15:58:27.864",4624,"LAB3-11",Negotiate,892,"2025-04-20T10:59:42.7303794Z",5,Advapi,SYSTEM
"Apr 20, 2025 @ 15:58:27.863",4624,"LAB3-11",Negotiate,892,"2025-04-20T10:59:42.6936653Z",5,Advapi,SYSTEM
"Apr 20, 2025 @ 15:58:16.992",4625,"LAB3-10",Negotiate,1032,"2025-04-20T10:59:32.6268159Z",2,User32,"bsit22f.0020"
"Apr 20, 2025 @ 15:58:13.712",4624,"LAB3-09",Negotiate,1072,"2025-04-20T10:59:29.3910830Z",5,Advapi,SYSTEM
"Apr 20, 2025 @ 15:57:55.489",4625,"LAB3-10",Negotiate,1032,"2025-04-20T10:59:11.1287503Z",2,User32,"bsit22f.0020"
"Apr 20, 2025 @ 15:57:33.727",4624,"LAB3-10",Negotiate,1032,"2025-04-20T10:58:49.3574064Z",5,Advapi,SYSTEM
"Apr 20, 2025 @ 15:55:33.683",4624,"LAB3-09",Negotiate,1072,"2025-04-20T10:56:49.3653883Z",5,Advapi,SYSTEM
"Apr 20, 2025 @ 15:54:53.669",4624,"LAB3-10",Negotiate,1032,"2025-04-20T10:56:09.3082699Z",5,Advapi,SYSTEM
"Apr 20, 2025 @ 15:52:53.654",4624,"LAB3-09",Negotiate,1072,"2025-04-20T10:54:09.3400883Z",5,Advapi,SYSTEM
"Apr 20, 2025 @ 15:52:13.647",4624,"LAB3-10",Negotiate,1032,"2025-04-20T10:53:29.2924887Z",5,Advapi,SYSTEM
"Apr 20, 2025 @ 15:50:36.587",4624,"CP-AKT-002912",Negotiate,880,"2025-04-20T10:51:53.1128297Z",5,Advapi,SYSTEM
"Apr 20, 2025 @ 15:50:36.587",4624,"CP-AKT-002912",Negotiate,880,"2025-04-20T10:51:53.7022719Z",5,Advapi,SYSTEM
"Apr 20, 2025 @ 15:50:32.695",4624,"CP-AKT-002912",Negotiate,880,"2025-04-20T10:51:49.3215870Z",5,Advapi,SYSTEM
"Apr 20, 2025 @ 15:50:32.694",4624,"CP-AKT-002912",Negotiate,880,"2025-04-20T10:51:49.2136358Z",5,Advapi,SYSTEM
"Apr 20, 2025 @ 15:50:21.812",4624,"DESKTOP-5JEIKFF",Negotiate,1016,"2025-04-20T10:50:21.4113036Z",5,Advapi,SYSTEM
"Apr 20, 2025 @ 15:50:17.422",4624,"CP-AKT-002912",Negotiate,880,"2025-04-20T10:51:33.9438502Z",5,Advapi,SYSTEM
"Apr 20, 2025 @ 15:50:13.627",4624,"LAB3-09",Negotiate,1072,"2025-04-20T10:51:29.3158808Z",5,Advapi,SYSTEM
"Apr 20, 2025 @ 15:50:13.536",4624,"CP-AKT-002912",Negotiate,880,"2025-04-20T10:51:30.4775327Z",5,Advapi,SYSTEM
"Apr 20, 2025 @ 15:50:13.520",4624,"CP-AKT-002912",Kerberos,880,"2025-04-20T10:51:30.0599000Z",3,Kerberos,"ADMANAGER$"
"Apr 20, 2025 @ 15:50:13.510",4624,"CP-AKT-002912",NTLM,880,"2025-04-20T10:51:30.0245644Z",3,NtLmSsp,Administrator
"Apr 20, 2025 @ 15:50:13.510",4624,"CP-AKT-002912",NTLM,880,"2025-04-20T10:51:30.0559529Z",3,NtLmSsp,"ADMANAGER$"
"Apr 20, 2025 @ 15:50:13.510",4624,"CP-AKT-002912",Kerberos,880,"2025-04-20T10:51:30.0424858Z",3,Kerberos,Administrator
"Apr 20, 2025 @ 15:50:05.239",4624,"LAB3-09",Negotiate,1072,"2025-04-20T10:51:20.9366872Z",5,Advapi,SYSTEM
"Apr 20, 2025 @ 15:49:33.618",4624,"LAB3-10",Negotiate,1032,"2025-04-20T10:50:49.2695332Z",5,Advapi,SYSTEM
"Apr 20, 2025 @ 15:48:27.236",4624,"LAB3-10",Kerberos,1032,"2025-04-20T10:49:43.1326073Z",3,Kerberos,"LAB3-10$"
"Apr 20, 2025 @ 15:48:27.226",4624,"LAB3-10",Kerberos,1032,"2025-04-20T10:49:42.8857728Z",3,Kerberos,"LAB3-10$"
"Apr 20, 2025 @ 15:48:06.735",4624,"LAB3-10",Negotiate,1032,"2025-04-20T10:49:22.3760245Z",5,Advapi,SYSTEM
"Apr 20, 2025 @ 15:46:53.572",4624,"LAB3-09",Negotiate,1072,"2025-04-20T10:48:09.2648502Z",5,Advapi,SYSTEM
"Apr 20, 2025 @ 15:46:13.547",4624,"LAB3-10",Negotiate,1032,"2025-04-20T10:47:29.2114316Z",5,Advapi,SYSTEM
"Apr 20, 2025 @ 15:45:00.582",4624,"LAB3-10",Kerberos,1032,"2025-04-20T10:46:16.3179739Z",3,Kerberos,"ADMANAGER$"
"Apr 20, 2025 @ 15:45:00.568",4624,"LAB3-10",NTLM,1032,"2025-04-20T10:46:16.3054404Z",3,NtLmSsp,"ADMANAGER$"
"Apr 20, 2025 @ 15:45:00.563",4624,"LAB3-10",Kerberos,1032,"2025-04-20T10:46:16.2625901Z",3,Kerberos,Administrator
"Apr 20, 2025 @ 15:45:00.557",4624,"LAB3-10",Kerberos,1032,"2025-04-20T10:46:16.2296041Z",3,Kerberos,Administrator
"Apr 20, 2025 @ 15:43:33.484",4624,"LAB3-09",Negotiate,1072,"2025-04-20T10:44:49.1820650Z",5,Advapi,SYSTEM
"Apr 20, 2025 @ 15:42:53.526",4624,"LAB3-10",Negotiate,1032,"2025-04-20T10:44:09.1988143Z",5,Advapi,SYSTEM
"Apr 20, 2025 @ 15:41:14.213",4624,"LAB3-10",Negotiate,1032,"2025-04-20T10:42:30.4246204Z",5,Advapi,SYSTEM
"Apr 20, 2025 @ 15:41:14.207",4624,"LAB3-10",Negotiate,1032,"2025-04-20T10:42:29.8852436Z",5,Advapi,SYSTEM
"Apr 20, 2025 @ 15:39:33.474",4624,"LAB3-09",Negotiate,1072,"2025-04-20T10:40:49.1737203Z",5,Advapi,SYSTEM
"Apr 20, 2025 @ 15:39:28.390",4624,"DESKTOP-5JEIKFF",Negotiate,1016,"2025-04-20T10:39:28.1054188Z",5,Advapi,SYSTEM
"Apr 20, 2025 @ 15:39:28.385",4624,"DESKTOP-5JEIKFF",Negotiate,1016,"2025-04-20T10:39:27.9892612Z",5,Advapi,SYSTEM
"Apr 20, 2025 @ 15:38:13.435",4624,"LAB3-10",Negotiate,1032,"2025-04-20T10:39:29.1319590Z",5,Advapi,SYSTEM
"Apr 20, 2025 @ 15:36:39.341",4624,"DESKTOP-5JEIKFF",Negotiate,1016,"2025-04-20T10:36:38.9525600Z",5,Advapi,SYSTEM
"Apr 20, 2025 @ 15:36:32.637",4624,"DESKTOP-5JEIKFF",Negotiate,1016,"2025-04-20T10:36:32.2508386Z",5,Advapi,SYSTEM
"Apr 20, 2025 @ 15:36:13.451",4624,"LAB3-09",Negotiate,1072,"2025-04-20T10:37:29.1590334Z",5,Advapi,SYSTEM
"Apr 20, 2025 @ 15:35:33.444",4624,"LAB3-10",Negotiate,1032,"2025-04-20T10:36:49.1378296Z",5,Advapi,SYSTEM
"Apr 20, 2025 @ 15:33:33.414",4624,"LAB3-09",Negotiate,1072,"2025-04-20T10:34:49.1246165Z",5,Advapi,SYSTEM
"Apr 20, 2025 @ 15:32:53.433",4624,"LAB3-10",Negotiate,1032,"2025-04-20T10:34:09.1289737Z",5,Advapi,SYSTEM
"Apr 20, 2025 @ 15:31:05.452",4624,"LAB3-11",Negotiate,892,"2025-04-20T10:32:21.2338732Z",5,Advapi,SYSTEM
"Apr 20, 2025 @ 15:31:05.452",4624,"LAB3-11",Negotiate,892,"2025-04-20T10:32:20.6575029Z",5,Advapi,SYSTEM
"Apr 20, 2025 @ 15:30:53.355",4624,"LAB3-09",Negotiate,1072,"2025-04-20T10:32:09.0682339Z",5,Advapi,SYSTEM
"Apr 20, 2025 @ 15:30:13.407",4624,"LAB3-10",Negotiate,1032,"2025-04-20T10:31:29.1078118Z",5,Advapi,SYSTEM
"Apr 20, 2025 @ 15:29:20.890",4624,"DESKTOP-5JEIKFF",Negotiate,1016,"2025-04-20T10:29:20.5067808Z",5,Advapi,SYSTEM
"Apr 20, 2025 @ 15:27:33.344",4624,"LAB3-09",Negotiate,1072,"2025-04-20T10:28:49.0664783Z",5,Advapi,SYSTEM
"Apr 20, 2025 @ 15:26:53.320",4624,"LAB3-10",Negotiate,1032,"2025-04-20T10:28:09.0227523Z",5,Advapi,SYSTEM
"Apr 20, 2025 @ 15:26:43.677",4624,"LAB3-10",Negotiate,1032,"2025-04-20T10:27:59.3839731Z",5,Advapi,SYSTEM
"Apr 20, 2025 @ 15:26:37.814",4624,"LAB3-09",Negotiate,1072,"2025-04-20T10:27:54.0677131Z",5,Advapi,SYSTEM
"Apr 20, 2025 @ 15:26:37.809",4624,"LAB3-09",Negotiate,1072,"2025-04-20T10:27:53.5383122Z",5,Advapi,SYSTEM
"Apr 20, 2025 @ 15:26:02.429",4624,"LAB3-09",Negotiate,1072,"2025-04-20T10:27:18.1645332Z",5,Advapi,SYSTEM
"Apr 20, 2025 @ 15:24:13.277",4624,"LAB3-09",Negotiate,1072,"2025-04-20T10:25:29.0063988Z",5,Advapi,SYSTEM
"Apr 20, 2025 @ 15:23:33.275",4624,"LAB3-10",Negotiate,1032,"2025-04-20T10:24:48.9683352Z",5,Advapi,SYSTEM
"Apr 20, 2025 @ 15:22:29.392",4624,"DESKTOP-5JEIKFF",Negotiate,1016,"2025-04-20T10:22:28.9956447Z",2,User32,Project
"Apr 20, 2025 @ 15:22:29.387",4624,"DESKTOP-5JEIKFF",Negotiate,1016,"2025-04-20T10:22:28.9956359Z",2,User32,Project
"Apr 20, 2025 @ 15:22:24.989",4624,"DESKTOP-5JEIKFF",Negotiate,1016,"2025-04-20T10:22:24.6021097Z",5,Advapi,SYSTEM
"Apr 20, 2025 @ 15:22:23.529",4624,"LAB3-10",Negotiate,1032,"2025-04-20T10:23:39.2362294Z",5,Advapi,SYSTEM
"Apr 20, 2025 @ 15:22:21.378",4624,"LAB3-09",Negotiate,1072,"2025-04-20T10:23:37.1190550Z",5,Advapi,SYSTEM
"Apr 20, 2025 @ 15:21:22.837",4624,"LAB3-11",Negotiate,892,"2025-04-20T10:22:37.7253438Z",5,Advapi,SYSTEM
"Apr 20, 2025 @ 15:20:13.238",4624,"LAB3-09",Negotiate,1072,"2025-04-20T10:21:28.9690606Z",5,Advapi,SYSTEM
"Apr 20, 2025 @ 15:19:33.227",4624,"LAB3-10",Negotiate,1032,"2025-04-20T10:20:48.9288933Z",5,Advapi,SYSTEM
"Apr 20, 2025 @ 15:19:23.641",4624,"DESKTOP-5JEIKFF",Negotiate,1016,"2025-04-20T10:19:23.2614453Z",5,Advapi,SYSTEM
"Apr 20, 2025 @ 15:19:22.581",4624,"DESKTOP-5JEIKFF",Negotiate,1016,"2025-04-20T10:19:22.4619818Z",5,Advapi,SYSTEM
"Apr 20, 2025 @ 15:19:22.578",4624,"DESKTOP-5JEIKFF",Negotiate,1016,"2025-04-20T10:19:22.2534139Z",5,Advapi,SYSTEM
"Apr 20, 2025 @ 15:19:22.576",4624,"DESKTOP-5JEIKFF",Negotiate,1016,"2025-04-20T10:19:22.1965699Z",5,Advapi,SYSTEM
"Apr 20, 2025 @ 15:18:26.289",4624,"DESKTOP-5JEIKFF",Negotiate,1016,"2025-04-20T10:18:25.9956318Z",5,Advapi,SYSTEM
"Apr 20, 2025 @ 15:18:26.281",4624,"DESKTOP-5JEIKFF",Negotiate,1016,"2025-04-20T10:18:25.9017434Z",5,Advapi,SYSTEM
"Apr 20, 2025 @ 15:16:53.186",4624,"LAB3-09",Negotiate,1072,"2025-04-20T10:18:08.9279014Z",5,Advapi,SYSTEM
"Apr 20, 2025 @ 15:16:13.151",4624,"LAB3-10",Negotiate,1032,"2025-04-20T10:17:28.8721431Z",5,Advapi,SYSTEM
"Apr 20, 2025 @ 15:14:13.159",4624,"LAB3-09",Negotiate,1072,"2025-04-20T10:15:28.9050824Z",5,Advapi,SYSTEM
"Apr 20, 2025 @ 15:13:33.180",4624,"LAB3-10",Negotiate,1032,"2025-04-20T10:14:48.8980546Z",5,Advapi,SYSTEM
"Apr 20, 2025 @ 15:11:57.873",4624,"LAB3-09",Negotiate,1072,"2025-04-20T10:13:13.6369549Z",5,Advapi,SYSTEM
"Apr 20, 2025 @ 15:11:57.869",4624,"LAB3-09",Negotiate,1072,"2025-04-20T10:13:13.6357261Z",5,Advapi,SYSTEM
"Apr 20, 2025 @ 15:11:33.069",4624,"LAB3-09",Negotiate,1072,"2025-04-20T10:12:48.8361022Z",5,Advapi,SYSTEM
"Apr 20, 2025 @ 15:11:20.028",4624,"DESKTOP-5JEIKFF",Negotiate,1016,"2025-04-20T10:11:20.0702096Z",5,Advapi,SYSTEM
"Apr 20, 2025 @ 15:11:02.508",4624,"LAB3-09",Negotiate,1072,"2025-04-20T10:12:18.3367592Z",5,Advapi,SYSTEM
"Apr 20, 2025 @ 15:11:02.507",4624,"LAB3-09",Negotiate,1072,"2025-04-20T10:12:18.2769946Z",5,Advapi,SYSTEM
"Apr 20, 2025 @ 15:10:53.115",4624,"LAB3-10",Negotiate,1032,"2025-04-20T10:12:08.8477203Z",5,Advapi,SYSTEM
"Apr 20, 2025 @ 15:09:56.654",4624,"LAB3-11",Negotiate,892,"2025-04-20T10:11:11.8357177Z",5,Advapi,SYSTEM
"Apr 20, 2025 @ 15:09:43.297",4624,"LAB3-11",Negotiate,892,"2025-04-20T10:10:58.4805381Z",5,Advapi,SYSTEM
"Apr 20, 2025 @ 15:08:53.031",4624,"LAB3-09",Negotiate,1072,"2025-04-20T10:10:08.7963288Z",5,Advapi,SYSTEM
"Apr 20, 2025 @ 15:07:33.033",4624,"LAB3-10",Negotiate,1032,"2025-04-20T10:08:48.7878638Z",5,Advapi,SYSTEM
"Apr 20, 2025 @ 15:06:51.324",4624,"LAB3-11",Kerberos,892,"2025-04-20T10:08:06.9803697Z",3,Kerberos,"LAB3-11$"
"Apr 20, 2025 @ 15:06:51.314",4624,"LAB3-11",Kerberos,892,"2025-04-20T10:08:06.5665290Z",3,Kerberos,"LAB3-11$"
"Apr 20, 2025 @ 15:05:32.986",4624,"LAB3-09",Negotiate,1072,"2025-04-20T10:06:48.7755174Z",5,Advapi,SYSTEM
"Apr 20, 2025 @ 15:04:13.016",4624,"LAB3-10",Negotiate,1032,"2025-04-20T10:05:28.7914484Z",5,Advapi,SYSTEM
"Apr 20, 2025 @ 15:00:52.961",4624,"LAB3-09",Negotiate,1072,"2025-04-20T10:02:08.7807466Z",5,Advapi,SYSTEM
"Apr 20, 2025 @ 15:00:52.758",4624,"LAB3-11",Negotiate,892,"2025-04-20T10:02:08.0895767Z",5,Advapi,SYSTEM
"Apr 20, 2025 @ 15:00:26.171",4624,"LAB3-09",Negotiate,1072,"2025-04-20T10:01:41.9990910Z",5,Advapi,SYSTEM
"Apr 20, 2025 @ 15:00:26.170",4624,"LAB3-09",Negotiate,1072,"2025-04-20T10:01:41.9979196Z",5,Advapi,SYSTEM
"Apr 20, 2025 @ 15:00:12.954",4624,"LAB3-10",Negotiate,1032,"2025-04-20T10:01:28.7318345Z",5,Advapi,SYSTEM
"Apr 20, 2025 @ 14:58:16.651",4624,"LAB3-09",Negotiate,1072,"2025-04-20T09:59:32.4888557Z",5,Advapi,SYSTEM
"Apr 20, 2025 @ 14:57:32.872",4624,"LAB3-09",Negotiate,1072,"2025-04-20T09:58:48.7153804Z",5,Advapi,SYSTEM
"Apr 20, 2025 @ 14:56:53.848",4624,"CP-AKT-002912",Negotiate,880,"2025-04-20T09:58:10.0300223Z",5,Advapi,SYSTEM
"Apr 20, 2025 @ 14:56:52.850",4624,"LAB3-10",Negotiate,1032,"2025-04-20T09:58:08.6316903Z",5,Advapi,SYSTEM
"Apr 20, 2025 @ 14:54:52.889",4624,"LAB3-09",Negotiate,1072,"2025-04-20T09:56:08.7446231Z",5,Advapi,SYSTEM
"Apr 20, 2025 @ 14:54:12.915",4624,"LAB3-10",Negotiate,1032,"2025-04-20T09:55:28.7022243Z",5,Advapi,SYSTEM
"Apr 20, 2025 @ 14:52:12.805",4624,"LAB3-09",Negotiate,1072,"2025-04-20T09:53:28.6560597Z",5,Advapi,SYSTEM
"Apr 20, 2025 @ 14:51:32.906",4624,"LAB3-10",Negotiate,1032,"2025-04-20T09:52:48.6987940Z",5,Advapi,SYSTEM
"Apr 20, 2025 @ 14:50:21.774",4624,"DESKTOP-5JEIKFF",Negotiate,1016,"2025-04-20T09:50:21.4211849Z",5,Advapi,SYSTEM
"Apr 20, 2025 @ 14:49:35.094",4624,"CP-AKT-002912",Negotiate,880,"2025-04-20T09:50:50.9178765Z",5,Advapi,SYSTEM
"Apr 20, 2025 @ 14:49:32.849",4624,"LAB3-09",Negotiate,1072,"2025-04-20T09:50:48.7114845Z",5,Advapi,SYSTEM
"Apr 20, 2025 @ 14:48:52.801",4624,"LAB3-10",Negotiate,1032,"2025-04-20T09:50:08.5992057Z",5,Advapi,SYSTEM
"Apr 20, 2025 @ 14:48:49.111",4624,"CP-AKT-002912",Negotiate,880,"2025-04-20T09:50:04.9490094Z",5,Advapi,SYSTEM
"Apr 20, 2025 @ 14:48:42.972",4624,"CP-AKT-002912",Negotiate,880,"2025-04-20T09:49:58.8032249Z",5,Advapi,SYSTEM
"Apr 20, 2025 @ 14:48:05.565",4624,"CP-AKT-002912",Kerberos,880,"2025-04-20T09:49:21.1987991Z",3,Kerberos,"ADMANAGER$"
"Apr 20, 2025 @ 14:48:05.533",4624,"CP-AKT-002912",NTLM,880,"2025-04-20T09:49:21.1928117Z",3,NtLmSsp,"ADMANAGER$"
"Apr 20, 2025 @ 14:48:05.500",4624,"CP-AKT-002912",Negotiate,880,"2025-04-20T09:49:20.8726733Z",5,Advapi,SYSTEM
"Apr 20, 2025 @ 14:48:05.467",4624,"CP-AKT-002912",Kerberos,880,"2025-04-20T09:49:18.9400529Z",3,Kerberos,Administrator
"Apr 20, 2025 @ 14:48:05.436",4624,"CP-AKT-002912",Kerberos,880,"2025-04-20T09:49:18.8889727Z",3,Kerberos,Administrator
"Apr 20, 2025 @ 14:48:05.403",4624,"CP-AKT-002912",Negotiate,880,"2025-04-20T09:48:42.4651868Z",5,Advapi,SYSTEM
"Apr 20, 2025 @ 14:48:05.372",4624,"CP-AKT-002912",Negotiate,880,"2025-04-20T09:48:42.1717938Z",5,Advapi,SYSTEM
"Apr 20, 2025 @ 14:48:05.314",4624,"CP-AKT-002912",Negotiate,880,"2025-04-20T09:48:38.5147957Z",5,Advapi,SYSTEM
"Apr 20, 2025 @ 14:47:20.500",4624,"LAB3-10",Negotiate,1032,"2025-04-20T09:48:36.3111583Z",5,Advapi,SYSTEM
"Apr 20, 2025 @ 14:46:12.760",4624,"LAB3-09",Negotiate,1072,"2025-04-20T09:47:28.6183480Z",5,Advapi,SYSTEM
"Apr 20, 2025 @ 14:45:32.746",4624,"LAB3-10",Negotiate,1032,"2025-04-20T09:46:48.5462540Z",5,Advapi,SYSTEM
"Apr 20, 2025 @ 14:43:50.555",4624,"LAB3-10",Kerberos,1032,"2025-04-20T09:45:06.4176092Z",3,Kerberos,"ADMANAGER$"
"Apr 20, 2025 @ 14:43:50.540",4624,"LAB3-10",NTLM,1032,"2025-04-20T09:45:06.4054357Z",3,NtLmSsp,"ADMANAGER$"
"Apr 20, 2025 @ 14:43:50.522",4624,"LAB3-10",Kerberos,1032,"2025-04-20T09:45:06.3667833Z",3,Kerberos,Administrator
"Apr 20, 2025 @ 14:43:50.517",4624,"LAB3-10",Kerberos,1032,"2025-04-20T09:45:06.3362351Z",3,Kerberos,Administrator
"Apr 20, 2025 @ 14:43:16.573",4624,"LAB3-09",Negotiate,1072,"2025-04-20T09:44:32.4447987Z",5,Advapi,SYSTEM
"Apr 20, 2025 @ 14:42:52.608",4624,"LAB3-09",Negotiate,1072,"2025-04-20T09:44:08.4853270Z",5,Advapi,SYSTEM
"Apr 20, 2025 @ 14:41:04.758",4624,"LAB3-10",Negotiate,1032,"2025-04-20T09:42:21.0938778Z",5,Advapi,SYSTEM
"Apr 20, 2025 @ 14:41:04.752",4624,"LAB3-10",Negotiate,1032,"2025-04-20T09:42:20.5610696Z",5,Advapi,SYSTEM
"Apr 20, 2025 @ 14:40:58.668",4624,"DESKTOP-5JEIKFF",Negotiate,1016,"2025-04-20T09:40:58.3309254Z",5,Advapi,SYSTEM
"Apr 20, 2025 @ 14:40:52.614",4624,"LAB3-10",Negotiate,1032,"2025-04-20T09:42:08.4308426Z",5,Advapi,SYSTEM
"Apr 20, 2025 @ 14:38:33.206",4624,"DESKTOP-5JEIKFF",Negotiate,1016,"2025-04-20T09:38:32.8663300Z",2,User32,Project
"Apr 20, 2025 @ 14:38:33.204",4624,"DESKTOP-5JEIKFF",Negotiate,1016,"2025-04-20T09:38:32.8663216Z",2,User32,Project
"Apr 20, 2025 @ 14:38:27.989",4624,"DESKTOP-5JEIKFF",Negotiate,1016,"2025-04-20T09:38:27.6515860Z",5,Advapi,SYSTEM
"Apr 20, 2025 @ 14:38:27.028",4624,"DESKTOP-5JEIKFF",Negotiate,1016,"2025-04-20T09:38:23.6827597Z",5,Advapi,SYSTEM
"Apr 20, 2025 @ 14:38:12.556",4624,"LAB3-09",Negotiate,1072,"2025-04-20T09:39:28.4236889Z",5,Advapi,SYSTEM
"Apr 20, 2025 @ 14:37:32.548",4624,"LAB3-10",Negotiate,1032,"2025-04-20T09:38:48.3765569Z",5,Advapi,SYSTEM
"Apr 20, 2025 @ 14:36:43.839",4624,"LAB3-09",Negotiate,1072,"2025-04-20T09:37:59.7217956Z",5,Advapi,SYSTEM
"Apr 20, 2025 @ 14:35:49.855",4624,"LAB3-11",Negotiate,892,"2025-04-20T09:37:05.1320724Z",5,Advapi,SYSTEM
"Apr 20, 2025 @ 14:35:29.000",4624,"LAB3-11",Negotiate,892,"2025-04-20T09:36:44.2869694Z",5,Advapi,SYSTEM
"Apr 20, 2025 @ 14:34:52.497",4624,"LAB3-09",Negotiate,1072,"2025-04-20T09:36:08.3628357Z",5,Advapi,SYSTEM
"Apr 20, 2025 @ 14:32:32.919",4624,"DESKTOP-5JEIKFF",Negotiate,1016,"2025-04-20T09:32:32.5875686Z",5,Advapi,SYSTEM
"Apr 20, 2025 @ 14:32:31.912",4624,"DESKTOP-5JEIKFF",Negotiate,1016,"2025-04-20T09:32:31.6390077Z",5,Advapi,SYSTEM
"Apr 20, 2025 @ 14:32:31.910",4624,"DESKTOP-5JEIKFF",Negotiate,1016,"2025-04-20T09:32:31.5767074Z",5,Advapi,SYSTEM
"Apr 20, 2025 @ 14:32:12.405",4624,"LAB3-09",Negotiate,1072,"2025-04-20T09:33:28.2895911Z",5,Advapi,SYSTEM
"Apr 20, 2025 @ 14:31:16.462",4624,"LAB3-09",Kerberos,1072,"2025-04-20T09:32:32.7704500Z",3,Kerberos,"LAB3-09$"
"Apr 20, 2025 @ 14:31:16.448",4624,"LAB3-09",Kerberos,1072,"2025-04-20T09:32:32.3327727Z",3,Kerberos,"LAB3-09$"
"Apr 20, 2025 @ 14:30:42.199",4624,"LAB3-11",Negotiate,892,"2025-04-20T09:31:58.3931583Z",5,Advapi,SYSTEM
"Apr 20, 2025 @ 14:30:42.198",4624,"LAB3-11",Negotiate,892,"2025-04-20T09:31:57.5836928Z",5,Advapi,SYSTEM
"Apr 20, 2025 @ 14:30:26.080",4624,"DESKTOP-5JEIKFF",Negotiate,1016,"2025-04-20T09:30:25.7492327Z",5,Advapi,SYSTEM
"Apr 20, 2025 @ 14:29:39.807",4624,"DESKTOP-5JEIKFF",Negotiate,1016,"2025-04-20T09:29:39.4785595Z",5,Advapi,SYSTEM
"Apr 20, 2025 @ 14:29:38.802",4624,"DESKTOP-5JEIKFF",Negotiate,1016,"2025-04-20T09:29:38.4691304Z",5,Advapi,SYSTEM
"Apr 20, 2025 @ 14:29:32.412",4624,"LAB3-09",Negotiate,1072,"2025-04-20T09:30:48.2858964Z",5,Advapi,SYSTEM
"Apr 20, 2025 @ 14:28:47.083",4624,"DESKTOP-5JEIKFF",Negotiate,1016,"2025-04-20T09:28:46.7469184Z",5,Advapi,SYSTEM
"Apr 20, 2025 @ 14:28:46.231",4624,"DESKTOP-5JEIKFF",Negotiate,1016,"2025-04-20T09:28:41.1437902Z",5,Advapi,SYSTEM
"Apr 20, 2025 @ 14:27:18.576",4624,"LAB3-09",Negotiate,1072,"2025-04-20T09:28:34.4699974Z",5,Advapi,SYSTEM
"Apr 20, 2025 @ 14:26:16.196",4624,"LAB3-09",Negotiate,1072,"2025-04-20T09:27:32.7784195Z",5,Advapi,SYSTEM
"Apr 20, 2025 @ 14:26:16.195",4624,"LAB3-09",Negotiate,1072,"2025-04-20T09:27:32.0840112Z",5,Advapi,SYSTEM
"Apr 20, 2025 @ 14:26:12.264",4624,"LAB3-09",Negotiate,1072,"2025-04-20T09:27:28.1618115Z",5,Advapi,SYSTEM
"Apr 20, 2025 @ 14:23:32.186",4624,"LAB3-09",Negotiate,1072,"2025-04-20T09:24:48.0902286Z",5,Advapi,SYSTEM
"Apr 20, 2025 @ 14:22:06.208",4624,"DESKTOP-5JEIKFF",Negotiate,1016,"2025-04-20T09:22:05.8833982Z",5,Advapi,SYSTEM
"Apr 20, 2025 @ 14:22:04.353",4624,"DESKTOP-5JEIKFF",Negotiate,1016,"2025-04-20T09:22:04.0405767Z",5,Advapi,SYSTEM
"Apr 20, 2025 @ 14:22:04.351",4624,"DESKTOP-5JEIKFF",Negotiate,1016,"2025-04-20T09:22:04.0206553Z",5,Advapi,SYSTEM
"Apr 20, 2025 @ 14:21:12.604",4624,"LAB3-11",Negotiate,892,"2025-04-20T09:22:27.9918812Z",5,Advapi,SYSTEM
"Apr 20, 2025 @ 14:20:52.118",4624,"LAB3-09",Negotiate,1072,"2025-04-20T09:22:08.0046718Z",5,Advapi,SYSTEM
"Apr 20, 2025 @ 14:20:37.013",4624,"DESKTOP-5JEIKFF",Negotiate,1016,"2025-04-20T09:20:37.5888128Z",5,Advapi,SYSTEM
"Apr 20, 2025 @ 14:20:37.011",4624,"DESKTOP-5JEIKFF",Negotiate,1016,"2025-04-20T09:20:36.6822105Z",5,Advapi,SYSTEM
"Apr 20, 2025 @ 14:20:37.010",4624,"DESKTOP-5JEIKFF",Negotiate,1016,"2025-04-20T09:20:36.6729166Z",5,Advapi,SYSTEM
"Apr 20, 2025 @ 14:18:12.122",4624,"LAB3-09",Negotiate,1072,"2025-04-20T09:19:28.0318490Z",5,Advapi,SYSTEM
"Apr 20, 2025 @ 14:17:32.109",4624,"LAB3-10",Negotiate,1032,"2025-04-20T09:18:47.9870158Z",5,Advapi,SYSTEM
"Apr 20, 2025 @ 14:15:32.042",4624,"LAB3-09",Negotiate,1072,"2025-04-20T09:16:47.9456503Z",5,Advapi,SYSTEM
"Apr 20, 2025 @ 14:13:32.007",4624,"LAB3-09",Negotiate,1072,"2025-04-20T09:14:47.9017974Z",5,Advapi,SYSTEM
"Apr 20, 2025 @ 14:11:32.053",4624,"LAB3-09",Negotiate,1072,"2025-04-20T09:12:47.9610483Z",5,Advapi,SYSTEM
"Apr 20, 2025 @ 14:10:23.788",4624,"DESKTOP-5JEIKFF",Negotiate,1016,"2025-04-20T09:10:21.9955374Z",5,Advapi,SYSTEM
"Apr 20, 2025 @ 14:09:43.277",4624,"LAB3-11",Negotiate,892,"2025-04-20T09:10:58.3285481Z",5,Advapi,SYSTEM
"Apr 20, 2025 @ 14:09:31.992",4624,"LAB3-09",Negotiate,1072,"2025-04-20T09:10:47.9071329Z",5,Advapi,SYSTEM
"Apr 20, 2025 @ 14:04:13.439",4624,"DESKTOP-5JEIKFF",Negotiate,1016,"2025-04-20T09:04:13.1251098Z",5,Advapi,SYSTEM
"Apr 20, 2025 @ 14:03:31.885",4624,"LAB3-09",Negotiate,1072,"2025-04-20T09:04:47.8410029Z",5,Advapi,SYSTEM
"Apr 20, 2025 @ 14:03:01.197",4624,"DESKTOP-5JEIKFF",Negotiate,1016,"2025-04-20T09:03:00.8764481Z",5,Advapi,SYSTEM
"Apr 20, 2025 @ 14:02:54.895",4624,"DESKTOP-5JEIKFF",Negotiate,1016,"2025-04-20T09:02:54.5744476Z",5,Advapi,SYSTEM
"Apr 20, 2025 @ 14:01:58.543",4624,"DESKTOP-5JEIKFF",Negotiate,1016,"2025-04-20T09:01:58.3546829Z",5,Advapi,SYSTEM
"Apr 20, 2025 @ 14:01:58.537",4624,"DESKTOP-5JEIKFF",Negotiate,1016,"2025-04-20T09:01:58.2222818Z",5,Advapi,SYSTEM
"Apr 20, 2025 @ 14:01:52.877",4624,"LAB3-11",Negotiate,892,"2025-04-20T09:03:08.1321654Z",5,Advapi,SYSTEM
"Apr 20, 2025 @ 14:00:51.824",4624,"LAB3-09",Negotiate,1072,"2025-04-20T09:02:07.7770835Z",5,Advapi,SYSTEM
"Apr 20, 2025 @ 14:00:26.329",4624,"LAB3-10",Kerberos,1032,"2025-04-20T09:01:42.6560765Z",3,Kerberos,"LAB3-10$"
"Apr 20, 2025 @ 14:00:26.320",4624,"LAB3-10",Kerberos,1032,"2025-04-20T09:01:42.2427971Z",3,Kerberos,"LAB3-10$"
"Apr 20, 2025 @ 13:59:49.741",4624,"LAB3-09",Negotiate,1072,"2025-04-20T09:01:05.6957418Z",5,Advapi,SYSTEM
"Apr 20, 2025 @ 13:59:49.738",4624,"LAB3-09",Negotiate,1072,"2025-04-20T09:01:05.6938471Z",5,Advapi,SYSTEM
"Apr 20, 2025 @ 13:58:16.486",4624,"LAB3-09",Negotiate,1072,"2025-04-20T08:59:32.4511973Z",5,Advapi,SYSTEM
"Apr 20, 2025 @ 13:58:11.903",4624,"LAB3-09",Negotiate,1072,"2025-04-20T08:59:27.8667145Z",5,Advapi,SYSTEM
"Apr 20, 2025 @ 13:57:31.836",4624,"LAB3-10",Negotiate,1032,"2025-04-20T08:58:47.7629989Z",5,Advapi,SYSTEM
"Apr 20, 2025 @ 13:55:31.846",4624,"LAB3-09",Negotiate,1072,"2025-04-20T08:56:47.8378544Z",5,Advapi,SYSTEM
"Apr 20, 2025 @ 13:53:31.729",4624,"LAB3-09",Negotiate,1072,"2025-04-20T08:54:47.7371531Z",5,Advapi,SYSTEM
"Apr 20, 2025 @ 13:52:51.598",4624,"DESKTOP-5JEIKFF",Negotiate,1016,"2025-04-20T08:52:51.2753880Z",5,Advapi,SYSTEM
"Apr 20, 2025 @ 13:51:56.772",4624,"DESKTOP-5JEIKFF",Negotiate,1016,"2025-04-20T08:51:56.4657348Z",5,Advapi,SYSTEM
"Apr 20, 2025 @ 13:51:31.749",4624,"LAB3-09",Negotiate,1072,"2025-04-20T08:52:47.7644606Z",5,Advapi,SYSTEM
"Apr 20, 2025 @ 13:49:44.048",4624,"LAB3-09",Kerberos,1072,"2025-04-20T08:51:00.0942536Z",3,Kerberos,"LAB3-09$"
"Apr 20, 2025 @ 13:49:44.020",4624,"LAB3-09",Kerberos,1072,"2025-04-20T08:51:00.0509702Z",3,Kerberos,"LAB3-09$"
"Apr 20, 2025 @ 13:49:31.663",4624,"LAB3-09",Negotiate,1072,"2025-04-20T08:50:47.6912458Z",5,Advapi,SYSTEM
"Apr 20, 2025 @ 13:48:01.974",4624,"LAB3-10",Kerberos,1032,"2025-04-20T08:49:17.9446617Z",3,Kerberos,"LAB3-10$"
"Apr 20, 2025 @ 13:48:01.938",4624,"LAB3-10",Kerberos,1032,"2025-04-20T08:49:17.8877327Z",3,Kerberos,"LAB3-10$"
"Apr 20, 2025 @ 13:47:50.634",4624,"DESKTOP-5JEIKFF",Negotiate,1016,"2025-04-20T08:47:50.3317409Z",5,Advapi,SYSTEM
"Apr 20, 2025 @ 13:47:48.589",4624,"DESKTOP-5JEIKFF",Negotiate,1016,"2025-04-20T08:47:48.2836974Z",5,Advapi,SYSTEM
"Apr 20, 2025 @ 13:47:20.497",4624,"LAB3-10",Negotiate,1032,"2025-04-20T08:48:36.4515464Z",5,Advapi,SYSTEM
"Apr 20, 2025 @ 13:46:48.265",4624,"DESKTOP-5JEIKFF",Negotiate,1016,"2025-04-20T08:46:48.2739972Z",5,Advapi,SYSTEM
"Apr 20, 2025 @ 13:46:48.258",4624,"DESKTOP-5JEIKFF",Negotiate,1016,"2025-04-20T08:46:47.9446868Z",5,Advapi,SYSTEM
"Apr 20, 2025 @ 13:46:11.600",4624,"LAB3-09",Negotiate,1072,"2025-04-20T08:47:27.6400715Z",5,Advapi,SYSTEM
"Apr 20, 2025 @ 13:43:31.629",4624,"LAB3-09",Negotiate,1072,"2025-04-20T08:44:47.6588666Z",5,Advapi,SYSTEM
"Apr 20, 2025 @ 13:42:40.537",4624,"LAB3-10",Kerberos,1032,"2025-04-20T08:43:56.5395966Z",3,Kerberos,"ADMANAGER$"
"Apr 20, 2025 @ 13:42:40.523",4624,"LAB3-10",NTLM,1032,"2025-04-20T08:43:56.5339206Z",3,NtLmSsp,"ADMANAGER$"
"Apr 20, 2025 @ 13:42:40.518",4624,"LAB3-10",Kerberos,1032,"2025-04-20T08:43:56.5087494Z",3,Kerberos,Administrator
"Apr 20, 2025 @ 13:42:40.512",4624,"LAB3-10",Kerberos,1032,"2025-04-20T08:43:56.4774790Z",3,Kerberos,Administrator
"Apr 20, 2025 @ 13:40:52.772",4624,"LAB3-10",Negotiate,1032,"2025-04-20T08:42:09.4273896Z",5,Advapi,SYSTEM
"Apr 20, 2025 @ 13:40:52.770",4624,"LAB3-10",Negotiate,1032,"2025-04-20T08:42:08.7334714Z",5,Advapi,SYSTEM
"Apr 20, 2025 @ 13:40:51.489",4624,"LAB3-09",Negotiate,1072,"2025-04-20T08:42:07.5371804Z",5,Advapi,SYSTEM
"Apr 20, 2025 @ 13:38:56.056",4624,"LAB3-11",Negotiate,892,"2025-04-20T08:40:11.6971138Z",5,Advapi,SYSTEM
"Apr 20, 2025 @ 13:38:11.547",4624,"LAB3-09",Negotiate,1072,"2025-04-20T08:39:27.5780171Z",5,Advapi,SYSTEM
"Apr 20, 2025 @ 13:37:49.355",4624,"LAB3-09",Negotiate,1072,"2025-04-20T08:39:05.4016619Z",5,Advapi,SYSTEM
"Apr 20, 2025 @ 13:37:31.539",4624,"LAB3-10",Negotiate,1032,"2025-04-20T08:38:47.5126454Z",5,Advapi,SYSTEM
"Apr 20, 2025 @ 13:35:31.420",4624,"LAB3-09",Negotiate,1072,"2025-04-20T08:36:47.4712020Z",5,Advapi,SYSTEM
"Apr 20, 2025 @ 13:33:31.436",4624,"LAB3-09",Negotiate,1072,"2025-04-20T08:34:47.4836862Z",5,Advapi,SYSTEM
"Apr 20, 2025 @ 13:32:28.833",4624,"LAB3-09",Negotiate,1072,"2025-04-20T08:33:44.8863815Z",5,Advapi,SYSTEM
"Apr 20, 2025 @ 13:31:31.409",4624,"LAB3-09",Negotiate,1072,"2025-04-20T08:32:47.4632612Z",5,Advapi,SYSTEM
"Apr 20, 2025 @ 13:30:59.096",4624,"DESKTOP-5JEIKFF",Negotiate,1016,"2025-04-20T08:30:58.8448520Z",5,Advapi,SYSTEM
"Apr 20, 2025 @ 13:30:59.094",4624,"DESKTOP-5JEIKFF",Negotiate,1016,"2025-04-20T08:30:58.7998299Z",5,Advapi,SYSTEM
"Apr 20, 2025 @ 13:30:13.391",4624,"LAB3-11",Negotiate,892,"2025-04-20T08:31:28.9395830Z",5,Advapi,SYSTEM
"Apr 20, 2025 @ 13:29:48.715",4624,"DESKTOP-5JEIKFF",Negotiate,1016,"2025-04-20T08:29:48.8609080Z",5,Advapi,SYSTEM
"Apr 20, 2025 @ 13:29:48.712",4624,"DESKTOP-5JEIKFF",Negotiate,1016,"2025-04-20T08:29:48.4211545Z",5,Advapi,SYSTEM
"Apr 20, 2025 @ 13:29:31.418",4624,"LAB3-09",Negotiate,1072,"2025-04-20T08:30:47.4713388Z",5,Advapi,SYSTEM
"Apr 20, 2025 @ 13:29:20.813",4624,"DESKTOP-5JEIKFF",Negotiate,1016,"2025-04-20T08:29:20.5157398Z",5,Advapi,SYSTEM
"Apr 20, 2025 @ 13:27:38.946",4624,"LAB3-09",Negotiate,1072,"2025-04-20T08:28:54.9985293Z",5,Advapi,SYSTEM
"Apr 20, 2025 @ 13:26:11.368",4624,"LAB3-09",Negotiate,1072,"2025-04-20T08:27:27.4268021Z",5,Advapi,SYSTEM
"Apr 20, 2025 @ 13:25:48.272",4624,"LAB3-09",Negotiate,1072,"2025-04-20T08:27:04.8648351Z",5,Advapi,SYSTEM
"Apr 20, 2025 @ 13:25:48.267",4624,"LAB3-09",Negotiate,1072,"2025-04-20T08:27:04.3152173Z",5,Advapi,SYSTEM
"Apr 20, 2025 @ 13:23:57.049",4624,"LAB3-11",Negotiate,892,"2025-04-20T08:25:12.6951400Z",5,Advapi,SYSTEM
"Apr 20, 2025 @ 13:23:56.002",4624,"LAB3-11",Negotiate,892,"2025-04-20T08:25:11.6401128Z",5,Advapi,SYSTEM
"Apr 20, 2025 @ 13:23:31.323",4624,"LAB3-09",Negotiate,1072,"2025-04-20T08:24:47.3820495Z",5,Advapi,SYSTEM
"Apr 20, 2025 @ 13:21:08.585",4624,"LAB3-11",Negotiate,892,"2025-04-20T08:22:24.2550094Z",5,Advapi,SYSTEM
"Apr 20, 2025 @ 13:20:51.321",4624,"LAB3-09",Negotiate,1072,"2025-04-20T08:22:07.3828577Z",5,Advapi,SYSTEM
"Apr 20, 2025 @ 13:20:09.699",4624,"LAB3-09",Negotiate,1072,"2025-04-20T08:21:26.3247706Z",5,Advapi,SYSTEM
"Apr 20, 2025 @ 13:20:09.695",4624,"LAB3-09",Negotiate,1072,"2025-04-20T08:21:26.1322156Z",5,Advapi,SYSTEM
"Apr 20, 2025 @ 13:20:09.689",4624,"LAB3-09",Negotiate,1072,"2025-04-20T08:21:25.7579164Z",5,Advapi,SYSTEM
"Apr 20, 2025 @ 13:19:26.016",4624,"LAB3-11",Negotiate,892,"2025-04-20T08:20:41.6944586Z",5,Advapi,SYSTEM
"Apr 20, 2025 @ 13:18:50.573",4624,"LAB3-11",Kerberos,892,"2025-04-20T08:20:06.4527554Z",3,Kerberos,"LAB3-11$"
"Apr 20, 2025 @ 13:18:50.564",4624,"LAB3-11",Kerberos,892,"2025-04-20T08:20:06.2550149Z",3,Kerberos,"LAB3-11$"
"Apr 20, 2025 @ 13:18:30.124",4625,"LAB3-11",Negotiate,892,"2025-04-20T08:19:45.8163418Z",2,User32,"bsit22f.0013"
"Apr 20, 2025 @ 13:18:11.230",4624,"LAB3-09",Negotiate,1072,"2025-04-20T08:19:27.3033620Z",5,Advapi,SYSTEM
"Apr 20, 2025 @ 13:17:34.249",4625,"LAB3-11",Negotiate,892,"2025-04-20T08:18:50.8323056Z",2,User32,"bsit22f.0013"
"Apr 20, 2025 @ 13:17:34.234",4625,"LAB3-11",Negotiate,892,"2025-04-20T08:18:50.5378985Z",2,User32,"bsit22f.0013"
"Apr 20, 2025 @ 13:17:34.221",4625,"LAB3-11",Negotiate,892,"2025-04-20T08:18:50.1982610Z",2,User32,"bsit22f.0013"
"Apr 20, 2025 @ 13:17:34.220",4625,"LAB3-11",Negotiate,892,"2025-04-20T08:18:49.9094794Z",2,User32,"bsit22f.0013"
"Apr 20, 2025 @ 13:17:33.164",4625,"LAB3-11",Negotiate,892,"2025-04-20T08:18:49.5799514Z",2,User32,"bsit22f.0013"
"Apr 20, 2025 @ 13:17:33.148",4625,"LAB3-11",Negotiate,892,"2025-04-20T08:18:49.2741716Z",2,User32,"bsit22f.0013"
"Apr 20, 2025 @ 13:17:33.138",4624,"LAB3-11",Negotiate,892,"2025-04-20T08:18:48.8751820Z",5,Advapi,SYSTEM
"Apr 20, 2025 @ 13:17:33.137",4624,"LAB3-11",Negotiate,892,"2025-04-20T08:18:48.8239286Z",5,Advapi,SYSTEM
"Apr 20, 2025 @ 13:17:31.264",4624,"LAB3-10",Negotiate,1032,"2025-04-20T08:18:47.2958168Z",5,Advapi,SYSTEM
"Apr 20, 2025 @ 13:15:31.166",4624,"LAB3-09",Negotiate,1072,"2025-04-20T08:16:47.2293144Z",5,Advapi,SYSTEM
"Apr 20, 2025 @ 13:13:31.169",4624,"LAB3-09",Negotiate,1072,"2025-04-20T08:14:47.2480851Z",5,Advapi,SYSTEM
"Apr 20, 2025 @ 13:13:24.137",4624,"LAB3-11",Negotiate,892,"2025-04-20T08:14:39.7167278Z",5,Advapi,SYSTEM
"Apr 20, 2025 @ 13:13:16.346",4624,"LAB3-09",Negotiate,1072,"2025-04-20T08:14:32.4144952Z",5,Advapi,SYSTEM
"Apr 20, 2025 @ 13:12:46.386",4624,"DESKTOP-5JEIKFF",Negotiate,1016,"2025-04-20T08:12:16.5285000Z",5,Advapi,SYSTEM
"Apr 20, 2025 @ 13:11:31.161",4624,"LAB3-09",Negotiate,1072,"2025-04-20T08:12:47.2384281Z",5,Advapi,SYSTEM
"Apr 20, 2025 @ 13:11:13.206",4624,"LAB3-10",Negotiate,1032,"2025-04-20T08:12:29.2426222Z",5,Advapi,SYSTEM
"Apr 20, 2025 @ 13:10:19.745",4624,"LAB3-11",Negotiate,892,"2025-04-20T08:11:35.3691862Z",5,Advapi,SYSTEM
"Apr 20, 2025 @ 13:09:43.362",4624,"LAB3-11",Negotiate,892,"2025-04-20T08:10:59.0726606Z",5,Advapi,SYSTEM
"Apr 20, 2025 @ 13:09:43.361",4624,"LAB3-11",Negotiate,892,"2025-04-20T08:10:58.9950015Z",5,Advapi,SYSTEM
"Apr 20, 2025 @ 13:09:42.163",4624,"LAB3-11",Negotiate,892,"2025-04-20T08:10:57.8044323Z",5,Advapi,SYSTEM
"Apr 20, 2025 @ 13:09:31.152",4624,"LAB3-09",Negotiate,1072,"2025-04-20T08:10:47.2184334Z",5,Advapi,SYSTEM
"Apr 20, 2025 @ 13:08:46.850",4624,"LAB3-11",Negotiate,892,"2025-04-20T08:10:02.5277575Z",5,Advapi,SYSTEM
"Apr 20, 2025 @ 13:07:12.599",4624,"DESKTOP-5JEIKFF",Negotiate,1016,"2025-04-20T08:07:12.3062464Z",5,Advapi,SYSTEM
"Apr 20, 2025 @ 13:06:11.206",4624,"LAB3-09",Negotiate,1072,"2025-04-20T08:07:27.2867609Z",5,Advapi,SYSTEM
"Apr 20, 2025 @ 13:05:01.377",4624,"DESKTOP-5JEIKFF",Negotiate,1016,"2025-04-20T08:05:01.0868242Z",5,Advapi,SYSTEM
"Apr 20, 2025 @ 13:04:25.447",4624,"LAB3-11",Negotiate,892,"2025-04-20T08:05:41.1612596Z",5,Advapi,SYSTEM
"Apr 20, 2025 @ 13:03:46.019",4624,"LAB3-10",Negotiate,1032,"2025-04-20T08:05:02.0790644Z",5,Advapi,SYSTEM
"Apr 20, 2025 @ 13:03:31.106",4624,"LAB3-09",Negotiate,1072,"2025-04-20T08:04:47.1812857Z",5,Advapi,SYSTEM
"Apr 20, 2025 @ 13:03:17.800",4624,"LAB3-11",Negotiate,892,"2025-04-20T08:04:33.5257463Z",5,Advapi,SYSTEM
"Apr 20, 2025 @ 13:03:05.683",4624,"LAB3-11",Negotiate,892,"2025-04-20T08:04:21.4172287Z",5,Advapi,SYSTEM
"Apr 20, 2025 @ 13:03:05.677",4624,"LAB3-11",Negotiate,892,"2025-04-20T08:04:21.4033648Z",2,User32,"bsit22f.0013"
"Apr 20, 2025 @ 13:02:14.822",4624,"LAB3-11",Negotiate,892,"2025-04-20T08:03:30.5536021Z",5,Advapi,SYSTEM
"Apr 20, 2025 @ 13:01:13.062",4624,"DESKTOP-5JEIKFF",Negotiate,1016,"2025-04-20T08:01:12.7740845Z",5,Advapi,SYSTEM
"Apr 20, 2025 @ 13:01:12.061",4624,"DESKTOP-5JEIKFF",Negotiate,1016,"2025-04-20T08:01:11.8197856Z",5,Advapi,SYSTEM
"Apr 20, 2025 @ 13:01:12.059",4624,"DESKTOP-5JEIKFF",Negotiate,1016,"2025-04-20T08:01:11.7711221Z",5,Advapi,SYSTEM
"Apr 20, 2025 @ 13:00:51.132",4624,"LAB3-09",Negotiate,1072,"2025-04-20T08:02:07.2136368Z",5,Advapi,SYSTEM
"Apr 20, 2025 @ 13:00:16.766",4624,"LAB3-09",Kerberos,1072,"2025-04-20T08:01:33.2757382Z",3,Kerberos,"LAB3-09$"
"Apr 20, 2025 @ 13:00:16.761",4624,"LAB3-09",Kerberos,1072,"2025-04-20T08:01:32.8462244Z",3,Kerberos,"LAB3-09$"
"Apr 20, 2025 @ 12:59:34.683",4624,"LAB3-11",Negotiate,892,"2025-04-20T08:00:50.4076721Z",5,Advapi,SYSTEM
"Apr 20, 2025 @ 12:58:11.020",4624,"LAB3-09",Negotiate,1072,"2025-04-20T07:59:27.1103890Z",5,Advapi,SYSTEM
"Apr 20, 2025 @ 12:57:31.018",4624,"LAB3-10",Negotiate,1032,"2025-04-20T07:58:47.0780625Z",5,Advapi,SYSTEM
"Apr 20, 2025 @ 12:55:33.800",4624,"LAB3-11",Negotiate,892,"2025-04-20T07:56:49.4485887Z",5,Advapi,SYSTEM
"Apr 20, 2025 @ 12:55:30.952",4624,"LAB3-09",Negotiate,1072,"2025-04-20T07:56:47.0608031Z",5,Advapi,SYSTEM
"Apr 20, 2025 @ 12:53:47.586",4624,"DESKTOP-5JEIKFF",Negotiate,1016,"2025-04-20T07:53:47.3057504Z",2,User32,Project
"Apr 20, 2025 @ 12:53:47.585",4624,"DESKTOP-5JEIKFF",Negotiate,1016,"2025-04-20T07:53:47.3057429Z",2,User32,Project
"Apr 20, 2025 @ 12:53:30.941",4624,"LAB3-09",Negotiate,1072,"2025-04-20T07:54:47.0631913Z",5,Advapi,SYSTEM
"Apr 20, 2025 @ 12:53:29.048",4624,"DESKTOP-5JEIKFF",Negotiate,1016,"2025-04-20T07:53:28.7625982Z",5,Advapi,SYSTEM
"Apr 20, 2025 @ 12:51:30.843",4624,"LAB3-09",Negotiate,1072,"2025-04-20T07:52:46.9839918Z",5,Advapi,SYSTEM
"Apr 20, 2025 @ 12:49:56.479",4624,"DESKTOP-5JEIKFF",Negotiate,1016,"2025-04-20T07:49:56.2073669Z",5,Advapi,SYSTEM
"Apr 20, 2025 @ 12:49:55.473",4624,"DESKTOP-5JEIKFF",Negotiate,1016,"2025-04-20T07:49:55.2100800Z",5,Advapi,SYSTEM
"Apr 20, 2025 @ 12:49:55.471",4624,"DESKTOP-5JEIKFF",Negotiate,1016,"2025-04-20T07:49:55.1996223Z",5,Advapi,SYSTEM
"Apr 20, 2025 @ 12:49:30.855",4624,"LAB3-09",Negotiate,1072,"2025-04-20T07:50:47.0036273Z",5,Advapi,SYSTEM
"Apr 20, 2025 @ 12:49:21.820",4624,"DESKTOP-5JEIKFF",Negotiate,1016,"2025-04-20T07:49:21.7987730Z",5,Advapi,SYSTEM
"Apr 20, 2025 @ 12:49:21.811",4624,"DESKTOP-5JEIKFF",Negotiate,1016,"2025-04-20T07:49:21.5334398Z",5,Advapi,SYSTEM
"Apr 20, 2025 @ 12:48:29.151",4624,"DESKTOP-5JEIKFF",Negotiate,1016,"2025-04-20T07:48:28.9067377Z",5,Advapi,SYSTEM
"Apr 20, 2025 @ 12:48:29.138",4624,"DESKTOP-5JEIKFF",Negotiate,1016,"2025-04-20T07:48:28.8599510Z",5,Advapi,SYSTEM
"Apr 20, 2025 @ 12:47:21.794",4624,"LAB3-11",Negotiate,892,"2025-04-20T07:48:37.6675702Z",5,Advapi,SYSTEM
"Apr 20, 2025 @ 12:47:19.447",4624,"LAB3-10",Negotiate,1032,"2025-04-20T07:48:35.5562730Z",5,Advapi,SYSTEM
"Apr 20, 2025 @ 12:47:17.982",4624,"LAB3-11",Negotiate,892,"2025-04-20T07:48:33.8414415Z",5,Advapi,SYSTEM
"Apr 20, 2025 @ 12:46:10.818",4624,"LAB3-09",Negotiate,1072,"2025-04-20T07:47:26.9872857Z",5,Advapi,SYSTEM
"Apr 20, 2025 @ 12:45:49.594",4624,"DESKTOP-5JEIKFF",Negotiate,1016,"2025-04-20T07:45:49.3816690Z",5,Advapi,SYSTEM
"Apr 20, 2025 @ 12:45:49.592",4624,"DESKTOP-5JEIKFF",Negotiate,1016,"2025-04-20T07:45:49.3242677Z",5,Advapi,SYSTEM
"Apr 20, 2025 @ 12:43:30.827",4624,"LAB3-09",Negotiate,1072,"2025-04-20T07:44:47.0204128Z",5,Advapi,SYSTEM
"Apr 20, 2025 @ 12:43:18.242",4624,"LAB3-09",Negotiate,1072,"2025-04-20T07:44:34.4365340Z",5,Advapi,SYSTEM
"Apr 20, 2025 @ 12:43:18.239",4624,"LAB3-09",Negotiate,1072,"2025-04-20T07:44:34.4352002Z",5,Advapi,SYSTEM
"Apr 20, 2025 @ 12:43:16.220",4624,"LAB3-09",Negotiate,1072,"2025-04-20T07:44:32.4204427Z",5,Advapi,SYSTEM
"Apr 20, 2025 @ 12:41:30.509",4624,"LAB3-10",Kerberos,1032,"2025-04-20T07:42:46.6915656Z",3,Kerberos,"ADMANAGER$"
"Apr 20, 2025 @ 12:41:30.494",4624,"LAB3-10",NTLM,1032,"2025-04-20T07:42:46.6794792Z",3,NtLmSsp,"ADMANAGER$"
"Apr 20, 2025 @ 12:41:30.489",4624,"LAB3-10",Kerberos,1032,"2025-04-20T07:42:46.6378882Z",3,Kerberos,Administrator
"Apr 20, 2025 @ 12:41:30.484",4624,"LAB3-10",Kerberos,1032,"2025-04-20T07:42:46.6036954Z",3,Kerberos,Administrator
"Apr 20, 2025 @ 12:40:50.729",4624,"LAB3-09",Negotiate,1072,"2025-04-20T07:42:06.9324958Z",5,Advapi,SYSTEM
"Apr 20, 2025 @ 12:40:34.770",4624,"LAB3-10",Negotiate,1032,"2025-04-20T07:41:51.4125077Z",5,Advapi,SYSTEM
"Apr 20, 2025 @ 12:40:34.769",4624,"LAB3-10",Negotiate,1032,"2025-04-20T07:41:50.8793851Z",5,Advapi,SYSTEM
"Apr 20, 2025 @ 12:39:54.028",4624,"CP-AKT-002912",Negotiate,880,"2025-04-20T07:41:10.1532599Z",5,Advapi,SYSTEM
"Apr 20, 2025 @ 12:39:37.784",4624,"DESKTOP-5JEIKFF",Negotiate,1016,"2025-04-20T07:39:37.5260680Z",5,Advapi,SYSTEM
"Apr 20, 2025 @ 12:38:58.350",4624,"CP-AKT-002912",Negotiate,880,"2025-04-20T07:40:14.4744373Z",5,Advapi,SYSTEM
"Apr 20, 2025 @ 12:38:10.648",4624,"LAB3-09",Negotiate,1072,"2025-04-20T07:39:26.8707700Z",5,Advapi,SYSTEM
"Apr 20, 2025 @ 12:37:30.744",4624,"LAB3-10",Negotiate,1032,"2025-04-20T07:38:46.8571209Z",5,Advapi,SYSTEM
"Apr 20, 2025 @ 12:37:14.869",4624,"CP-AKT-002912",Negotiate,880,"2025-04-20T07:38:31.0068494Z",5,Advapi,SYSTEM
"Apr 20, 2025 @ 12:35:27.269",4624,"LAB3-09",Negotiate,1072,"2025-04-20T07:36:43.4941136Z",5,Advapi,SYSTEM
"Apr 20, 2025 @ 12:33:30.592",4624,"LAB3-09",Negotiate,1072,"2025-04-20T07:34:46.8149266Z",5,Advapi,SYSTEM
"Apr 20, 2025 @ 12:31:40.351",4624,"CP-AKT-002912",Negotiate,880,"2025-04-20T07:32:56.5094426Z",5,Advapi,SYSTEM
"Apr 20, 2025 @ 12:31:30.641",4624,"LAB3-09",Negotiate,1072,"2025-04-20T07:32:46.8589675Z",5,Advapi,SYSTEM
"Apr 20, 2025 @ 12:29:37.881",4624,"LAB3-11",Negotiate,892,"2025-04-20T07:30:54.4618445Z",5,Advapi,SYSTEM
"Apr 20, 2025 @ 12:29:37.878",4624,"LAB3-11",Negotiate,892,"2025-04-20T07:30:53.8263683Z",5,Advapi,SYSTEM
"Apr 20, 2025 @ 12:29:30.667",4624,"LAB3-09",Negotiate,1072,"2025-04-20T07:30:46.8991474Z",5,Advapi,SYSTEM
"Apr 20, 2025 @ 12:29:20.749",4624,"DESKTOP-5JEIKFF",Negotiate,1016,"2025-04-20T07:29:20.4985672Z",5,Advapi,SYSTEM
"Apr 20, 2025 @ 12:28:16.147",4624,"LAB3-09",Negotiate,1072,"2025-04-20T07:29:32.3836481Z",5,Advapi,SYSTEM
"Apr 20, 2025 @ 12:26:10.584",4624,"LAB3-09",Negotiate,1072,"2025-04-20T07:27:26.8205738Z",5,Advapi,SYSTEM
"Apr 20, 2025 @ 12:25:25.633",4624,"CP-AKT-002912",Negotiate,880,"2025-04-20T07:26:42.5878231Z",5,Advapi,SYSTEM
"Apr 20, 2025 @ 12:25:25.632",4624,"CP-AKT-002912",Negotiate,880,"2025-04-20T07:26:41.8107302Z",5,Advapi,SYSTEM
"Apr 20, 2025 @ 12:25:17.820",4624,"LAB3-09",Negotiate,1072,"2025-04-20T07:26:34.6378965Z",5,Advapi,SYSTEM
"Apr 20, 2025 @ 12:25:17.820",4624,"LAB3-09",Negotiate,1072,"2025-04-20T07:26:34.0508583Z",5,Advapi,SYSTEM
"Apr 20, 2025 @ 12:24:10.250",4624,"LAB3-11",Negotiate,892,"2025-04-20T07:25:27.3184200Z",5,Advapi,SYSTEM
"Apr 20, 2025 @ 12:23:30.468",4624,"LAB3-09",Negotiate,1072,"2025-04-20T07:24:46.7089335Z",5,Advapi,SYSTEM
"Apr 20, 2025 @ 12:21:01.341",4624,"CP-AKT-002912",Negotiate,880,"2025-04-20T07:22:17.5270408Z",5,Advapi,SYSTEM
"Apr 20, 2025 @ 12:20:57.312",4624,"CP-AKT-002912",Negotiate,880,"2025-04-20T07:22:13.4955554Z",5,Advapi,SYSTEM
"Apr 20, 2025 @ 12:20:50.439",4624,"LAB3-09",Negotiate,1072,"2025-04-20T07:22:06.6755551Z",5,Advapi,SYSTEM
"Apr 20, 2025 @ 12:18:10.459",4624,"LAB3-09",Negotiate,1072,"2025-04-20T07:19:26.6868723Z",5,Advapi,SYSTEM
"Apr 20, 2025 @ 12:17:30.389",4624,"LAB3-10",Negotiate,1032,"2025-04-20T07:18:46.5587324Z",5,Advapi,SYSTEM
"Apr 20, 2025 @ 12:15:30.372",4624,"LAB3-09",Negotiate,1072,"2025-04-20T07:16:46.5974723Z",5,Advapi,SYSTEM
"Apr 20, 2025 @ 12:14:20.783",4624,"DESKTOP-5JEIKFF",Negotiate,1016,"2025-04-20T07:14:20.5147649Z",5,Advapi,SYSTEM
"Apr 20, 2025 @ 12:14:10.145",4624,"CP-AKT-002912",Negotiate,880,"2025-04-20T07:15:26.3170830Z",5,Advapi,SYSTEM
"Apr 20, 2025 @ 12:14:06.650",4624,"CP-AKT-002912",Negotiate,880,"2025-04-20T07:15:22.8098911Z",5,Advapi,SYSTEM
"Apr 20, 2025 @ 12:13:40.048",4624,"DESKTOP-5JEIKFF",Negotiate,1016,"2025-04-20T07:13:39.7941551Z",5,Advapi,SYSTEM
"Apr 20, 2025 @ 12:13:30.437",4624,"LAB3-09",Negotiate,1072,"2025-04-20T07:14:46.6374212Z",5,Advapi,SYSTEM
"Apr 20, 2025 @ 12:13:16.175",4624,"LAB3-09",Negotiate,1072,"2025-04-20T07:14:32.3719137Z",5,Advapi,SYSTEM
"Apr 20, 2025 @ 12:12:26.487",4624,"LAB3-10",Kerberos,1032,"2025-04-20T07:13:42.9998907Z",3,Kerberos,"LAB3-10$"
"Apr 20, 2025 @ 12:12:26.478",4624,"LAB3-10",Kerberos,1032,"2025-04-20T07:13:42.6336992Z",3,Kerberos,"LAB3-10$"
"Apr 20, 2025 @ 12:12:14.991",4624,"DESKTOP-5JEIKFF",Negotiate,1016,"2025-04-20T07:12:14.7085641Z",5,Advapi,SYSTEM
"Apr 20, 2025 @ 12:11:30.423",4624,"LAB3-09",Negotiate,1072,"2025-04-20T07:12:46.6164240Z",5,Advapi,SYSTEM
"Apr 20, 2025 @ 12:11:00.477",4624,"LAB3-10",Negotiate,1032,"2025-04-20T07:12:16.6346927Z",5,Advapi,SYSTEM
"Apr 20, 2025 @ 12:09:41.384",4624,"LAB3-18",Negotiate,948,"2025-04-20T07:10:57.5556313Z",5,Advapi,SYSTEM
"Apr 20, 2025 @ 12:09:30.342",4624,"LAB3-09",Negotiate,1072,"2025-04-20T07:10:46.5498101Z",5,Advapi,SYSTEM
"Apr 20, 2025 @ 12:06:36.624",4624,"CP-AKT-002912",Negotiate,880,"2025-04-20T07:07:52.8086114Z",5,Advapi,SYSTEM
"Apr 20, 2025 @ 12:06:10.299",4624,"LAB3-09",Negotiate,1072,"2025-04-20T07:07:26.5117680Z",5,Advapi,SYSTEM
"Apr 20, 2025 @ 12:06:04.380",4624,"CP-AKT-002912",Negotiate,880,"2025-04-20T07:07:20.5497857Z",5,Advapi,SYSTEM
"Apr 20, 2025 @ 12:05:51.598",4624,"LAB3-18",Kerberos,948,"2025-04-20T07:07:08.0645087Z",3,Kerberos,"LAB3-18$"
"Apr 20, 2025 @ 12:05:51.585",4624,"LAB3-18",Kerberos,948,"2025-04-20T07:07:07.7711123Z",3,Kerberos,"LAB3-18$"
"Apr 20, 2025 @ 12:04:43.805",4624,"LAB3-18",Negotiate,948,"2025-04-20T07:06:00.9143372Z",5,Advapi,SYSTEM
"Apr 20, 2025 @ 12:04:43.804",4624,"LAB3-18",Negotiate,948,"2025-04-20T07:06:00.0007256Z",5,Advapi,SYSTEM
"Apr 20, 2025 @ 12:04:34.726",4624,"LAB3-18",Negotiate,948,"2025-04-20T07:05:50.9308239Z",5,Advapi,SYSTEM
"Apr 20, 2025 @ 12:04:11.166",4624,"LAB3-18",Negotiate,948,"2025-04-20T07:05:28.2950954Z",5,Advapi,SYSTEM
"Apr 20, 2025 @ 12:04:11.165",4624,"LAB3-18",Negotiate,948,"2025-04-20T07:05:27.3498768Z",5,Advapi,SYSTEM
"Apr 20, 2025 @ 12:04:09.900",4624,"LAB3-18",Negotiate,948,"2025-04-20T07:05:26.3820329Z",5,Advapi,SYSTEM
"Apr 20, 2025 @ 12:04:09.884",4624,"LAB3-18",Negotiate,948,"2025-04-20T07:05:26.3798316Z",5,Advapi,SYSTEM
"Apr 20, 2025 @ 12:04:09.869",4624,"LAB3-18",Negotiate,948,"2025-04-20T07:05:26.3793248Z",5,Advapi,SYSTEM
"Apr 20, 2025 @ 12:04:09.853",4624,"LAB3-18",Negotiate,948,"2025-04-20T07:05:26.3783045Z",5,Advapi,SYSTEM
"Apr 20, 2025 @ 12:04:09.836",4624,"LAB3-18",Negotiate,948,"2025-04-20T07:05:26.3779196Z",5,Advapi,SYSTEM
"Apr 20, 2025 @ 12:04:09.823",4624,"LAB3-18",Negotiate,948,"2025-04-20T07:05:26.3770137Z",5,Advapi,SYSTEM
"Apr 20, 2025 @ 12:04:09.822",4624,"LAB3-18",Negotiate,948,"2025-04-20T07:05:26.0057273Z",5,Advapi,SYSTEM
"Apr 20, 2025 @ 12:04:08.807",4624,"LAB3-18",Negotiate,948,"2025-04-20T07:05:24.9932480Z",5,Advapi,SYSTEM
"Apr 20, 2025 @ 12:04:07.650",4624,"LAB3-18",Negotiate,948,"2025-04-20T07:05:23.7908634Z",5,Advapi,SYSTEM
"Apr 20, 2025 @ 12:04:07.635",4624,"LAB3-18",Negotiate,948,"2025-04-20T07:05:23.7869779Z",5,Advapi,SYSTEM
"Apr 20, 2025 @ 12:04:07.619",4624,"LAB3-18",Negotiate,948,"2025-04-20T07:05:23.7866028Z",5,Advapi,SYSTEM
"Apr 20, 2025 @ 12:04:07.602",4624,"LAB3-18",Negotiate,948,"2025-04-20T07:05:23.7853025Z",5,Advapi,SYSTEM
"Apr 20, 2025 @ 12:04:07.594",4624,"LAB3-18",Negotiate,948,"2025-04-20T07:05:23.7849288Z",5,Advapi,SYSTEM
"Apr 20, 2025 @ 12:04:07.593",4624,"LAB3-18",Negotiate,948,"2025-04-20T07:05:23.7833861Z",5,Advapi,SYSTEM
"Apr 20, 2025 @ 12:04:03.371",4624,"LAB3-18",Negotiate,948,"2025-04-20T07:05:19.5674619Z",5,Advapi,SYSTEM
"Apr 20, 2025 @ 12:03:19.150",4624,"LAB3-18",Negotiate,948,"2025-04-20T07:04:35.3359748Z",5,Advapi,SYSTEM
"Apr 20, 2025 @ 12:03:09.917",4624,"LAB3-10",Negotiate,1032,"2025-04-20T07:04:26.0986978Z",5,Advapi,SYSTEM
"Apr 20, 2025 @ 12:02:22.889",4624,"LAB3-09",Negotiate,1072,"2025-04-20T07:03:39.1221947Z",5,Advapi,SYSTEM
"Apr 20, 2025 @ 12:02:22.888",4624,"LAB3-09",Negotiate,1072,"2025-04-20T07:03:39.1209797Z",5,Advapi,SYSTEM
"Apr 20, 2025 @ 12:01:16.772",4624,"LAB3-11",Negotiate,892,"2025-04-20T07:03:00.3791452Z",5,Advapi,SYSTEM
"Apr 20, 2025 @ 12:00:05.077",4624,"LAB3-11",Negotiate,892,"2025-04-20T07:01:48.6891034Z",5,Advapi,SYSTEM
"Apr 20, 2025 @ 12:00:02.415",4624,"LAB3-09",Negotiate,1072,"2025-04-20T07:01:18.6559816Z",5,Advapi,SYSTEM
"Apr 20, 2025 @ 11:58:58.680",4624,"CP-AKT-002912",Negotiate,880,"2025-04-20T07:00:14.9109736Z",5,Advapi,SYSTEM
"Apr 20, 2025 @ 11:58:17.910",4624,"LAB3-18",Negotiate,948,"2025-04-20T06:59:34.1319439Z",5,Advapi,SYSTEM
"Apr 20, 2025 @ 11:58:16.108",4624,"LAB3-09",Negotiate,1072,"2025-04-20T06:59:32.3567322Z",5,Advapi,SYSTEM
"Apr 20, 2025 @ 11:58:10.162",4624,"LAB3-09",Negotiate,1072,"2025-04-20T06:59:26.4163239Z",5,Advapi,SYSTEM
"Apr 20, 2025 @ 11:58:07.364",4624,"LAB3-18",Negotiate,948,"2025-04-20T06:59:23.6350458Z",5,Advapi,SYSTEM
"Apr 20, 2025 @ 11:58:07.359",4624,"LAB3-18",Negotiate,948,"2025-04-20T06:59:23.5879792Z",5,Advapi,SYSTEM
"Apr 20, 2025 @ 11:57:30.232",4624,"LAB3-10",Negotiate,1032,"2025-04-20T06:58:46.4652238Z",5,Advapi,SYSTEM
"Apr 20, 2025 @ 11:56:34.688",4624,"LAB3-18",Negotiate,948,"2025-04-20T06:57:50.9377282Z",5,Advapi,SYSTEM
"Apr 20, 2025 @ 11:56:20.771",4624,"DESKTOP-5JEIKFF",Negotiate,1016,"2025-04-20T06:56:20.5386284Z",5,Advapi,SYSTEM
"Apr 20, 2025 @ 11:56:10.272",4624,"LAB3-10",Negotiate,1032,"2025-04-20T06:57:27.4749748Z",5,Advapi,SYSTEM
"Apr 20, 2025 @ 11:56:10.271",4624,"LAB3-10",Negotiate,1032,"2025-04-20T06:57:26.5147763Z",5,Advapi,SYSTEM
"Apr 20, 2025 @ 11:55:43.296",4624,"LAB3-11",Kerberos,892,"2025-04-20T06:56:50.9240770Z",3,Kerberos,"LAB3-11$"
"Apr 20, 2025 @ 11:55:43.288",4624,"LAB3-11",Kerberos,892,"2025-04-20T06:56:50.8392744Z",3,Kerberos,"LAB3-11$"
"Apr 20, 2025 @ 11:55:34.751",4624,"LAB3-09",Negotiate,1072,"2025-04-20T06:56:51.0194392Z",5,Advapi,SYSTEM
"Apr 20, 2025 @ 11:55:30.101",4624,"LAB3-09",Negotiate,1072,"2025-04-20T06:56:46.3691589Z",5,Advapi,SYSTEM
"Apr 20, 2025 @ 11:55:24.542",4624,"LAB3-11",Negotiate,892,"2025-04-20T06:56:25.5159154Z",5,Advapi,SYSTEM
"Apr 20, 2025 @ 11:53:30.095",4624,"LAB3-09",Negotiate,1072,"2025-04-20T06:54:46.3680747Z",5,Advapi,SYSTEM
"Apr 20, 2025 @ 11:52:54.561",4624,"CP-AKT-002912",Negotiate,880,"2025-04-20T06:54:11.3946085Z",5,Advapi,SYSTEM
"Apr 20, 2025 @ 11:52:54.557",4624,"CP-AKT-002912",Negotiate,880,"2025-04-20T06:54:10.8042368Z",5,Advapi,SYSTEM
"Apr 20, 2025 @ 11:52:02.775",4624,"LAB3-18",Negotiate,948,"2025-04-20T06:53:19.3309002Z",2,Advapi,"DWM-3"
"Apr 20, 2025 @ 11:52:02.759",4624,"LAB3-18",Negotiate,948,"2025-04-20T06:53:19.3308867Z",2,Advapi,"DWM-3"
"Apr 20, 2025 @ 11:52:02.727",4624,"LAB3-18",Negotiate,948,"2025-04-20T06:53:19.2994267Z",5,Advapi,SYSTEM
"Apr 20, 2025 @ 11:52:02.712",4624,"LAB3-18",Negotiate,948,"2025-04-20T06:53:19.2940614Z",2,Advapi,"UMFD-3"
"Apr 20, 2025 @ 11:52:02.689",4624,"LAB3-18",Negotiate,948,"2025-04-20T06:53:19.0959292Z",5,Advapi,SYSTEM
"Apr 20, 2025 @ 11:51:36.565",4624,"CP-AKT-002912",Negotiate,880,"2025-04-20T06:52:52.8158432Z",5,Advapi,SYSTEM
"Apr 20, 2025 @ 11:51:30.063",4624,"LAB3-09",Negotiate,1072,"2025-04-20T06:52:46.3393123Z",5,Advapi,SYSTEM
"Apr 20, 2025 @ 11:51:07.114",4624,"LAB3-18",Negotiate,948,"2025-04-20T06:52:23.3735352Z",5,Advapi,SYSTEM
"Apr 20, 2025 @ 11:50:47.785",4624,"CP-AKT-002912",Negotiate,880,"2025-04-20T06:52:04.0341551Z",5,Advapi,SYSTEM
"Apr 20, 2025 @ 11:50:21.646",4624,"DESKTOP-5JEIKFF",Negotiate,1016,"2025-04-20T06:50:21.4250143Z",5,Advapi,SYSTEM
"Apr 20, 2025 @ 11:49:43.585",4624,"LAB3-10",Negotiate,1032,"2025-04-20T06:51:00.4316132Z",5,Advapi,SYSTEM
"Apr 20, 2025 @ 11:49:43.581",4624,"LAB3-10",Negotiate,1032,"2025-04-20T06:51:00.0376973Z",5,Advapi,SYSTEM
"Apr 20, 2025 @ 11:49:43.574",4624,"LAB3-10",Negotiate,1032,"2025-04-20T06:50:59.8035399Z",5,Advapi,SYSTEM
"Apr 20, 2025 @ 11:49:42.202",4624,"LAB3-10",Negotiate,1032,"2025-04-20T06:50:58.4530130Z",5,Advapi,SYSTEM
"Apr 20, 2025 @ 11:49:30.111",4624,"LAB3-09",Negotiate,1072,"2025-04-20T06:50:46.3895140Z",5,Advapi,SYSTEM
"Apr 20, 2025 @ 11:49:10.983",4624,"CP-AKT-002912",Negotiate,880,"2025-04-20T06:50:27.2189133Z",5,Advapi,SYSTEM
"Apr 20, 2025 @ 11:48:13.813",4624,"CP-AKT-002912",Negotiate,880,"2025-04-20T06:49:30.0466942Z",5,Advapi,SYSTEM
"Apr 20, 2025 @ 11:47:28.244",4624,"LAB3-11",Negotiate,892,"2025-04-20T06:47:26.4454303Z",5,Advapi,SYSTEM
"Apr 20, 2025 @ 11:47:19.525",4624,"LAB3-11",Negotiate,892,"2025-04-20T06:47:18.5429285Z",5,Advapi,SYSTEM
"Apr 20, 2025 @ 11:47:19.509",4624,"LAB3-11",Negotiate,892,"2025-04-20T06:47:17.6643418Z",5,Advapi,SYSTEM
"Apr 20, 2025 @ 11:47:19.494",4624,"LAB3-11",Negotiate,892,"2025-04-20T06:47:17.6623235Z",5,Advapi,SYSTEM
"Apr 20, 2025 @ 11:47:19.478",4624,"LAB3-11",Negotiate,892,"2025-04-20T06:47:17.6618253Z",5,Advapi,SYSTEM
"Apr 20, 2025 @ 11:47:19.465",4624,"LAB3-11",Negotiate,892,"2025-04-20T06:47:17.6600516Z",5,Advapi,SYSTEM
"Apr 20, 2025 @ 11:47:19.465",4624,"LAB3-11",Negotiate,892,"2025-04-20T06:47:17.6606565Z",5,Advapi,SYSTEM
"Apr 20, 2025 @ 11:47:19.464",4624,"LAB3-11",Negotiate,892,"2025-04-20T06:47:17.6588069Z",5,Advapi,SYSTEM
"Apr 20, 2025 @ 11:47:17.983",4624,"LAB3-11",Negotiate,892,"2025-04-20T06:47:17.1855291Z",5,Advapi,SYSTEM
"Apr 20, 2025 @ 11:47:17.982",4624,"LAB3-11",Negotiate,892,"2025-04-20T06:47:16.1836521Z",5,Advapi,SYSTEM
"Apr 20, 2025 @ 11:47:16.568",4624,"LAB3-18",Negotiate,948,"2025-04-20T06:48:32.7917159Z",5,Advapi,SYSTEM
"Apr 20, 2025 @ 11:47:16.072",4624,"LAB3-11",Negotiate,892,"2025-04-20T06:47:14.2282426Z",5,Advapi,SYSTEM
"Apr 20, 2025 @ 11:47:16.057",4624,"LAB3-11",Negotiate,892,"2025-04-20T06:47:14.2227218Z",5,Advapi,SYSTEM
"Apr 20, 2025 @ 11:47:16.041",4624,"LAB3-11",Negotiate,892,"2025-04-20T06:47:14.2222991Z",5,Advapi,SYSTEM
"Apr 20, 2025 @ 11:47:16.030",4624,"LAB3-11",Negotiate,892,"2025-04-20T06:47:14.2210077Z",5,Advapi,SYSTEM
"Apr 20, 2025 @ 11:47:16.030",4624,"LAB3-11",Negotiate,892,"2025-04-20T06:47:14.2206278Z",5,Advapi,SYSTEM
"Apr 20, 2025 @ 11:47:16.028",4624,"LAB3-11",Negotiate,892,"2025-04-20T06:47:14.2179265Z",5,Advapi,SYSTEM
"Apr 20, 2025 @ 11:47:13.272",4624,"LAB3-11",Negotiate,892,"2025-04-20T06:47:12.3043360Z",5,Advapi,SYSTEM
"Apr 20, 2025 @ 11:47:13.266",4624,"LAB3-11",Negotiate,892,"2025-04-20T06:47:12.2429207Z",5,Advapi,SYSTEM
"Apr 20, 2025 @ 11:47:13.259",4624,"LAB3-11",Negotiate,892,"2025-04-20T06:47:11.5533883Z",5,Advapi,SYSTEM
"Apr 20, 2025 @ 11:47:13.258",4624,"LAB3-11",Negotiate,892,"2025-04-20T06:47:11.4615479Z",5,Advapi,SYSTEM
"Apr 20, 2025 @ 11:47:11.848",4624,"LAB3-11",Negotiate,892,"2025-04-20T06:47:10.0403950Z",5,Advapi,SYSTEM
"Apr 20, 2025 @ 11:47:10.230",4624,"LAB3-11",Kerberos,892,"2025-04-20T06:47:08.7625799Z",3,Kerberos,"LAB3-11$"
"Apr 20, 2025 @ 11:47:10.183",4624,"LAB3-11",Kerberos,892,"2025-04-20T06:47:08.5771751Z",3,Kerberos,"LAB3-11$"
"Apr 20, 2025 @ 11:47:10.137",4624,"LAB3-11",Kerberos,892,"2025-04-20T06:47:08.5128376Z",3,Kerberos,"LAB3-11$"
"Apr 20, 2025 @ 11:47:10.106",4624,"LAB3-11",Kerberos,892,"2025-04-20T06:47:08.4608040Z",3,Kerberos,"LAB3-11$"
"Apr 20, 2025 @ 11:47:10.090",4624,"LAB3-11",Negotiate,892,"2025-04-20T06:47:08.4229136Z",5,Advapi,SYSTEM
"Apr 20, 2025 @ 11:47:10.075",4624,"LAB3-11",Negotiate,892,"2025-04-20T06:47:08.3528550Z",5,Advapi,SYSTEM
"Apr 20, 2025 @ 11:47:10.059",4624,"LAB3-11",Negotiate,892,"2025-04-20T06:47:08.3508074Z",5,Advapi,SYSTEM
"Apr 20, 2025 @ 11:47:10.044",4624,"LAB3-11",Negotiate,892,"2025-04-20T06:47:08.3470459Z",5,Advapi,SYSTEM
"Apr 20, 2025 @ 11:47:10.029",4624,"LAB3-11",Negotiate,892,"2025-04-20T06:47:08.2438172Z",5,Advapi,SYSTEM
"Apr 20, 2025 @ 11:47:10.013",4624,"LAB3-11",Negotiate,892,"2025-04-20T06:47:08.2372874Z",5,Advapi,SYSTEM
"Apr 20, 2025 @ 11:46:23.670",4624,"LAB3-11",Negotiate,892,"2025-04-19T10:45:48.6205270Z",5,Advapi,SYSTEM
"Apr 20, 2025 @ 11:46:19.530",4624,"LAB3-11",Negotiate,892,"2025-04-19T10:45:44.4743427Z",5,Advapi,SYSTEM
"Apr 20, 2025 @ 11:46:10.054",4624,"LAB3-09",Negotiate,1072,"2025-04-20T06:47:26.3167336Z",5,Advapi,SYSTEM
"Apr 20, 2025 @ 11:45:11.377",4624,"LAB3-10",Negotiate,1032,"2025-04-20T06:46:27.8435653Z",5,Advapi,SYSTEM
"Apr 20, 2025 @ 11:45:11.377",4624,"LAB3-10",Negotiate,1032,"2025-04-20T06:46:27.5897058Z",5,Advapi,SYSTEM
"Apr 20, 2025 @ 11:44:59.260",4624,"LAB3-10",Negotiate,1032,"2025-04-20T06:46:15.4973748Z",5,Advapi,SYSTEM
"Apr 20, 2025 @ 11:44:55.760",4624,"LAB3-10",Negotiate,1032,"2025-04-20T06:46:12.0267273Z",5,Advapi,SYSTEM
"Apr 20, 2025 @ 11:44:55.759",4624,"LAB3-10",Negotiate,1032,"2025-04-20T06:46:11.9959686Z",5,Advapi,SYSTEM
"Apr 20, 2025 @ 11:44:35.036",4624,"LAB3-10",Negotiate,1032,"2025-04-20T06:45:52.1487528Z",5,Advapi,SYSTEM
"Apr 20, 2025 @ 11:44:35.035",4624,"LAB3-10",Negotiate,1032,"2025-04-20T06:45:51.2724108Z",5,Advapi,SYSTEM
"Apr 20, 2025 @ 11:44:33.187",4624,"LAB3-10",Negotiate,1032,"2025-04-20T06:45:50.2763669Z",5,Advapi,SYSTEM
"Apr 20, 2025 @ 11:44:33.172",4624,"LAB3-10",Negotiate,1032,"2025-04-20T06:45:50.2744911Z",5,Advapi,SYSTEM
"Apr 20, 2025 @ 11:44:33.156",4624,"LAB3-10",Negotiate,1032,"2025-04-20T06:45:50.2741027Z",5,Advapi,SYSTEM
"Apr 20, 2025 @ 11:44:33.141",4624,"LAB3-10",Negotiate,1032,"2025-04-20T06:45:50.2730778Z",5,Advapi,SYSTEM
"Apr 20, 2025 @ 11:44:33.126",4624,"LAB3-10",Negotiate,1032,"2025-04-20T06:45:50.2726647Z",5,Advapi,SYSTEM
"Apr 20, 2025 @ 11:44:33.122",4624,"LAB3-10",Negotiate,1032,"2025-04-20T06:45:50.2717689Z",5,Advapi,SYSTEM
"Apr 20, 2025 @ 11:44:33.116",4624,"LAB3-10",Negotiate,1032,"2025-04-20T06:45:49.3315932Z",5,Advapi,SYSTEM
"Apr 20, 2025 @ 11:44:32.654",4624,"LAB3-18",Negotiate,948,"2025-04-20T06:45:48.8903390Z",5,Advapi,SYSTEM
"Apr 20, 2025 @ 11:44:32.054",4624,"LAB3-10",Negotiate,1032,"2025-04-20T06:45:48.2921072Z",5,Advapi,SYSTEM
"Apr 20, 2025 @ 11:44:31.513",4624,"LAB3-18",Negotiate,948,"2025-04-20T06:45:47.7495528Z",5,Advapi,SYSTEM
"Apr 20, 2025 @ 11:44:30.970",4624,"LAB3-10",Negotiate,1032,"2025-04-20T06:45:47.1540628Z",5,Advapi,SYSTEM
"Apr 20, 2025 @ 11:44:30.955",4624,"LAB3-10",Negotiate,1032,"2025-04-20T06:45:47.1491840Z",5,Advapi,SYSTEM
"Apr 20, 2025 @ 11:44:30.938",4624,"LAB3-10",Negotiate,1032,"2025-04-20T06:45:47.1484139Z",5,Advapi,SYSTEM
"Apr 20, 2025 @ 11:44:30.924",4624,"LAB3-10",Negotiate,1032,"2025-04-20T06:45:47.1460146Z",5,Advapi,SYSTEM
"Apr 20, 2025 @ 11:44:30.919",4624,"LAB3-10",Negotiate,1032,"2025-04-20T06:45:47.1452377Z",5,Advapi,SYSTEM
"Apr 20, 2025 @ 11:44:30.914",4624,"LAB3-10",Negotiate,1032,"2025-04-20T06:45:47.1422661Z",5,Advapi,SYSTEM
"Apr 20, 2025 @ 11:44:26.392",4624,"LAB3-10",Negotiate,1032,"2025-04-20T06:45:42.7469191Z",5,Advapi,SYSTEM
"Apr 20, 2025 @ 11:44:26.387",4624,"LAB3-10",Negotiate,1032,"2025-04-20T06:45:42.6220495Z",5,Advapi,SYSTEM
"Apr 20, 2025 @ 11:44:24.767",4624,"LAB3-10",Negotiate,1032,"2025-04-20T06:45:41.2206790Z",5,Advapi,SYSTEM
"Apr 20, 2025 @ 11:44:24.761",4624,"LAB3-10",Negotiate,1032,"2025-04-20T06:45:40.9892688Z",5,Advapi,SYSTEM
"Apr 20, 2025 @ 11:44:17.566",4624,"LAB3-10",Negotiate,1032,"2025-04-20T06:45:33.7955497Z",5,Advapi,SYSTEM
"Apr 20, 2025 @ 11:43:30.018",4624,"LAB3-09",Negotiate,1072,"2025-04-20T06:44:46.2932972Z",5,Advapi,SYSTEM
"Apr 20, 2025 @ 11:41:51.333",4624,"LAB3-10",Negotiate,1032,"2025-04-20T06:43:08.2396243Z",5,Advapi,SYSTEM
"Apr 20, 2025 @ 11:41:51.318",4624,"LAB3-10",Negotiate,1032,"2025-04-20T06:43:07.7168945Z",5,Advapi,"SQLTELEMETRY$SQLEXPRESS"
"Apr 20, 2025 @ 11:41:51.286",4624,"LAB3-10",Negotiate,1032,"2025-04-20T06:43:07.5140832Z",5,Advapi,SQLTELEMETRY
"Apr 20, 2025 @ 11:41:49.943",4624,"LAB3-10",Negotiate,1032,"2025-04-20T06:43:06.1545801Z",5,Advapi,MSSQLSERVER
"Apr 20, 2025 @ 11:41:48.708",4624,"LAB3-10",Negotiate,1032,"2025-04-20T06:43:04.8844677Z",5,Advapi,"MSSQL$SQLEXPRESS"
"Apr 20, 2025 @ 11:41:38.114",4624,"LAB3-10",Negotiate,1032,"2025-04-20T06:42:54.3552519Z",5,Advapi,SYSTEM
"Apr 20, 2025 @ 11:41:30.710",4624,"LAB3-10",Kerberos,1032,"2025-04-20T06:42:47.0240772Z",3,Kerberos,"ADMANAGER$"
"Apr 20, 2025 @ 11:41:30.694",4624,"LAB3-10",NTLM,1032,"2025-04-20T06:42:47.0196915Z",3,NtLmSsp,"ADMANAGER$"
"Apr 20, 2025 @ 11:41:30.689",4624,"LAB3-10",Kerberos,1032,"2025-04-20T06:42:47.0048842Z",3,Kerberos,Administrator
"Apr 20, 2025 @ 11:41:30.684",4624,"LAB3-10",Kerberos,1032,"2025-04-20T06:42:46.9291516Z",3,Kerberos,Administrator
"Apr 20, 2025 @ 11:41:08.694",4624,"LAB3-10",Negotiate,1032,"2025-04-20T06:42:24.9502222Z",5,Advapi,SYSTEM
"Apr 20, 2025 @ 11:41:08.693",4624,"LAB3-10",Negotiate,1032,"2025-04-20T06:42:24.9375091Z",5,Advapi,SYSTEM
"Apr 20, 2025 @ 11:41:06.822",4624,"DESKTOP-5JEIKFF",Negotiate,1016,"2025-04-20T06:41:06.5985631Z",5,Advapi,SYSTEM
"Apr 20, 2025 @ 11:41:04.394",4624,"LAB3-09",Negotiate,1072,"2025-04-20T06:42:20.6876258Z",5,Advapi,SYSTEM
"Apr 20, 2025 @ 11:41:03.309",4624,"LAB3-09",Negotiate,1072,"2025-04-20T06:42:19.6051729Z",5,Advapi,SYSTEM
"Apr 20, 2025 @ 11:40:56.650",4624,"LAB3-10",Negotiate,1032,"2025-04-20T06:42:12.9290633Z",5,Advapi,SYSTEM
"Apr 20, 2025 @ 11:40:56.649",4624,"LAB3-10",Negotiate,1032,"2025-04-20T06:42:12.8982110Z",5,Advapi,SYSTEM
"Apr 20, 2025 @ 11:40:55.209",4624,"DESKTOP-5JEIKFF",Negotiate,1016,"2025-04-20T06:40:54.9858914Z",5,Advapi,SYSTEM
"Apr 20, 2025 @ 11:40:49.946",4624,"LAB3-09",Negotiate,1072,"2025-04-20T06:42:06.2488142Z",5,Advapi,SYSTEM
"Apr 20, 2025 @ 11:40:48.175",4624,"LAB3-10",Negotiate,1032,"2025-04-20T06:42:04.7576544Z",5,Advapi,SYSTEM
"Apr 20, 2025 @ 11:40:48.163",4624,"LAB3-10",Negotiate,1032,"2025-04-20T06:42:04.4589847Z",5,Advapi,SYSTEM
"Apr 20, 2025 @ 11:40:48.161",4624,"LAB3-10",Negotiate,1032,"2025-04-20T06:42:04.3964784Z",5,Advapi,SYSTEM
"Apr 20, 2025 @ 11:40:46.411",4624,"LAB3-10",Kerberos,1032,"2025-04-20T06:42:03.2109926Z",3,Kerberos,"LAB3-10$"
"Apr 20, 2025 @ 11:40:46.364",4624,"LAB3-10",Kerberos,1032,"2025-04-20T06:42:03.1482349Z",3,Kerberos,"LAB3-10$"
"Apr 20, 2025 @ 11:40:46.332",4624,"LAB3-10",Negotiate,1032,"2025-04-20T06:42:02.9591477Z",5,Advapi,SYSTEM
"Apr 20, 2025 @ 11:40:46.302",4624,"LAB3-10",Kerberos,1032,"2025-04-20T06:42:02.7958590Z",3,Kerberos,"LAB3-10$"
"Apr 20, 2025 @ 11:40:46.269",4624,"LAB3-10",Negotiate,1032,"2025-04-20T06:42:02.6793059Z",5,Advapi,SYSTEM
"Apr 20, 2025 @ 11:40:46.253",4624,"LAB3-10",Kerberos,1032,"2025-04-20T06:42:02.4916741Z",3,Kerberos,"LAB3-10$"
"Apr 20, 2025 @ 11:40:46.238",4624,"LAB3-10",Negotiate,1032,"2025-04-20T06:42:02.4821374Z",5,Advapi,SYSTEM
"Apr 20, 2025 @ 11:40:46.222",4624,"LAB3-10",Negotiate,1032,"2025-04-20T06:42:02.3815449Z",5,Advapi,SYSTEM
"Apr 20, 2025 @ 11:40:46.207",4624,"LAB3-10",Negotiate,1032,"2025-04-20T06:42:02.3250458Z",5,Advapi,SYSTEM
"Apr 20, 2025 @ 11:40:46.176",4624,"LAB3-10",Negotiate,1032,"2025-04-20T06:42:02.3136798Z",5,Advapi,SYSTEM
"Apr 20, 2025 @ 11:40:42.507",4624,"LAB3-10",Negotiate,1032,"2025-04-19T16:49:57.2859575Z",5,Advapi,SYSTEM
"Apr 20, 2025 @ 11:40:40.838",4624,"LAB3-09",Negotiate,1072,"2025-04-20T06:41:57.5822902Z",5,Advapi,SYSTEM
"Apr 20, 2025 @ 11:40:40.836",4624,"LAB3-09",Negotiate,1072,"2025-04-20T06:41:57.5799376Z",5,Advapi,SYSTEM
"Apr 20, 2025 @ 11:40:40.834",4624,"LAB3-09",Negotiate,1072,"2025-04-20T06:41:57.5795927Z",5,Advapi,SYSTEM
"Apr 20, 2025 @ 11:40:40.831",4624,"LAB3-09",Negotiate,1072,"2025-04-20T06:41:57.5783357Z",5,Advapi,SYSTEM
"Apr 20, 2025 @ 11:40:40.829",4624,"LAB3-09",Negotiate,1072,"2025-04-20T06:41:57.5779679Z",5,Advapi,SYSTEM
"Apr 20, 2025 @ 11:40:40.827",4624,"LAB3-09",Negotiate,1072,"2025-04-20T06:41:57.5769995Z",5,Advapi,SYSTEM
"Apr 20, 2025 @ 11:40:40.824",4624,"LAB3-09",Negotiate,1072,"2025-04-20T06:41:57.1152066Z",5,Advapi,SYSTEM
"Apr 20, 2025 @ 11:40:39.768",4624,"LAB3-09",Negotiate,1072,"2025-04-20T06:41:56.0688413Z",5,Advapi,SYSTEM
"Apr 20, 2025 @ 11:40:30.737",4624,"LAB3-11",Negotiate,892,"2025-04-19T10:39:40.6831264Z",2,User32,"bsit22f.0013"
"Apr 20, 2025 @ 11:40:30.737",4624,"LAB3-11",Negotiate,892,"2025-04-19T10:39:40.7064687Z",5,Advapi,SYSTEM
"Apr 20, 2025 @ 11:40:29.754",4624,"LAB3-10",Negotiate,1032,"2025-04-19T16:49:41.3263990Z",5,Advapi,SYSTEM
"Apr 20, 2025 @ 11:40:29.739",4624,"LAB3-10",Negotiate,1032,"2025-04-19T16:49:41.2848608Z",5,Advapi,SYSTEM
"Apr 20, 2025 @ 11:40:29.723",4624,"LAB3-10",Negotiate,1032,"2025-04-19T16:49:41.2848195Z",5,Advapi,SYSTEM
"Apr 20, 2025 @ 11:40:29.707",4625,"LAB3-10",Negotiate,1032,"2025-04-19T16:49:20.6216688Z",2,User32,"bsit22f.0020"
"Apr 20, 2025 @ 11:40:29.691",4624,"LAB3-10",Negotiate,1032,"2025-04-19T16:49:05.2273250Z",5,Advapi,SYSTEM
"Apr 20, 2025 @ 11:40:29.680",4624,"LAB3-10",Negotiate,1032,"2025-04-19T16:49:04.5403093Z",5,Advapi,SYSTEM
"Apr 20, 2025 @ 11:40:29.676",4624,"LAB3-10",Negotiate,1032,"2025-04-19T16:49:04.3915348Z",5,Advapi,SYSTEM
"Apr 20, 2025 @ 11:40:17.847",4624,"CP-AKT-002912",Negotiate,880,"2025-04-20T06:41:34.1173292Z",5,Advapi,SYSTEM
"Apr 20, 2025 @ 11:40:17.649",4624,"LAB3-09",Negotiate,1072,"2025-04-20T06:41:33.9278062Z",5,Advapi,SYSTEM
"Apr 20, 2025 @ 11:40:17.646",4624,"LAB3-09",Negotiate,1072,"2025-04-20T06:41:33.9252994Z",5,Advapi,SYSTEM
"Apr 20, 2025 @ 11:40:17.642",4624,"LAB3-09",Negotiate,1072,"2025-04-20T06:41:33.9249679Z",5,Advapi,SYSTEM
"Apr 20, 2025 @ 11:40:17.638",4624,"LAB3-09",Negotiate,1072,"2025-04-20T06:41:33.9236991Z",5,Advapi,SYSTEM
"Apr 20, 2025 @ 11:40:17.634",4624,"LAB3-09",Negotiate,1072,"2025-04-20T06:41:33.9233552Z",5,Advapi,SYSTEM
"Apr 20, 2025 @ 11:40:17.629",4624,"LAB3-09",Negotiate,1072,"2025-04-20T06:41:33.9221042Z",5,Advapi,SYSTEM
"Apr 20, 2025 @ 11:39:00.074",4624,"LAB3-18",Negotiate,948,"2025-04-20T06:40:16.3322814Z",5,Advapi,SYSTEM
"Apr 20, 2025 @ 11:38:55.948",4624,"LAB3-18",Negotiate,948,"2025-04-20T06:40:12.2139861Z",5,Advapi,SYSTEM
"Apr 20, 2025 @ 11:38:52.399",4624,"LAB3-18",Negotiate,948,"2025-04-20T06:40:08.6585936Z",5,Advapi,SYSTEM
"Apr 20, 2025 @ 11:38:09.942",4624,"LAB3-09",Negotiate,1072,"2025-04-20T06:39:26.2427828Z",5,Advapi,SYSTEM
"Apr 20, 2025 @ 11:35:49.456",4624,"LAB3-18",Negotiate,948,"2025-04-20T06:37:05.7327241Z",5,Advapi,SYSTEM
"Apr 20, 2025 @ 11:35:29.897",4624,"LAB3-09",Negotiate,1072,"2025-04-20T06:36:46.2153694Z",5,Advapi,SYSTEM
"Apr 20, 2025 @ 11:35:20.314",4624,"LAB3-09",Negotiate,1072,"2025-04-20T06:36:36.6358506Z",2,User32,"ics24f.0065"
"Apr 20, 2025 @ 11:35:10.292",4624,"LAB3-09",Negotiate,1072,"2025-04-20T06:36:26.6499282Z",5,Advapi,SYSTEM
"Apr 20, 2025 @ 11:35:10.291",4624,"LAB3-09",Negotiate,1072,"2025-04-20T06:36:26.6060540Z",5,Advapi,SYSTEM
"Apr 20, 2025 @ 11:35:02.630",4624,"CP-AKT-002912",Kerberos,880,"2025-04-20T06:36:19.2699894Z",3,Kerberos,"CP-AKT-002912$"
"Apr 20, 2025 @ 11:35:02.622",4624,"CP-AKT-002912",Kerberos,880,"2025-04-20T06:36:18.8827954Z",3,Kerberos,"CP-AKT-002912$"
"Apr 20, 2025 @ 11:34:42.819",4624,"DESKTOP-5JEIKFF",Negotiate,1016,"2025-04-20T06:34:42.5671727Z",5,Advapi,SYSTEM
"Apr 20, 2025 @ 11:34:08.966",4624,"DESKTOP-5JEIKFF",Negotiate,1016,"2025-04-20T06:34:08.7113034Z",5,Advapi,SYSTEM
"Apr 20, 2025 @ 11:33:42.405",4624,"DESKTOP-5JEIKFF",Negotiate,1016,"2025-04-20T06:33:42.1578096Z",5,Advapi,SYSTEM
"Apr 20, 2025 @ 11:33:29.845",4624,"LAB3-09",Negotiate,1072,"2025-04-20T06:34:46.1496273Z",5,Advapi,SYSTEM
"Apr 20, 2025 @ 11:31:36.049",4624,"LAB3-18",Negotiate,948,"2025-04-20T06:32:52.3342540Z",5,Advapi,SYSTEM
"Apr 20, 2025 @ 11:31:29.900",4624,"LAB3-09",Negotiate,1072,"2025-04-20T06:32:46.2295173Z",5,Advapi,SYSTEM
"Apr 20, 2025 @ 11:31:29.624",4624,"LAB3-18",Negotiate,948,"2025-04-20T06:32:45.9131813Z",5,Advapi,SYSTEM
"Apr 20, 2025 @ 11:29:29.961",4624,"CP-AKT-002912",Negotiate,880,"2025-04-20T06:30:46.2344424Z",2,Chrome,"bsit22f.0038"
"Apr 20, 2025 @ 11:29:29.798",4624,"LAB3-09",Negotiate,1072,"2025-04-20T06:30:46.1355174Z",5,Advapi,SYSTEM
"Apr 20, 2025 @ 11:29:20.718",4624,"DESKTOP-5JEIKFF",Negotiate,1016,"2025-04-20T06:29:20.4972591Z",5,Advapi,SYSTEM
"Apr 20, 2025 @ 11:29:16.041",4624,"LAB3-09",Kerberos,1072,"2025-04-20T06:30:32.5622154Z",3,Kerberos,"LAB3-09$"
"Apr 20, 2025 @ 11:29:16.031",4624,"LAB3-09",Kerberos,1072,"2025-04-20T06:30:32.3720997Z",3,Kerberos,"LAB3-09$"
"Apr 20, 2025 @ 11:28:56.242",4624,"CP-AKT-002912",Negotiate,880,"2025-04-20T06:30:12.5356511Z",5,Advapi,SYSTEM
"Apr 20, 2025 @ 11:28:23.389",4624,"LAB3-09",Negotiate,1072,"2025-04-20T06:29:39.7163460Z",5,Advapi,SYSTEM
"Apr 20, 2025 @ 11:28:23.385",4624,"LAB3-09",Negotiate,1072,"2025-04-20T06:29:39.7151578Z",5,Advapi,SYSTEM
"Apr 20, 2025 @ 11:28:06.423",4624,"LAB3-09",Negotiate,1072,"2025-04-20T06:29:22.7627624Z",5,Advapi,SYSTEM
"Apr 20, 2025 @ 11:27:30.597",4624,"LAB3-18",Negotiate,948,"2025-04-20T06:28:46.8956576Z",5,Advapi,SYSTEM
"Apr 20, 2025 @ 11:26:15.469",4624,"LAB3-18",Negotiate,948,"2025-04-20T06:27:33.4369130Z",5,Advapi,SYSTEM
"Apr 20, 2025 @ 11:25:57.039",4624,"LAB3-18",Negotiate,948,"2025-04-20T06:27:02.3802563Z",5,Advapi,SYSTEM
"Apr 20, 2025 @ 11:25:25.306",4624,"DESKTOP-5JEIKFF",Negotiate,1016,"2025-04-20T06:23:51.5881559Z",5,Advapi,SYSTEM
"Apr 20, 2025 @ 11:25:25.301",4624,"DESKTOP-5JEIKFF",Negotiate,1016,"2025-04-20T06:23:36.8998119Z",5,Advapi,SYSTEM
"Apr 20, 2025 @ 11:25:25.295",4624,"DESKTOP-5JEIKFF",Negotiate,1016,"2025-04-20T06:22:03.8471586Z",5,Advapi,SYSTEM
"Apr 20, 2025 @ 11:25:24.825",4624,"DESKTOP-5JEIKFF",Negotiate,1016,"2025-04-20T06:17:58.4685110Z",5,Advapi,SYSTEM
"Apr 20, 2025 @ 11:25:24.810",4624,"DESKTOP-5JEIKFF",Negotiate,1016,"2025-04-20T06:14:29.0674667Z",2,User32,Project
"Apr 20, 2025 @ 11:25:24.807",4624,"DESKTOP-5JEIKFF",Negotiate,1016,"2025-04-20T06:14:29.0674584Z",2,User32,Project
"Apr 20, 2025 @ 11:25:24.800",4624,"DESKTOP-5JEIKFF",Negotiate,1016,"2025-04-20T06:14:24.4243735Z",5,Advapi,SYSTEM
"Apr 20, 2025 @ 11:25:24.788",4624,"DESKTOP-5JEIKFF",Negotiate,1016,"2025-04-20T06:13:47.7896627Z",5,Advapi,SYSTEM
"Apr 20, 2025 @ 11:25:24.783",4624,"DESKTOP-5JEIKFF",Negotiate,1016,"2025-04-20T06:12:33.8463829Z",5,Advapi,SYSTEM
"Apr 20, 2025 @ 11:25:24.575",4624,"DESKTOP-5JEIKFF",Negotiate,1016,"2025-04-20T06:12:05.9192635Z",5,Advapi,SYSTEM
"Apr 20, 2025 @ 11:25:24.555",4624,"DESKTOP-5JEIKFF",Negotiate,1016,"2025-04-20T06:12:04.4143003Z",5,Advapi,SYSTEM
"Apr 20, 2025 @ 11:25:24.549",4624,"DESKTOP-5JEIKFF",Negotiate,1016,"2025-04-20T06:12:03.7778572Z",5,Advapi,SYSTEM
"Apr 20, 2025 @ 11:25:24.544",4624,"DESKTOP-5JEIKFF",Negotiate,1016,"2025-04-20T06:12:03.4169872Z",5,Advapi,SYSTEM
"Apr 20, 2025 @ 11:25:24.503",4624,"DESKTOP-5JEIKFF",Negotiate,1016,"2025-04-20T06:12:03.3424272Z",5,Advapi,SYSTEM
"Apr 20, 2025 @ 11:25:24.497",4624,"DESKTOP-5JEIKFF",Negotiate,1016,"2025-04-20T06:11:34.8758719Z",5,Advapi,SYSTEM
"Apr 20, 2025 @ 11:25:24.491",4624,"DESKTOP-5JEIKFF",Negotiate,1016,"2025-04-20T06:10:03.6723266Z",5,Advapi,SYSTEM
"Apr 20, 2025 @ 11:25:24.485",4624,"DESKTOP-5JEIKFF",Negotiate,1016,"2025-04-20T06:10:03.4321290Z",5,Advapi,SYSTEM
"Apr 20, 2025 @ 11:25:24.480",4624,"DESKTOP-5JEIKFF",Negotiate,1016,"2025-04-20T06:09:07.2303757Z",5,Advapi,SYSTEM
"Apr 20, 2025 @ 11:25:24.474",4624,"DESKTOP-5JEIKFF",Negotiate,1016,"2025-04-20T06:09:06.1328848Z",5,Advapi,SYSTEM
"Apr 20, 2025 @ 11:25:24.468",4624,"DESKTOP-5JEIKFF",Negotiate,1016,"2025-04-20T06:09:06.1046688Z",5,Advapi,SYSTEM
"Apr 20, 2025 @ 11:25:24.361",4624,"DESKTOP-5JEIKFF",Negotiate,1016,"2025-04-20T06:01:18.5920627Z",5,Advapi,SYSTEM
"Apr 20, 2025 @ 11:25:24.126",4624,"DESKTOP-5JEIKFF",Negotiate,1016,"2025-04-20T06:00:49.7461625Z",5,Advapi,SYSTEM
"Apr 20, 2025 @ 11:25:24.120",4624,"DESKTOP-5JEIKFF",Negotiate,1016,"2025-04-20T06:00:49.7232910Z",5,Advapi,SYSTEM
"Apr 20, 2025 @ 11:25:24.115",4624,"DESKTOP-5JEIKFF",Negotiate,1016,"2025-04-20T06:00:33.4524906Z",5,Advapi,SYSTEM
"Apr 20, 2025 @ 11:25:24.109",4624,"DESKTOP-5JEIKFF",Negotiate,1016,"2025-04-20T06:00:19.7932987Z",5,Advapi,SYSTEM
"Apr 20, 2025 @ 11:25:24.068",4624,"DESKTOP-5JEIKFF",Negotiate,1016,"2025-04-20T05:59:21.7639253Z",5,Advapi,SYSTEM
"Apr 20, 2025 @ 11:25:24.063",4624,"DESKTOP-5JEIKFF",Negotiate,1016,"2025-04-20T05:59:19.0567810Z",5,Advapi,SYSTEM
"Apr 20, 2025 @ 11:25:24.033",4624,"DESKTOP-5JEIKFF",Negotiate,1016,"2025-04-20T05:54:29.0579510Z",5,Advapi,SYSTEM
"Apr 20, 2025 @ 11:25:23.716",4624,"DESKTOP-5JEIKFF",Negotiate,1016,"2025-04-20T05:54:16.8358035Z",5,Advapi,SYSTEM
"Apr 20, 2025 @ 11:25:23.715",4624,"LAB3-09",Negotiate,1072,"2025-04-20T06:19:26.0595783Z",5,Advapi,SYSTEM
"Apr 20, 2025 @ 11:25:23.706",4624,"DESKTOP-5JEIKFF",Negotiate,1016,"2025-04-20T05:53:54.6215427Z",5,Advapi,SYSTEM
"Apr 20, 2025 @ 11:25:23.700",4624,"DESKTOP-5JEIKFF",Negotiate,1016,"2025-04-20T05:53:32.5139792Z",5,Advapi,SYSTEM
"Apr 20, 2025 @ 11:25:23.699",4624,"LAB3-09",Negotiate,1072,"2025-04-20T06:16:45.9890672Z",5,Advapi,SYSTEM
"Apr 20, 2025 @ 11:25:23.695",4624,"DESKTOP-5JEIKFF",Negotiate,1016,"2025-04-20T05:53:32.3582340Z",5,Advapi,SYSTEM
"Apr 20, 2025 @ 11:25:23.689",4624,"DESKTOP-5JEIKFF",Negotiate,1016,"2025-04-20T05:53:32.3577289Z",5,Advapi,SYSTEM
"Apr 20, 2025 @ 11:25:23.683",4624,"LAB3-09",Negotiate,1072,"2025-04-20T06:14:45.9690428Z",5,Advapi,SYSTEM
"Apr 20, 2025 @ 11:25:23.683",4624,"DESKTOP-5JEIKFF",Negotiate,1016,"2025-04-20T05:53:32.3563678Z",5,Advapi,SYSTEM
"Apr 20, 2025 @ 11:25:23.678",4624,"DESKTOP-5JEIKFF",Negotiate,1016,"2025-04-20T05:53:32.3558837Z",5,Advapi,SYSTEM
"Apr 20, 2025 @ 11:25:23.673",4624,"DESKTOP-5JEIKFF",Negotiate,1016,"2025-04-20T05:53:32.3549057Z",5,Advapi,SYSTEM
"Apr 20, 2025 @ 11:25:23.668",4624,"DESKTOP-5JEIKFF",Negotiate,1016,"2025-04-20T05:53:30.8414599Z",5,Advapi,SYSTEM
"Apr 20, 2025 @ 11:25:23.668",4624,"LAB3-09",Negotiate,1072,"2025-04-20T06:12:46.0035714Z",5,Advapi,SYSTEM
"Apr 20, 2025 @ 11:25:23.662",4624,"DESKTOP-5JEIKFF",Negotiate,1016,"2025-04-20T05:53:29.9607053Z",5,Advapi,SYSTEM
"Apr 20, 2025 @ 11:25:23.653",4624,"DESKTOP-5JEIKFF",Negotiate,1016,"2025-04-20T05:53:26.8454914Z",5,Advapi,SYSTEM
"Apr 20, 2025 @ 11:25:23.653",4624,"LAB3-09",Negotiate,1072,"2025-04-20T06:10:45.9903400Z",5,Advapi,SYSTEM
"Apr 20, 2025 @ 11:25:23.647",4624,"DESKTOP-5JEIKFF",Negotiate,1016,"2025-04-20T05:53:26.7836509Z",5,Advapi,SYSTEM
"Apr 20, 2025 @ 11:25:23.637",4624,"LAB3-09",Negotiate,1072,"2025-04-20T06:07:25.9453492Z",5,Advapi,SYSTEM
"Apr 20, 2025 @ 11:25:23.624",4624,"DESKTOP-5JEIKFF",Negotiate,1016,"2025-04-20T05:52:47.9183442Z",5,Advapi,SYSTEM
"Apr 20, 2025 @ 11:25:23.622",4624,"LAB3-09",Negotiate,1072,"2025-04-20T06:04:45.9209526Z",5,Advapi,SYSTEM
"Apr 20, 2025 @ 11:25:23.618",4624,"DESKTOP-5JEIKFF",Negotiate,1016,"2025-04-20T05:52:46.9758441Z",5,Advapi,SYSTEM
"Apr 20, 2025 @ 11:25:23.613",4624,"DESKTOP-5JEIKFF",Negotiate,1016,"2025-04-20T05:52:46.9714583Z",5,Advapi,SYSTEM
"Apr 20, 2025 @ 11:25:23.609",4624,"DESKTOP-5JEIKFF",Negotiate,1016,"2025-04-20T05:52:46.9710460Z",5,Advapi,SYSTEM
"Apr 20, 2025 @ 11:25:23.605",4624,"LAB3-09",Negotiate,1072,"2025-04-20T06:03:06.6020538Z",5,Advapi,SYSTEM
"Apr 20, 2025 @ 11:25:23.603",4624,"DESKTOP-5JEIKFF",Negotiate,1016,"2025-04-20T05:52:46.9697312Z",5,Advapi,SYSTEM
"Apr 20, 2025 @ 11:25:23.598",4624,"DESKTOP-5JEIKFF",Negotiate,1016,"2025-04-20T05:52:46.9693965Z",5,Advapi,SYSTEM
"Apr 20, 2025 @ 11:25:23.592",4624,"DESKTOP-5JEIKFF",Negotiate,1016,"2025-04-20T05:52:46.9679095Z",5,Advapi,SYSTEM
"Apr 20, 2025 @ 11:25:23.590",4624,"LAB3-09",Negotiate,1072,"2025-04-20T06:03:06.6010097Z",5,Advapi,SYSTEM
"Apr 20, 2025 @ 11:25:23.580",4624,"DESKTOP-5JEIKFF",Negotiate,1016,"2025-04-20T05:52:42.2722277Z",5,Advapi,SYSTEM
"Apr 20, 2025 @ 11:25:23.574",4624,"DESKTOP-5JEIKFF",Negotiate,1016,"2025-04-20T05:52:41.7953392Z",5,Advapi,SYSTEM
"Apr 20, 2025 @ 11:25:23.574",4624,"LAB3-09",Negotiate,1072,"2025-04-20T06:02:05.8361908Z",5,Advapi,SYSTEM
"Apr 20, 2025 @ 11:25:23.569",4624,"DESKTOP-5JEIKFF",Negotiate,1016,"2025-04-20T05:52:41.2210367Z",5,Advapi,SYSTEM
"Apr 20, 2025 @ 11:25:23.558",4624,"LAB3-09",Negotiate,1072,"2025-04-20T05:59:25.7855379Z",5,Advapi,SYSTEM
"Apr 20, 2025 @ 11:25:23.543",4624,"LAB3-09",Negotiate,1072,"2025-04-20T05:59:25.7052951Z",5,Advapi,SYSTEM
"Apr 20, 2025 @ 11:25:23.527",4624,"LAB3-09",Negotiate,1072,"2025-04-20T05:56:45.8290033Z",5,Advapi,SYSTEM
"Apr 20, 2025 @ 11:25:23.512",4624,"LAB3-09",Negotiate,1072,"2025-04-20T05:54:45.7207758Z",5,Advapi,SYSTEM
"Apr 20, 2025 @ 11:25:23.497",4624,"LAB3-09",Negotiate,1072,"2025-04-20T05:52:46.1692211Z",5,Advapi,SYSTEM
"Apr 20, 2025 @ 11:25:23.481",4624,"LAB3-09",Negotiate,1072,"2025-04-20T05:50:45.7825716Z",5,Advapi,SYSTEM
"Apr 20, 2025 @ 11:25:23.465",4624,"LAB3-09",Negotiate,1072,"2025-04-20T05:47:25.7144133Z",5,Advapi,SYSTEM
"Apr 20, 2025 @ 11:25:23.450",4624,"LAB3-09",Negotiate,1072,"2025-04-20T05:44:45.5070318Z",5,Advapi,SYSTEM
"Apr 20, 2025 @ 11:25:23.434",4624,"LAB3-09",Negotiate,1072,"2025-04-20T05:42:05.1932558Z",5,Advapi,SYSTEM
"Apr 20, 2025 @ 11:25:23.418",4624,"LAB3-09",Negotiate,1072,"2025-04-20T05:39:24.9157641Z",5,Advapi,SYSTEM
"Apr 20, 2025 @ 11:25:23.402",4624,"LAB3-09",Negotiate,1072,"2025-04-20T05:34:44.3452679Z",5,Advapi,SYSTEM
"Apr 20, 2025 @ 11:25:23.387",4624,"LAB3-09",Negotiate,1072,"2025-04-20T05:32:44.1485493Z",5,Advapi,SYSTEM
"Apr 20, 2025 @ 11:25:23.372",4624,"LAB3-09",Negotiate,1072,"2025-04-20T05:30:43.9612531Z",5,Advapi,SYSTEM
"Apr 20, 2025 @ 11:25:23.356",4624,"LAB3-09",Negotiate,1072,"2025-04-20T05:29:39.7462116Z",5,Advapi,SYSTEM
"Apr 20, 2025 @ 11:25:23.350",4624,"DESKTOP-5JEIKFF",Negotiate,1016,"2025-04-20T05:50:49.3432909Z",5,Advapi,SYSTEM
"Apr 20, 2025 @ 11:25:23.344",4624,"DESKTOP-5JEIKFF",Negotiate,1016,"2025-04-20T05:50:40.8799863Z",5,Advapi,SYSTEM
"Apr 20, 2025 @ 11:25:23.340",4624,"LAB3-09",Negotiate,1072,"2025-04-20T05:29:39.7450472Z",5,Advapi,SYSTEM
"Apr 20, 2025 @ 11:25:23.334",4624,"DESKTOP-5JEIKFF",Negotiate,1016,"2025-04-20T05:50:28.6008168Z",5,Advapi,SYSTEM
"Apr 20, 2025 @ 11:25:23.324",4624,"LAB3-09",Negotiate,1072,"2025-04-20T05:29:12.7057514Z",5,Advapi,SYSTEM
"Apr 20, 2025 @ 11:25:23.309",4624,"LAB3-09",Negotiate,1072,"2025-04-20T05:27:23.5771626Z",5,Advapi,SYSTEM
"Apr 20, 2025 @ 11:25:23.293",4624,"LAB3-09",Negotiate,1072,"2025-04-20T05:24:43.2506849Z",5,Advapi,SYSTEM
"Apr 20, 2025 @ 11:25:23.286",4624,"DESKTOP-5JEIKFF",Negotiate,1016,"2025-04-20T05:50:26.4780733Z",5,Advapi,SYSTEM
"Apr 20, 2025 @ 11:25:23.281",4624,"DESKTOP-5JEIKFF",Negotiate,1016,"2025-04-20T05:50:25.7699102Z",5,Advapi,SYSTEM
"Apr 20, 2025 @ 11:25:23.278",4624,"LAB3-09",Negotiate,1072,"2025-04-20T05:22:02.9046753Z",5,Advapi,SYSTEM
"Apr 20, 2025 @ 11:25:23.276",4624,"DESKTOP-5JEIKFF",Negotiate,1016,"2025-04-20T05:50:23.4116386Z",5,Advapi,SYSTEM
"Apr 20, 2025 @ 11:25:23.272",4624,"DESKTOP-5JEIKFF",Negotiate,1016,"2025-04-20T05:50:22.1809294Z",5,Advapi,SYSTEM
"Apr 20, 2025 @ 11:25:23.263",4624,"DESKTOP-5JEIKFF",Negotiate,1016,"2025-04-20T05:47:58.7120749Z",5,Advapi,SYSTEM
"Apr 20, 2025 @ 11:25:23.262",4624,"LAB3-09",Negotiate,1072,"2025-04-20T05:19:22.6388076Z",5,Advapi,SYSTEM
"Apr 20, 2025 @ 11:25:23.259",4624,"DESKTOP-5JEIKFF",Negotiate,1016,"2025-04-20T05:47:51.6620006Z",5,Advapi,SYSTEM
"Apr 20, 2025 @ 11:25:23.253",4624,"DESKTOP-5JEIKFF",Negotiate,1016,"2025-04-20T05:47:18.5691335Z",5,Advapi,SYSTEM
"Apr 20, 2025 @ 11:25:23.248",4624,"DESKTOP-5JEIKFF",Negotiate,1016,"2025-04-20T05:47:17.1681681Z",5,Advapi,SYSTEM
"Apr 20, 2025 @ 11:25:23.247",4624,"LAB3-09",Negotiate,1072,"2025-04-20T05:16:42.2978040Z",5,Advapi,SYSTEM
"Apr 20, 2025 @ 11:25:23.230",4624,"LAB3-09",Negotiate,1072,"2025-04-20T05:14:42.0876771Z",5,Advapi,SYSTEM
"Apr 20, 2025 @ 11:25:23.215",4624,"LAB3-09",Negotiate,1072,"2025-04-20T05:12:41.8706872Z",5,Advapi,SYSTEM
"Apr 20, 2025 @ 11:25:23.200",4624,"LAB3-09",Negotiate,1072,"2025-04-20T05:10:41.6454880Z",5,Advapi,SYSTEM
"Apr 20, 2025 @ 11:25:23.184",4624,"LAB3-09",Negotiate,1072,"2025-04-20T05:07:21.3053648Z",5,Advapi,SYSTEM
"Apr 20, 2025 @ 11:25:23.168",4624,"LAB3-09",Negotiate,1072,"2025-04-20T05:04:41.0170583Z",5,Advapi,SYSTEM
"Apr 20, 2025 @ 11:25:23.152",4624,"LAB3-09",Negotiate,1072,"2025-04-20T05:02:34.4763970Z",5,Advapi,SYSTEM
"Apr 20, 2025 @ 11:25:23.137",4624,"LAB3-09",Negotiate,1072,"2025-04-20T05:02:34.4752623Z",5,Advapi,SYSTEM
"Apr 20, 2025 @ 11:25:23.121",4624,"LAB3-09",Negotiate,1072,"2025-04-20T05:02:00.7561882Z",5,Advapi,SYSTEM
"Apr 20, 2025 @ 11:25:23.090",4624,"LAB3-09",Kerberos,1072,"2025-04-20T04:59:33.0915105Z",3,Kerberos,"LAB3-09$"
"Apr 20, 2025 @ 11:25:23.069",4624,"DESKTOP-5JEIKFF",Negotiate,1016,"2025-04-20T05:47:00.6682255Z",5,Advapi,SYSTEM
"Apr 20, 2025 @ 11:25:23.063",4624,"DESKTOP-5JEIKFF",Negotiate,1016,"2025-04-20T05:47:00.4952964Z",5,Advapi,SYSTEM
"Apr 20, 2025 @ 11:25:23.058",4624,"DESKTOP-5JEIKFF",Negotiate,1016,"2025-04-20T05:47:00.4479808Z",5,Advapi,SYSTEM
"Apr 20, 2025 @ 11:25:23.012",4624,"LAB3-09",Kerberos,1072,"2025-04-20T04:59:32.6492323Z",3,Kerberos,"LAB3-09$"
"Apr 20, 2025 @ 11:25:22.980",4624,"LAB3-09",Negotiate,1072,"2025-04-20T04:59:20.3571110Z",5,Advapi,SYSTEM
"Apr 20, 2025 @ 11:25:22.949",4624,"LAB3-09",Negotiate,1072,"2025-04-20T04:56:40.1298583Z",5,Advapi,SYSTEM
"Apr 20, 2025 @ 11:25:22.932",4624,"LAB3-18",Negotiate,948,"2025-04-20T06:25:06.8162576Z",5,Advapi,SYSTEM
"Apr 20, 2025 @ 11:25:22.918",4624,"LAB3-09",Negotiate,1072,"2025-04-20T04:54:39.8685194Z",5,Advapi,SYSTEM
"Apr 20, 2025 @ 11:25:22.901",4624,"LAB3-18",Negotiate,948,"2025-04-20T06:25:02.4000857Z",5,Advapi,SYSTEM
"Apr 20, 2025 @ 11:25:22.887",4624,"LAB3-09",Negotiate,1072,"2025-04-20T04:52:39.6827356Z",5,Advapi,SYSTEM
"Apr 20, 2025 @ 11:25:22.868",4624,"LAB3-18",Negotiate,948,"2025-04-20T06:21:38.1828191Z",5,Advapi,SYSTEM
"Apr 20, 2025 @ 11:25:22.856",4624,"LAB3-09",Negotiate,1072,"2025-04-20T04:50:39.3794127Z",5,Advapi,SYSTEM
"Apr 20, 2025 @ 11:25:22.838",4624,"LAB3-18",Negotiate,948,"2025-04-20T06:10:36.0652955Z",5,Advapi,SYSTEM
"Apr 20, 2025 @ 11:25:22.825",4624,"LAB3-09",Negotiate,1072,"2025-04-20T04:47:19.0807069Z",5,Advapi,SYSTEM
"Apr 20, 2025 @ 11:25:22.806",4624,"LAB3-18",Negotiate,948,"2025-04-20T06:09:31.1954804Z",5,Advapi,SYSTEM
"Apr 20, 2025 @ 11:25:22.794",4624,"LAB3-09",Negotiate,1072,"2025-04-20T04:44:38.7978098Z",5,Advapi,SYSTEM
"Apr 20, 2025 @ 11:25:22.762",4624,"LAB3-09",Negotiate,1072,"2025-04-20T04:41:58.5361436Z",5,Advapi,SYSTEM
"Apr 20, 2025 @ 11:25:22.759",4624,"LAB3-18",Negotiate,948,"2025-04-20T06:09:31.0424003Z",5,Advapi,SYSTEM
"Apr 20, 2025 @ 11:25:22.731",4624,"LAB3-09",Negotiate,1072,"2025-04-20T04:39:18.2041624Z",5,Advapi,SYSTEM
"Apr 20, 2025 @ 11:25:22.729",4624,"LAB3-18",Negotiate,948,"2025-04-20T06:09:30.6939153Z",5,Advapi,SYSTEM
"Apr 20, 2025 @ 11:25:22.700",4624,"LAB3-09",Negotiate,1072,"2025-04-20T04:36:37.8874384Z",5,Advapi,SYSTEM
"Apr 20, 2025 @ 11:25:22.697",4624,"LAB3-18",Negotiate,948,"2025-04-20T06:07:22.9076683Z",5,Advapi,SYSTEM
"Apr 20, 2025 @ 11:25:22.668",4624,"LAB3-09",Negotiate,1072,"2025-04-20T04:31:00.3232464Z",5,Advapi,SYSTEM
"Apr 20, 2025 @ 11:25:22.665",4624,"LAB3-18",Negotiate,948,"2025-04-20T06:04:52.4468914Z",5,Advapi,SYSTEM
"Apr 20, 2025 @ 11:25:22.637",4624,"LAB3-09",Negotiate,1072,"2025-04-20T04:31:00.3047450Z",5,Advapi,SYSTEM
"Apr 20, 2025 @ 11:25:22.634",4624,"LAB3-18",Negotiate,948,"2025-04-20T06:04:52.3506523Z",5,Advapi,SYSTEM
"Apr 20, 2025 @ 11:25:22.606",4624,"LAB3-09",Negotiate,1072,"2025-04-20T04:30:59.8241885Z",5,Advapi,SYSTEM
"Apr 20, 2025 @ 11:25:22.603",4624,"LAB3-18",Negotiate,948,"2025-04-20T06:02:02.1232133Z",5,Advapi,SYSTEM
"Apr 20, 2025 @ 11:25:22.575",4624,"LAB3-09",Negotiate,1072,"2025-04-20T04:30:57.3411569Z",5,Advapi,SYSTEM
"Apr 20, 2025 @ 11:25:22.572",4624,"LAB3-18",Negotiate,948,"2025-04-20T06:00:13.0268218Z",5,Advapi,SYSTEM
"Apr 20, 2025 @ 11:25:22.544",4624,"LAB3-09",Negotiate,1072,"2025-04-20T04:30:57.0671968Z",5,Advapi,SYSTEM
"Apr 20, 2025 @ 11:25:22.540",4624,"LAB3-18",Negotiate,948,"2025-04-20T05:59:36.5514424Z",5,Advapi,SYSTEM
"Apr 20, 2025 @ 11:25:22.512",4624,"LAB3-09",Negotiate,1072,"2025-04-20T04:29:40.8032367Z",5,Advapi,SYSTEM
"Apr 20, 2025 @ 11:25:22.509",4624,"LAB3-18",Negotiate,948,"2025-04-20T05:59:30.5873136Z",5,Advapi,SYSTEM
"Apr 20, 2025 @ 11:25:22.482",4624,"LAB3-09",Negotiate,1072,"2025-04-20T04:29:40.7561506Z",5,Advapi,SYSTEM
"Apr 20, 2025 @ 11:25:22.479",4624,"LAB3-18",Negotiate,948,"2025-04-20T05:56:30.7845879Z",5,Advapi,SYSTEM
"Apr 20, 2025 @ 11:25:22.450",4624,"LAB3-09",Negotiate,1072,"2025-04-20T04:29:40.7051562Z",5,Advapi,SYSTEM
"Apr 20, 2025 @ 11:25:22.431",4624,"LAB3-18",Negotiate,948,"2025-04-20T05:54:53.2326020Z",5,Advapi,SYSTEM
"Apr 20, 2025 @ 11:25:22.418",4624,"LAB3-09",Negotiate,1072,"2025-04-20T04:29:02.8853972Z",5,Advapi,SYSTEM
"Apr 20, 2025 @ 11:25:22.400",4624,"LAB3-18",Negotiate,948,"2025-04-20T05:54:38.6443891Z",5,Advapi,SYSTEM
"Apr 20, 2025 @ 11:25:22.388",4624,"LAB3-09",Negotiate,1072,"2025-04-20T04:29:02.8832195Z",5,Advapi,SYSTEM
"Apr 20, 2025 @ 11:25:22.369",4624,"LAB3-18",Negotiate,948,"2025-04-20T05:54:36.0889835Z",5,Advapi,SYSTEM
"Apr 20, 2025 @ 11:25:22.357",4624,"LAB3-09",Negotiate,1072,"2025-04-20T04:28:40.4048575Z",5,Advapi,SYSTEM
"Apr 20, 2025 @ 11:25:22.335",4624,"LAB3-18",Negotiate,948,"2025-04-20T05:54:36.0568357Z",5,Advapi,SYSTEM
"Apr 20, 2025 @ 11:25:22.326",4624,"LAB3-09",Negotiate,1072,"2025-04-20T04:28:40.3497340Z",5,Advapi,SYSTEM
"Apr 20, 2025 @ 11:25:22.304",4624,"LAB3-18",Negotiate,948,"2025-04-20T05:54:30.4042960Z",5,Advapi,SYSTEM
"Apr 20, 2025 @ 11:25:22.294",4624,"LAB3-09",Negotiate,1072,"2025-04-20T04:28:35.0689574Z",5,Advapi,SYSTEM
"Apr 20, 2025 @ 11:25:22.272",4624,"LAB3-18",Negotiate,948,"2025-04-20T05:54:30.2018770Z",5,Advapi,SYSTEM
"Apr 20, 2025 @ 11:25:22.263",4624,"LAB3-09",Negotiate,1072,"2025-04-20T04:24:18.8260665Z",5,Advapi,SYSTEM
"Apr 20, 2025 @ 11:25:22.241",4624,"LAB3-18",Negotiate,948,"2025-04-20T05:54:29.9312756Z",5,Advapi,SYSTEM
"Apr 20, 2025 @ 11:25:22.231",4624,"LAB3-09",Negotiate,1072,"2025-04-20T04:24:18.7804167Z",5,Advapi,SYSTEM
"Apr 20, 2025 @ 11:25:22.200",4624,"LAB3-09",Negotiate,1072,"2025-04-20T04:14:32.2256326Z",5,Advapi,SYSTEM
"Apr 20, 2025 @ 11:25:22.178",4624,"LAB3-18",Negotiate,948,"2025-04-20T05:53:22.1836996Z",5,Advapi,SYSTEM
"Apr 20, 2025 @ 11:25:22.168",4624,"LAB3-09",Negotiate,1072,"2025-04-20T04:12:37.3187919Z",5,Advapi,SYSTEM
"Apr 20, 2025 @ 11:25:22.147",4624,"LAB3-18",Negotiate,948,"2025-04-20T05:53:22.0179045Z",2,Advapi,"DWM-2"
"Apr 20, 2025 @ 11:25:22.137",4624,"LAB3-09",Negotiate,1072,"2025-04-20T03:59:32.2023289Z",5,Advapi,SYSTEM
"Apr 20, 2025 @ 11:25:22.106",4624,"LAB3-09",Negotiate,1072,"2025-04-20T03:57:57.0159857Z",5,Advapi,SYSTEM
"Apr 20, 2025 @ 11:25:22.100",4624,"LAB3-18",Negotiate,948,"2025-04-20T05:53:22.0178940Z",2,Advapi,"DWM-2"
"Apr 20, 2025 @ 11:25:22.075",4624,"LAB3-09",Negotiate,1072,"2025-04-20T03:57:57.0146999Z",5,Advapi,SYSTEM
"Apr 20, 2025 @ 11:25:22.044",4624,"LAB3-09",Negotiate,1072,"2025-04-20T03:52:37.3214430Z",5,Advapi,SYSTEM
"Apr 20, 2025 @ 11:25:22.038",4624,"LAB3-18",Negotiate,948,"2025-04-20T05:53:22.0166366Z",5,Advapi,SYSTEM
"Apr 20, 2025 @ 11:25:22.012",4624,"LAB3-09",Negotiate,1072,"2025-04-20T03:45:14.4814080Z",5,Advapi,SYSTEM
"Apr 20, 2025 @ 11:25:22.007",4624,"LAB3-18",Negotiate,948,"2025-04-20T05:53:21.9820269Z",2,Advapi,"UMFD-2"
"Apr 20, 2025 @ 11:25:21.986",4624,"DESKTOP-5JEIKFF",Negotiate,1016,"2025-04-20T05:46:32.6764702Z",5,Advapi,SYSTEM
"Apr 20, 2025 @ 11:25:21.981",4624,"LAB3-09",Negotiate,1072,"2025-04-20T03:44:32.1824726Z",5,Advapi,SYSTEM
"Apr 20, 2025 @ 11:25:21.978",4624,"DESKTOP-5JEIKFF",Negotiate,1016,"2025-04-20T05:46:24.9550709Z",5,Advapi,SYSTEM
"Apr 20, 2025 @ 11:25:21.950",4624,"LAB3-09",Negotiate,1072,"2025-04-20T03:32:37.2703108Z",5,Advapi,SYSTEM
"Apr 20, 2025 @ 11:25:21.944",4624,"LAB3-18",Negotiate,948,"2025-04-20T05:53:21.9194131Z",2,User32,"ics23F.0075"
"Apr 20, 2025 @ 11:25:21.887",4624,"LAB3-09",Kerberos,1072,"2025-04-20T03:28:33.4559567Z",3,Kerberos,"LAB3-09$"
"Apr 20, 2025 @ 11:25:21.882",4624,"LAB3-18",Negotiate,948,"2025-04-20T05:53:17.7196194Z",5,Advapi,SYSTEM
"Apr 20, 2025 @ 11:25:21.850",4624,"LAB3-18",Negotiate,948,"2025-04-20T05:53:17.4621426Z",2,Advapi,"ics23F.0075"
"Apr 20, 2025 @ 11:25:21.825",4624,"LAB3-09",Kerberos,1072,"2025-04-20T03:28:33.0983017Z",3,Kerberos,"LAB3-09$"
"Apr 20, 2025 @ 11:25:21.802",4625,"LAB3-18",Negotiate,948,"2025-04-20T05:51:30.5469043Z",2,User32,"ics23F.0075"
"Apr 20, 2025 @ 11:25:21.794",4624,"LAB3-09",Negotiate,1072,"2025-04-20T03:14:24.6702699Z",5,Advapi,SYSTEM
"Apr 20, 2025 @ 11:25:21.770",4625,"LAB3-18",Negotiate,948,"2025-04-20T05:49:42.4328234Z",2,User32,"ics23F.0075"
"Apr 20, 2025 @ 11:25:21.754",4625,"LAB3-18",Negotiate,948,"2025-04-20T05:48:15.9985558Z",2,User32,"ics23F.0075"
"Apr 20, 2025 @ 11:25:21.747",4624,"LAB3-09",Negotiate,1072,"2025-04-20T03:12:37.3058740Z",5,Advapi,SYSTEM
"Apr 20, 2025 @ 11:25:21.716",4624,"LAB3-09",Negotiate,1072,"2025-04-20T02:57:29.0292086Z",5,Advapi,SYSTEM
"Apr 20, 2025 @ 11:25:21.684",4624,"LAB3-09",Negotiate,1072,"2025-04-20T02:57:28.4387432Z",5,Advapi,SYSTEM
"Apr 20, 2025 @ 11:25:21.653",4624,"LAB3-09",Negotiate,1072,"2025-04-20T02:57:25.0574135Z",5,Advapi,SYSTEM
"Apr 20, 2025 @ 11:25:21.622",4624,"LAB3-09",Negotiate,1072,"2025-04-20T02:56:46.0400619Z",5,Advapi,SYSTEM
"Apr 20, 2025 @ 11:25:21.598",4624,"LAB3-18",Kerberos,948,"2025-04-20T05:47:00.1940666Z",3,Kerberos,"ADMANAGER$"
"Apr 20, 2025 @ 11:25:21.591",4624,"LAB3-09",Negotiate,1072,"2025-04-20T02:54:57.3150911Z",5,Advapi,SYSTEM
"Apr 20, 2025 @ 11:25:21.567",4624,"LAB3-18",NTLM,948,"2025-04-20T05:47:00.1858119Z",3,NtLmSsp,"ADMANAGER$"
"Apr 20, 2025 @ 11:25:21.559",4624,"LAB3-09",Negotiate,1072,"2025-04-20T02:54:57.3138917Z",5,Advapi,SYSTEM
"Apr 20, 2025 @ 11:25:21.536",4624,"LAB3-18",Kerberos,948,"2025-04-20T05:47:00.1513542Z",3,Kerberos,Administrator
"Apr 20, 2025 @ 11:25:21.528",4624,"LAB3-09",Negotiate,1072,"2025-04-20T02:52:37.4365687Z",5,Advapi,SYSTEM
"Apr 20, 2025 @ 11:25:21.505",4624,"LAB3-18",Kerberos,948,"2025-04-20T05:47:00.1329193Z",3,Kerberos,Administrator
"Apr 20, 2025 @ 11:25:21.497",4624,"LAB3-09",Negotiate,1072,"2025-04-20T02:40:24.0453145Z",5,Advapi,SYSTEM
"Apr 20, 2025 @ 11:25:21.474",4624,"DESKTOP-5JEIKFF",Negotiate,1016,"2025-04-20T05:46:15.0211065Z",5,Advapi,SYSTEM
"Apr 20, 2025 @ 11:25:21.468",4624,"DESKTOP-5JEIKFF",Negotiate,1016,"2025-04-20T05:46:13.2460184Z",5,Advapi,SYSTEM
"Apr 20, 2025 @ 11:25:21.458",4625,"LAB3-18",Negotiate,948,"2025-04-20T05:46:14.0420289Z",2,User32,"ics23F.0075"
"Apr 20, 2025 @ 11:25:21.450",4624,"LAB3-09",Negotiate,1072,"2025-04-20T02:39:19.0634504Z",5,Advapi,SYSTEM
"Apr 20, 2025 @ 11:25:21.435",4624,"LAB3-09",Negotiate,1072,"2025-04-20T02:39:18.8936425Z",5,Advapi,SYSTEM
"Apr 20, 2025 @ 11:25:21.427",4624,"LAB3-18",Negotiate,948,"2025-04-20T05:44:27.9898115Z",5,Advapi,SYSTEM
"Apr 20, 2025 @ 11:25:21.395",4624,"LAB3-18",Negotiate,948,"2025-04-20T05:44:23.6434326Z",5,Advapi,SYSTEM
"Apr 20, 2025 @ 11:25:21.388",4624,"LAB3-09",Negotiate,1072,"2025-04-20T02:35:31.5882613Z",2,User32,"ics24f.0065"
"Apr 20, 2025 @ 11:25:21.364",4624,"LAB3-18",Negotiate,948,"2025-04-20T05:42:22.7361836Z",5,Advapi,SYSTEM
"Apr 20, 2025 @ 11:25:21.341",4625,"LAB3-09",Negotiate,1072,"2025-04-20T02:35:20.4391936Z",2,User32,"ics24f.0065"
"Apr 20, 2025 @ 11:25:21.333",4624,"LAB3-18",Negotiate,948,"2025-04-20T05:42:21.4126584Z",5,Advapi,SYSTEM
"Apr 20, 2025 @ 11:25:21.325",4624,"LAB3-09",Negotiate,1072,"2025-04-20T02:35:19.5441814Z",5,Advapi,SYSTEM
"Apr 20, 2025 @ 11:25:21.302",4624,"LAB3-18",Negotiate,948,"2025-04-20T05:42:21.0998892Z",5,Advapi,SYSTEM
"Apr 20, 2025 @ 11:25:21.294",4624,"LAB3-09",Negotiate,1072,"2025-04-20T02:34:44.6933172Z",5,Advapi,SYSTEM
"Apr 20, 2025 @ 11:25:21.269",4624,"LAB3-18",Negotiate,948,"2025-04-20T05:42:21.0687805Z",5,Advapi,SYSTEM
"Apr 20, 2025 @ 11:25:21.247",4624,"LAB3-09",Negotiate,1072,"2025-04-20T02:34:44.6626831Z",5,Advapi,SYSTEM
"Apr 20, 2025 @ 11:25:21.236",4624,"LAB3-18",Negotiate,948,"2025-04-20T05:42:20.9799348Z",5,Advapi,SYSTEM
"Apr 20, 2025 @ 11:25:21.205",4624,"LAB3-18",Negotiate,948,"2025-04-20T05:40:50.0780458Z",5,Advapi,SYSTEM
"Apr 20, 2025 @ 11:25:21.185",4624,"LAB3-09",Negotiate,1072,"2025-04-20T02:33:13.8983328Z",5,Advapi,SYSTEM
"Apr 20, 2025 @ 11:25:21.158",4625,"LAB3-18",Negotiate,948,"2025-04-20T05:38:32.9790985Z",2,User32,"ahadlal87842@gmail.com"
"Apr 20, 2025 @ 11:25:21.153",4624,"LAB3-09",Negotiate,1072,"2025-04-20T02:33:13.8913542Z",5,Advapi,SYSTEM
"Apr 20, 2025 @ 11:25:21.138",4624,"LAB3-09",Negotiate,1072,"2025-04-20T02:32:37.4241270Z",5,Advapi,SYSTEM
"Apr 20, 2025 @ 11:25:21.127",4625,"LAB3-18",Negotiate,948,"2025-04-20T05:37:13.7407668Z",2,User32,"ahadlal87842@gmail.com"
"Apr 20, 2025 @ 11:25:21.111",4625,"LAB3-18",Negotiate,948,"2025-04-20T05:36:03.1715795Z",2,User32,"ahadlal87842@gmail.com"
"Apr 20, 2025 @ 11:25:21.107",4624,"LAB3-09",Negotiate,1072,"2025-04-20T02:31:52.2648926Z",5,Advapi,SYSTEM
"Apr 20, 2025 @ 11:25:21.080",4625,"LAB3-18",Negotiate,948,"2025-04-20T05:35:10.8385054Z",2,User32,"ics.23-fw0.0075"
"Apr 20, 2025 @ 11:25:21.075",4624,"LAB3-09",Negotiate,1072,"2025-04-20T02:30:53.2573924Z",5,Advapi,SYSTEM
"Apr 20, 2025 @ 11:25:21.049",4625,"LAB3-18",Negotiate,948,"2025-04-20T05:34:58.4268202Z",2,User32,"ics.23-fw0.0075"
"Apr 20, 2025 @ 11:25:21.044",4624,"LAB3-09",Negotiate,1072,"2025-04-20T02:30:53.1126570Z",5,Advapi,SYSTEM
"Apr 20, 2025 @ 11:25:21.018",4625,"LAB3-18",Negotiate,948,"2025-04-20T05:34:20.1695888Z",2,User32,"ics23-f0.0075"
"Apr 20, 2025 @ 11:25:21.015",4624,"DESKTOP-5JEIKFF",Negotiate,1016,"2025-04-20T05:46:08.9610743Z",5,Advapi,SYSTEM
"Apr 20, 2025 @ 11:25:21.013",4624,"LAB3-09",Negotiate,1072,"2025-04-20T02:30:53.0851051Z",5,Advapi,SYSTEM
"Apr 20, 2025 @ 11:25:21.002",4625,"LAB3-18",Negotiate,948,"2025-04-20T05:33:50.9350396Z",2,User32,"ics23-f00075"
"Apr 20, 2025 @ 11:25:20.982",4624,"LAB3-09",Negotiate,1072,"2025-04-20T02:30:53.0465400Z",5,Advapi,SYSTEM
"Apr 20, 2025 @ 11:25:20.971",4625,"LAB3-18",Negotiate,948,"2025-04-20T05:32:43.4745049Z",2,User32,"LAB3-18"
"Apr 20, 2025 @ 11:25:20.956",4624,"LAB3-18",Negotiate,948,"2025-04-20T05:31:49.4036887Z",5,Advapi,SYSTEM
"Apr 20, 2025 @ 11:25:20.950",4624,"LAB3-09",Negotiate,1072,"2025-04-20T02:30:48.1168585Z",5,Advapi,SYSTEM
"Apr 20, 2025 @ 11:25:20.924",4624,"LAB3-18",Negotiate,948,"2025-04-20T05:31:36.0759255Z",5,Advapi,SYSTEM
"Apr 20, 2025 @ 11:25:20.919",4624,"LAB3-09",Negotiate,1072,"2025-04-20T02:29:37.9064971Z",5,Advapi,SYSTEM
"Apr 20, 2025 @ 11:25:20.915",4624,"DESKTOP-5JEIKFF",Negotiate,1016,"2025-04-20T05:45:50.4777594Z",5,Advapi,SYSTEM
"Apr 20, 2025 @ 11:25:20.893",4624,"LAB3-18",Negotiate,948,"2025-04-20T05:30:51.8345630Z",5,Advapi,SYSTEM
"Apr 20, 2025 @ 11:25:20.888",4624,"LAB3-09",Negotiate,1072,"2025-04-20T02:29:18.8412369Z",5,Advapi,SYSTEM
"Apr 20, 2025 @ 11:25:20.877",4624,"DESKTOP-5JEIKFF",Negotiate,1016,"2025-04-20T05:45:24.3718052Z",2,User32,Project
"Apr 20, 2025 @ 11:25:20.874",4624,"DESKTOP-5JEIKFF",Negotiate,1016,"2025-04-20T05:45:24.3717954Z",2,User32,Project
"Apr 20, 2025 @ 11:25:20.857",4624,"LAB3-09",Negotiate,1072,"2025-04-20T02:26:55.9126093Z",5,Advapi,SYSTEM
"Apr 20, 2025 @ 11:25:20.848",4624,"DESKTOP-5JEIKFF",Negotiate,1016,"2025-04-20T05:45:22.6914651Z",5,Advapi,SYSTEM
"Apr 20, 2025 @ 11:25:20.846",4624,"LAB3-18",Negotiate,948,"2025-04-20T05:29:49.9261625Z",5,Advapi,SYSTEM
"Apr 20, 2025 @ 11:25:20.842",4624,"DESKTOP-5JEIKFF",Negotiate,1016,"2025-04-20T05:45:10.8658557Z",5,Advapi,SYSTEM
"Apr 20, 2025 @ 11:25:20.837",4624,"DESKTOP-5JEIKFF",Negotiate,1016,"2025-04-20T05:45:09.1219847Z",5,Advapi,SYSTEM
"Apr 20, 2025 @ 11:25:20.827",4624,"DESKTOP-5JEIKFF",Negotiate,1016,"2025-04-20T05:44:59.2219188Z",5,Advapi,SYSTEM
"Apr 20, 2025 @ 11:25:20.826",4624,"LAB3-09",Negotiate,1072,"2025-04-20T02:26:19.1605632Z",5,Advapi,SYSTEM
"Apr 20, 2025 @ 11:25:20.815",4624,"LAB3-18",Negotiate,948,"2025-04-20T05:29:39.4769320Z",5,Advapi,SYSTEM
"Apr 20, 2025 @ 11:25:20.784",4624,"LAB3-18",Negotiate,948,"2025-04-20T05:29:38.4992149Z",5,Advapi,SYSTEM
"Apr 20, 2025 @ 11:25:20.764",4624,"LAB3-09",Negotiate,1072,"2025-04-20T02:24:44.4646498Z",5,Advapi,SYSTEM
"Apr 20, 2025 @ 11:25:20.750",4624,"LAB3-18",Negotiate,948,"2025-04-20T05:29:35.4486449Z",5,Advapi,SYSTEM
"Apr 20, 2025 @ 11:25:20.732",4624,"LAB3-09",Negotiate,1072,"2025-04-20T02:24:40.8309924Z",5,Advapi,SYSTEM
"Apr 20, 2025 @ 11:25:20.719",4624,"LAB3-18",Negotiate,948,"2025-04-20T05:29:35.3702560Z",5,Advapi,SYSTEM
"Apr 20, 2025 @ 11:25:20.701",4624,"LAB3-09",Negotiate,1072,"2025-04-20T02:24:40.8076928Z",5,Advapi,SYSTEM
"Apr 20, 2025 @ 11:25:20.670",4624,"LAB3-09",Negotiate,1072,"2025-04-20T02:24:36.9918294Z",5,Advapi,SYSTEM
"Apr 20, 2025 @ 11:25:20.657",4624,"LAB3-18",Kerberos,948,"2025-04-20T05:29:32.9573140Z",3,Kerberos,"LAB3-18$"
"Apr 20, 2025 @ 11:25:20.640",4624,"LAB3-09",Negotiate,1072,"2025-04-20T02:24:26.1416396Z",5,Advapi,SYSTEM
"Apr 20, 2025 @ 11:25:20.607",4624,"LAB3-09",Negotiate,1072,"2025-04-20T02:24:26.1398652Z",5,Advapi,SYSTEM
"Apr 20, 2025 @ 11:25:20.576",4624,"LAB3-09",Negotiate,1072,"2025-04-20T02:24:24.1543804Z",5,Advapi,SYSTEM
"Apr 20, 2025 @ 11:25:20.564",4624,"LAB3-18",Kerberos,948,"2025-04-20T05:29:32.9018370Z",3,Kerberos,"LAB3-18$"
"Apr 20, 2025 @ 11:25:20.545",4624,"LAB3-09",Negotiate,1072,"2025-04-20T02:24:24.1209426Z",5,Advapi,SYSTEM
"Apr 20, 2025 @ 11:25:20.501",4624,"LAB3-18",Negotiate,948,"2025-04-20T05:29:32.8509634Z",5,Advapi,SYSTEM
"Apr 20, 2025 @ 11:25:20.498",4624,"LAB3-09",Negotiate,1072,"2025-04-20T02:24:21.4534582Z",5,Advapi,SYSTEM
"Apr 20, 2025 @ 11:25:20.470",4624,"LAB3-18",Negotiate,948,"2025-04-20T05:29:32.7208000Z",5,Advapi,SYSTEM
"Apr 20, 2025 @ 11:25:20.467",4624,"LAB3-09",Negotiate,1072,"2025-04-20T02:24:19.5779468Z",5,Advapi,SYSTEM
"Apr 20, 2025 @ 11:25:20.438",4624,"LAB3-18",Negotiate,948,"2025-04-20T05:29:32.6939956Z",5,Advapi,SYSTEM
"Apr 20, 2025 @ 11:25:20.436",4624,"LAB3-09",Negotiate,1072,"2025-04-20T02:24:18.6911645Z",5,Advapi,SYSTEM
"Apr 20, 2025 @ 11:25:20.405",4624,"LAB3-09",Negotiate,1072,"2025-04-20T02:24:18.4656662Z",5,Advapi,SYSTEM
"Apr 20, 2025 @ 11:25:20.373",4624,"LAB3-09",Negotiate,1072,"2025-04-20T02:24:18.4645153Z",5,Advapi,SYSTEM
"Apr 20, 2025 @ 11:25:20.357",4624,"LAB3-09",Negotiate,1072,"2025-04-20T02:24:18.1573889Z",5,Advapi,SYSTEM
"Apr 20, 2025 @ 11:25:20.345",4624,"LAB3-18",Negotiate,948,"2025-04-19T16:34:28.0238800Z",5,Advapi,SYSTEM
"Apr 20, 2025 @ 11:25:20.326",4624,"LAB3-09",Negotiate,1072,"2025-04-20T02:23:52.9126124Z",2,User32,"ics24f.0065"
"Apr 20, 2025 @ 11:25:20.264",4624,"LAB3-09",Negotiate,1072,"2025-04-20T02:23:51.0481692Z",5,Advapi,SYSTEM
"Apr 20, 2025 @ 11:25:20.232",4624,"LAB3-09",Negotiate,1072,"2025-04-20T02:23:50.6627673Z",2,Advapi,"ics24f.0065"
"Apr 20, 2025 @ 11:25:20.187",4624,"LAB3-18",Kerberos,948,"2025-04-19T16:32:43.1836596Z",3,Kerberos,"ADMANAGER$"
"Apr 20, 2025 @ 11:25:20.170",4625,"LAB3-09",Negotiate,1072,"2025-04-20T02:22:00.9126558Z",2,User32,"ics24f.0065"
"Apr 20, 2025 @ 11:25:20.155",4624,"LAB3-18",NTLM,948,"2025-04-19T16:32:43.1806697Z",3,NtLmSsp,"ADMANAGER$"
"Apr 20, 2025 @ 11:25:20.139",4625,"LAB3-09",Negotiate,1072,"2025-04-20T02:20:43.0990638Z",2,User32,"ics24f.0065"
"Apr 20, 2025 @ 11:25:20.124",4624,"LAB3-18",Kerberos,948,"2025-04-19T16:32:43.1697600Z",3,Kerberos,Administrator
"Apr 20, 2025 @ 11:25:20.108",4624,"LAB3-09",Negotiate,1072,"2025-04-20T02:12:37.4282761Z",5,Advapi,SYSTEM
"Apr 20, 2025 @ 11:25:20.093",4624,"LAB3-18",NTLM,948,"2025-04-19T16:32:43.1623007Z",3,NtLmSsp,Administrator
"Apr 20, 2025 @ 11:25:20.076",4624,"LAB3-09",Negotiate,1072,"2025-04-20T02:02:14.9705415Z",5,Advapi,SYSTEM
"Apr 20, 2025 @ 11:25:20.062",4624,"LAB3-18",Negotiate,948,"2025-04-19T16:32:01.7793707Z",5,Advapi,SYSTEM
"Apr 20, 2025 @ 11:25:20.045",4624,"LAB3-09",Negotiate,1072,"2025-04-20T02:02:14.1045974Z",5,Advapi,SYSTEM
"Apr 20, 2025 @ 11:25:19.983",4624,"LAB3-09",Kerberos,1072,"2025-04-20T01:57:32.8907851Z",3,Kerberos,"LAB3-09$"
"Apr 20, 2025 @ 11:25:19.952",4624,"LAB3-18",Kerberos,948,"2025-04-19T16:11:08.6489715Z",3,Kerberos,"LAB3-18$"
"Apr 20, 2025 @ 11:25:19.920",4624,"LAB3-09",Kerberos,1072,"2025-04-20T01:57:32.3371613Z",3,Kerberos,"LAB3-09$"
"Apr 20, 2025 @ 11:25:19.890",4624,"LAB3-18",Kerberos,948,"2025-04-19T16:11:08.1501210Z",3,Kerberos,"LAB3-18$"
"Apr 20, 2025 @ 11:25:19.873",4624,"LAB3-09",Negotiate,1072,"2025-04-20T01:56:21.6707457Z",5,Advapi,SYSTEM
"Apr 20, 2025 @ 11:25:19.858",4624,"LAB3-18",Negotiate,948,"2025-04-19T15:58:20.5757093Z",5,Advapi,SYSTEM
"Apr 20, 2025 @ 11:25:19.843",4624,"LAB3-09",Negotiate,1072,"2025-04-20T01:53:27.4828410Z",5,Advapi,SYSTEM
"Apr 20, 2025 @ 11:25:19.827",4624,"LAB3-18",Negotiate,948,"2025-04-19T15:56:47.8198626Z",5,Advapi,SYSTEM
"Apr 20, 2025 @ 11:25:19.812",4624,"LAB3-09",Negotiate,1072,"2025-04-20T01:53:27.1365232Z",5,Advapi,SYSTEM
"Apr 20, 2025 @ 11:25:19.797",4624,"LAB3-18",Negotiate,948,"2025-04-19T15:56:12.1288968Z",5,Advapi,SYSTEM
"Apr 20, 2025 @ 11:25:19.782",4624,"CP-AKT-002912",Negotiate,880,"2025-04-20T06:24:48.1803868Z",5,Advapi,SYSTEM
"Apr 20, 2025 @ 11:25:19.780",4624,"LAB3-09",Negotiate,1072,"2025-04-20T01:53:26.5983508Z",5,Advapi,SYSTEM
"Apr 20, 2025 @ 11:25:19.766",4624,"CP-AKT-002912",Negotiate,880,"2025-04-20T06:12:29.1140145Z",5,Advapi,SYSTEM
"Apr 20, 2025 @ 11:25:19.765",4624,"LAB3-18",Negotiate,948,"2025-04-19T15:55:15.4314014Z",5,Advapi,SYSTEM
"Apr 20, 2025 @ 11:25:19.750",4624,"CP-AKT-002912",Negotiate,880,"2025-04-20T06:12:29.0341906Z",5,Advapi,SYSTEM
"Apr 20, 2025 @ 11:25:19.750",4624,"LAB3-09",Negotiate,1072,"2025-04-20T01:52:37.3966381Z",5,Advapi,SYSTEM
"Apr 20, 2025 @ 11:25:19.734",4624,"CP-AKT-002912",Negotiate,880,"2025-04-20T06:11:58.6514645Z",5,Advapi,SYSTEM
"Apr 20, 2025 @ 11:25:19.734",4624,"LAB3-18",Negotiate,948,"2025-04-19T15:55:15.3881164Z",5,Advapi,SYSTEM
"Apr 20, 2025 @ 11:25:19.718",4624,"CP-AKT-002912",Negotiate,880,"2025-04-20T06:11:58.4885078Z",5,Advapi,SYSTEM
"Apr 20, 2025 @ 11:25:19.717",4624,"LAB3-09",Negotiate,1072,"2025-04-20T01:50:49.1775338Z",5,Advapi,SYSTEM
"Apr 20, 2025 @ 11:25:19.702",4624,"CP-AKT-002912",Negotiate,880,"2025-04-20T06:11:58.1051863Z",5,Advapi,SYSTEM
"Apr 20, 2025 @ 11:25:19.686",4624,"LAB3-09",Negotiate,1072,"2025-04-20T01:50:49.0257833Z",5,Advapi,SYSTEM
"Apr 20, 2025 @ 11:25:19.686",4624,"CP-AKT-002912",Negotiate,880,"2025-04-20T06:11:36.1753019Z",5,Advapi,SYSTEM
"Apr 20, 2025 @ 11:25:19.685",4624,"LAB3-18",Kerberos,948,"2025-04-19T15:36:50.8223414Z",3,Kerberos,"LAB3-18$"
"Apr 20, 2025 @ 11:25:19.672",4624,"CP-AKT-002912",Negotiate,880,"2025-04-20T06:06:30.8513468Z",5,Advapi,SYSTEM
"Apr 20, 2025 @ 11:25:19.654",4624,"CP-AKT-002912",Negotiate,880,"2025-04-20T06:06:29.4470175Z",5,Advapi,SYSTEM
"Apr 20, 2025 @ 11:25:19.654",4624,"LAB3-09",Negotiate,1072,"2025-04-20T01:48:47.8088183Z",5,Advapi,SYSTEM
"Apr 20, 2025 @ 11:25:19.639",4624,"CP-AKT-002912",Negotiate,880,"2025-04-20T06:06:00.7310729Z",5,Advapi,SYSTEM
"Apr 20, 2025 @ 11:25:19.623",4624,"CP-AKT-002912",Negotiate,880,"2025-04-20T06:04:58.3902345Z",5,Advapi,SYSTEM
"Apr 20, 2025 @ 11:25:19.623",4624,"LAB3-09",Negotiate,1072,"2025-04-20T01:48:47.4896179Z",5,Advapi,SYSTEM
"Apr 20, 2025 @ 11:25:19.622",4624,"LAB3-18",Kerberos,948,"2025-04-19T15:36:50.6427381Z",3,Kerberos,"LAB3-18$"
"Apr 20, 2025 @ 11:25:19.607",4624,"LAB3-18",Negotiate,948,"2025-04-19T15:36:19.7012082Z",5,Advapi,SYSTEM
"Apr 20, 2025 @ 11:25:19.607",4624,"CP-AKT-002912",Negotiate,880,"2025-04-20T06:00:23.9192562Z",5,Advapi,SYSTEM
"Apr 20, 2025 @ 11:25:19.592",4624,"LAB3-09",Negotiate,1072,"2025-04-20T01:45:40.5600626Z",5,Advapi,SYSTEM
"Apr 20, 2025 @ 11:25:19.591",4624,"CP-AKT-002912",Negotiate,880,"2025-04-20T05:59:52.8000794Z",5,Advapi,SYSTEM
"Apr 20, 2025 @ 11:25:19.576",4624,"LAB3-18",Negotiate,948,"2025-04-19T15:35:10.8163071Z",5,Advapi,SYSTEM
"Apr 20, 2025 @ 11:25:19.576",4624,"CP-AKT-002912",Negotiate,880,"2025-04-20T05:58:25.0077798Z",5,Advapi,SYSTEM
"Apr 20, 2025 @ 11:25:19.560",4624,"CP-AKT-002912",Negotiate,880,"2025-04-20T05:57:05.2357705Z",5,Advapi,SYSTEM
"Apr 20, 2025 @ 11:25:19.545",4624,"LAB3-09",Negotiate,1072,"2025-04-20T01:45:40.0688014Z",5,Advapi,"SQLTELEMETRY$SQLEXPRESS"
"Apr 20, 2025 @ 11:25:19.544",4624,"LAB3-18",Negotiate,948,"2025-04-19T15:34:28.4190143Z",5,Advapi,SYSTEM
"Apr 20, 2025 @ 11:25:19.543",4624,"CP-AKT-002912",Negotiate,880,"2025-04-20T05:57:05.0307130Z",5,Advapi,SYSTEM
"Apr 20, 2025 @ 11:25:19.526",4624,"CP-AKT-002912",Negotiate,880,"2025-04-20T05:57:04.7277664Z",5,Advapi,SYSTEM
"Apr 20, 2025 @ 11:25:19.513",4624,"LAB3-18",Negotiate,948,"2025-04-19T15:33:21.5843990Z",5,Advapi,SYSTEM
"Apr 20, 2025 @ 11:25:19.510",4624,"CP-AKT-002912",Negotiate,880,"2025-04-20T05:56:30.7216654Z",5,Advapi,SYSTEM
"Apr 20, 2025 @ 11:25:19.503",4624,"CP-AKT-002912",Negotiate,880,"2025-04-20T05:55:33.5176156Z",5,Advapi,SYSTEM
"Apr 20, 2025 @ 11:25:19.487",4624,"CP-AKT-002912",Negotiate,880,"2025-04-20T05:55:32.5439347Z",5,Advapi,SYSTEM
"Apr 20, 2025 @ 11:25:19.483",4624,"LAB3-09",Negotiate,1072,"2025-04-20T01:45:39.8660600Z",5,Advapi,SQLTELEMETRY
"Apr 20, 2025 @ 11:25:19.482",4624,"LAB3-18",Negotiate,948,"2025-04-19T15:32:19.3174539Z",5,Advapi,SYSTEM
"Apr 20, 2025 @ 11:25:19.471",4624,"CP-AKT-002912",Negotiate,880,"2025-04-20T05:55:17.0336494Z",5,Advapi,SYSTEM
"Apr 20, 2025 @ 11:25:19.456",4624,"CP-AKT-002912",Negotiate,880,"2025-04-20T05:55:14.2160273Z",5,Advapi,SYSTEM
"Apr 20, 2025 @ 11:25:19.453",4624,"CP-AKT-002912",Negotiate,880,"2025-04-20T05:54:49.5329420Z",5,Advapi,SYSTEM
"Apr 20, 2025 @ 11:25:19.453",4624,"CP-AKT-002912",Negotiate,880,"2025-04-20T05:54:49.5341517Z",5,Advapi,SYSTEM
"Apr 20, 2025 @ 11:25:19.453",4624,"LAB3-09",Negotiate,1072,"2025-04-20T01:45:38.6473125Z",5,Advapi,MSSQLSERVER
"Apr 20, 2025 @ 11:25:19.453",4624,"CP-AKT-002912",Negotiate,880,"2025-04-20T05:54:49.5345273Z",5,Advapi,SYSTEM
"Apr 20, 2025 @ 11:25:19.453",4624,"LAB3-18",Negotiate,948,"2025-04-19T15:31:55.3757006Z",5,Advapi,SYSTEM
"Apr 20, 2025 @ 11:25:19.453",4624,"CP-AKT-002912",Negotiate,880,"2025-04-20T05:54:49.5374249Z",5,Advapi,SYSTEM
"Apr 20, 2025 @ 11:25:19.453",4624,"LAB3-09",Negotiate,1072,"2025-04-20T01:44:36.1329463Z",5,Advapi,SYSTEM
"Apr 20, 2025 @ 11:25:19.452",4624,"CP-AKT-002912",Negotiate,880,"2025-04-20T05:54:47.4671313Z",5,Advapi,SYSTEM
"Apr 20, 2025 @ 11:25:19.452",4624,"CP-AKT-002912",Negotiate,880,"2025-04-20T05:54:49.5316381Z",5,Advapi,SYSTEM
"Apr 20, 2025 @ 11:25:19.452",4624,"CP-AKT-002912",Negotiate,880,"2025-04-20T05:54:48.2990471Z",5,Advapi,SYSTEM
"Apr 20, 2025 @ 11:25:19.452",4624,"CP-AKT-002912",Negotiate,880,"2025-04-20T05:54:49.5325634Z",5,Advapi,SYSTEM
"Apr 20, 2025 @ 11:25:19.452",4624,"CP-AKT-002912",Negotiate,880,"2025-04-20T05:54:49.1585486Z",5,Advapi,SYSTEM
"Apr 20, 2025 @ 11:25:19.452",4624,"LAB3-09",Negotiate,1072,"2025-04-20T01:45:37.2211107Z",5,Advapi,"MSSQL$SQLEXPRESS"
"Apr 20, 2025 @ 11:25:19.451",4624,"LAB3-09",Negotiate,1072,"2025-04-20T01:45:33.4204349Z",5,Advapi,SYSTEM
"Apr 20, 2025 @ 11:25:19.451",4624,"LAB3-09",Negotiate,1072,"2025-04-20T01:45:33.4737806Z",5,Advapi,SYSTEM
"Apr 20, 2025 @ 11:25:19.451",4624,"CP-AKT-002912",Negotiate,880,"2025-04-20T05:54:47.4102605Z",5,Advapi,SYSTEM
"Apr 20, 2025 @ 11:25:19.451",4624,"CP-AKT-002912",Negotiate,880,"2025-04-20T05:54:47.4132536Z",5,Advapi,SYSTEM
"Apr 20, 2025 @ 11:25:19.451",4624,"CP-AKT-002912",Negotiate,880,"2025-04-20T05:54:47.4106657Z",5,Advapi,SYSTEM
"Apr 20, 2025 @ 11:25:19.451",4624,"LAB3-18",NTLM,948,"2025-04-19T15:31:33.1694553Z",3,NtLmSsp,"ADMANAGER$"
"Apr 20, 2025 @ 11:25:19.451",4624,"LAB3-18",Kerberos,948,"2025-04-19T15:31:33.1725014Z",3,Kerberos,"ADMANAGER$"
"Apr 20, 2025 @ 11:25:19.450",4624,"CP-AKT-002912",Negotiate,880,"2025-04-20T05:54:47.4071032Z",5,Advapi,SYSTEM
"Apr 20, 2025 @ 11:25:19.450",4624,"LAB3-18",NTLM,948,"2025-04-19T15:31:33.1399888Z",3,NtLmSsp,Administrator
"Apr 20, 2025 @ 11:25:19.450",4624,"CP-AKT-002912",Negotiate,880,"2025-04-20T05:54:47.4084319Z",5,Advapi,SYSTEM
"Apr 20, 2025 @ 11:25:19.450",4624,"LAB3-09",Negotiate,1072,"2025-04-20T01:45:31.9647958Z",5,Advapi,SYSTEM
"Apr 20, 2025 @ 11:25:19.450",4624,"LAB3-18",Kerberos,948,"2025-04-19T15:31:33.1578049Z",3,Kerberos,Administrator
"Apr 20, 2025 @ 11:25:19.450",4624,"CP-AKT-002912",Negotiate,880,"2025-04-20T05:54:47.4088886Z",5,Advapi,SYSTEM
"Apr 20, 2025 @ 11:25:19.449",4624,"LAB3-09",Negotiate,1072,"2025-04-20T01:44:40.7767981Z",5,Advapi,SYSTEM
"Apr 20, 2025 @ 11:25:19.449",4624,"LAB3-18",Negotiate,948,"2025-04-19T15:31:31.7001066Z",5,Advapi,SYSTEM
"Apr 20, 2025 @ 11:25:19.449",4624,"LAB3-09",Negotiate,1072,"2025-04-20T01:45:23.2170684Z",5,Advapi,SYSTEM
"Apr 20, 2025 @ 11:25:19.449",4624,"CP-AKT-002912",Negotiate,880,"2025-04-20T05:52:33.1382295Z",5,Advapi,SQLTELEMETRY
"Apr 20, 2025 @ 11:25:19.449",4624,"CP-AKT-002912",Negotiate,880,"2025-04-20T05:54:47.2914538Z",5,Advapi,SYSTEM
"Apr 20, 2025 @ 11:25:19.449",4624,"LAB3-18",Negotiate,948,"2025-04-19T15:31:20.6242780Z",5,Advapi,SYSTEM
"Apr 20, 2025 @ 11:25:19.449",4624,"LAB3-09",Negotiate,1072,"2025-04-20T01:44:42.9453432Z",5,Advapi,SYSTEM
"Apr 20, 2025 @ 11:25:19.449",4624,"CP-AKT-002912",Negotiate,880,"2025-04-20T05:52:33.3559605Z",5,Advapi,"SQLTELEMETRY$SQLEXPRESS"
"Apr 20, 2025 @ 11:25:19.449",4624,"CP-AKT-002912",Negotiate,880,"2025-04-20T05:53:41.2610012Z",5,Advapi,SYSTEM
"Apr 20, 2025 @ 11:25:19.449",4624,"CP-AKT-002912",Negotiate,880,"2025-04-20T05:52:36.7720665Z",5,Advapi,SYSTEM
"Apr 20, 2025 @ 11:25:19.448",4624,"CP-AKT-002912",Negotiate,880,"2025-04-20T05:51:50.7829939Z",5,Advapi,SYSTEM
"Apr 20, 2025 @ 11:25:19.448",4624,"CP-AKT-002912",Negotiate,880,"2025-04-20T05:52:18.7133774Z",5,Advapi,SYSTEM
"Apr 20, 2025 @ 11:25:19.448",4624,"LAB3-09",Negotiate,1072,"2025-04-20T01:44:36.2123471Z",5,Advapi,SYSTEM
"Apr 20, 2025 @ 11:25:19.448",4624,"LAB3-18",Negotiate,948,"2025-04-19T14:31:31.2039567Z",5,Advapi,SYSTEM
"Apr 20, 2025 @ 11:25:19.448",4624,"LAB3-09",Negotiate,1072,"2025-04-20T01:44:36.1953260Z",5,Advapi,SYSTEM
"Apr 20, 2025 @ 11:25:19.448",4624,"CP-AKT-002912",Negotiate,880,"2025-04-20T05:52:29.9457230Z",5,Advapi,"MSSQL$SQLEXPRESS"
"Apr 20, 2025 @ 11:25:19.448",4624,"CP-AKT-002912",Negotiate,880,"2025-04-20T05:52:31.3884297Z",5,Advapi,MSSQLSERVER
"Apr 20, 2025 @ 11:25:19.447",4624,"CP-AKT-002912",Negotiate,880,"2025-04-20T05:51:48.9291119Z",5,Advapi,SYSTEM
"Apr 20, 2025 @ 11:25:19.447",4624,"CP-AKT-002912",Negotiate,880,"2025-04-20T05:51:35.1088190Z",5,Advapi,SYSTEM
"Apr 20, 2025 @ 11:25:19.447",4624,"CP-AKT-002912",Negotiate,880,"2025-04-20T05:51:49.0912878Z",5,Advapi,SYSTEM
"Apr 20, 2025 @ 11:25:19.447",4624,"CP-AKT-002912",Negotiate,880,"2025-04-20T05:51:37.9920289Z",5,Advapi,SYSTEM
"Apr 20, 2025 @ 11:25:19.447",4624,"CP-AKT-002912",Negotiate,880,"2025-04-20T05:51:38.0190111Z",5,Advapi,SYSTEM
"Apr 20, 2025 @ 11:25:19.446",4624,"CP-AKT-002912",Negotiate,880,"2025-04-20T05:51:34.0177609Z",5,Advapi,SYSTEM
"Apr 20, 2025 @ 11:25:19.446",4624,"CP-AKT-002912",Negotiate,880,"2025-04-20T05:51:30.1277816Z",5,Advapi,SYSTEM
"Apr 20, 2025 @ 11:25:19.446",4624,"LAB3-18",Kerberos,948,"2025-04-19T14:30:23.1093162Z",3,Kerberos,"ADMANAGER$"
"Apr 20, 2025 @ 11:25:19.446",4624,"CP-AKT-002912",Negotiate,880,"2025-04-20T05:51:34.0828776Z",5,Advapi,SYSTEM
"Apr 20, 2025 @ 11:25:19.446",4624,"LAB3-18",Negotiate,948,"2025-04-19T14:30:28.9545402Z",5,Advapi,SYSTEM
"Apr 20, 2025 @ 11:25:19.445",4624,"LAB3-18",Kerberos,948,"2025-04-19T14:30:23.0970237Z",3,Kerberos,Administrator
"Apr 20, 2025 @ 11:25:19.445",4624,"LAB3-18",NTLM,948,"2025-04-19T14:30:23.1068254Z",3,NtLmSsp,"ADMANAGER$"
"Apr 20, 2025 @ 11:25:19.445",4624,"CP-AKT-002912",Negotiate,880,"2025-04-20T05:51:29.9485919Z",5,Advapi,SYSTEM
"Apr 20, 2025 @ 11:25:19.445",4624,"LAB3-18",Negotiate,948,"2025-04-19T14:29:44.3489007Z",5,Advapi,SYSTEM
"Apr 20, 2025 @ 11:25:19.445",4624,"CP-AKT-002912",Negotiate,880,"2025-04-20T05:51:25.7368918Z",5,Advapi,SYSTEM
"Apr 20, 2025 @ 11:25:19.445",4624,"CP-AKT-002912",Negotiate,880,"2025-04-20T05:51:25.3924156Z",5,Advapi,SYSTEM
"Apr 20, 2025 @ 11:25:19.445",4624,"CP-AKT-002912",Negotiate,880,"2025-04-20T05:51:25.8148554Z",5,Advapi,SYSTEM
"Apr 20, 2025 @ 11:25:19.444",4624,"LAB3-18",Negotiate,948,"2025-04-19T14:29:44.2970537Z",5,Advapi,SYSTEM
"Apr 20, 2025 @ 11:25:19.444",4624,"LAB3-18",NTLM,948,"2025-04-19T14:30:23.0900866Z",3,NtLmSsp,Administrator
"Apr 20, 2025 @ 11:25:19.443",4624,"LAB3-18",Negotiate,948,"2025-04-19T13:45:18.9333602Z",5,Advapi,SYSTEM
"Apr 20, 2025 @ 11:25:19.443",4624,"CP-AKT-002912",Kerberos,880,"2025-04-20T05:51:24.5823300Z",3,Kerberos,"CP-AKT-002912$"
"Apr 20, 2025 @ 11:25:19.443",4624,"CP-AKT-002912",Kerberos,880,"2025-04-20T05:51:24.5138882Z",3,Kerberos,"CP-AKT-002912$"
"Apr 20, 2025 @ 11:25:19.443",4624,"LAB3-18",Negotiate,948,"2025-04-19T13:46:52.7613729Z",5,Advapi,SYSTEM
"Apr 20, 2025 @ 11:25:19.442",4624,"CP-AKT-002912",Kerberos,880,"2025-04-20T05:51:24.3528515Z",3,Kerberos,"CP-AKT-002912$"
"Apr 20, 2025 @ 11:25:19.441",4624,"LAB3-09",Kerberos,1072,"2025-04-20T01:44:34.5358123Z",3,Kerberos,"LAB3-09$"
"Apr 20, 2025 @ 11:25:19.441",4624,"LAB3-18",Negotiate,948,"2025-04-19T13:40:58.4210234Z",5,Advapi,SYSTEM
"Apr 20, 2025 @ 11:25:19.441",4624,"LAB3-18",Negotiate,948,"2025-04-19T13:41:31.6988974Z",5,Advapi,SYSTEM
"Apr 20, 2025 @ 11:25:19.440",4624,"CP-AKT-002912",Negotiate,880,"2025-04-20T05:51:24.0078237Z",5,Advapi,SYSTEM
"Apr 20, 2025 @ 11:25:19.439",4624,"CP-AKT-002912",Kerberos,880,"2025-04-20T05:51:23.9723549Z",3,Kerberos,"CP-AKT-002912$"
"Apr 20, 2025 @ 11:25:19.438",4624,"CP-AKT-002912",Negotiate,880,"2025-04-20T05:51:23.7916752Z",5,Advapi,SYSTEM
"Apr 20, 2025 @ 11:25:19.438",4624,"LAB3-09",Negotiate,1072,"2025-04-20T01:44:34.5082038Z",5,Advapi,SYSTEM
"Apr 20, 2025 @ 11:25:19.438",4624,"CP-AKT-002912",Negotiate,880,"2025-04-20T05:51:23.8466757Z",5,Advapi,SYSTEM
"Apr 20, 2025 @ 11:25:19.437",4624,"LAB3-09",Kerberos,1072,"2025-04-20T01:44:34.3007720Z",3,Kerberos,"LAB3-09$"
"Apr 20, 2025 @ 11:25:19.437",4624,"CP-AKT-002912",Negotiate,880,"2025-04-20T05:51:23.7843225Z",5,Advapi,SYSTEM
"Apr 20, 2025 @ 11:25:19.437",4624,"LAB3-18",Kerberos,948,"2025-04-19T13:29:14.2280792Z",3,Kerberos,"ADMANAGER$"
"Apr 20, 2025 @ 11:25:19.436",4624,"LAB3-18",NTLM,948,"2025-04-19T13:29:14.2254931Z",3,NtLmSsp,"ADMANAGER$"
"Apr 20, 2025 @ 11:25:19.436",4624,"LAB3-18",Kerberos,948,"2025-04-19T13:29:14.2141816Z",3,Kerberos,Administrator
"Apr 20, 2025 @ 11:25:19.436",4624,"CP-AKT-002912",Negotiate,880,"2025-04-19T16:28:17.3089826Z",5,Advapi,SYSTEM
"Apr 20, 2025 @ 11:25:19.436",4624,"CP-AKT-002912",Negotiate,880,"2025-04-19T16:28:32.1926521Z",5,Advapi,SYSTEM
"Apr 20, 2025 @ 11:25:19.435",4624,"CP-AKT-002912",Negotiate,880,"2025-04-19T16:28:17.2591946Z",5,Advapi,SYSTEM
"Apr 20, 2025 @ 11:25:19.435",4624,"LAB3-18",Negotiate,948,"2025-04-19T13:28:32.7875423Z",5,Advapi,SYSTEM
"Apr 20, 2025 @ 11:25:19.435",4624,"CP-AKT-002912",Negotiate,880,"2025-04-19T16:28:17.2590521Z",5,Advapi,SYSTEM
"Apr 20, 2025 @ 11:25:19.435",4624,"LAB3-09",Negotiate,1072,"2025-04-20T01:44:34.2762731Z",5,Advapi,SYSTEM
"Apr 20, 2025 @ 11:25:19.435",4624,"LAB3-18",NTLM,948,"2025-04-19T13:29:14.1966376Z",3,NtLmSsp,Administrator
"Apr 20, 2025 @ 11:25:19.434",4624,"LAB3-09",Negotiate,1072,"2025-04-20T01:44:34.2637931Z",5,Advapi,SYSTEM
"Apr 20, 2025 @ 11:25:19.434",4624,"LAB3-09",Kerberos,1072,"2025-04-20T01:44:34.2481054Z",3,Kerberos,"LAB3-09$"
"Apr 20, 2025 @ 11:25:19.434",4624,"CP-AKT-002912",Negotiate,880,"2025-04-19T16:28:04.1543352Z",11,User32,"bsit22f.0038"
"Apr 20, 2025 @ 11:25:19.434",4624,"LAB3-18",Negotiate,948,"2025-04-19T13:05:19.0324587Z",5,Advapi,SYSTEM
"Apr 20, 2025 @ 11:25:19.433",4624,"LAB3-18",Negotiate,948,"2025-04-19T13:00:21.3222509Z",5,Advapi,SYSTEM
"Apr 20, 2025 @ 11:25:19.433",4624,"CP-AKT-002912",Negotiate,880,"2025-04-19T16:27:40.5801911Z",5,Advapi,SYSTEM
"Apr 20, 2025 @ 11:25:19.433",4624,"LAB3-18",Negotiate,948,"2025-04-19T13:00:56.8355738Z",5,Advapi,SYSTEM
"Apr 20, 2025 @ 11:25:19.433",4624,"LAB3-18",Negotiate,948,"2025-04-19T13:00:55.9181164Z",5,Advapi,SYSTEM
"Apr 20, 2025 @ 11:25:19.433",4624,"CP-AKT-002912",Negotiate,880,"2025-04-19T16:27:39.7633634Z",5,Advapi,SYSTEM
"Apr 20, 2025 @ 11:25:19.432",4624,"LAB3-18",Negotiate,948,"2025-04-19T13:00:17.8062093Z",5,Advapi,SYSTEM
"Apr 20, 2025 @ 11:25:19.432",4624,"LAB3-18",Negotiate,948,"2025-04-19T12:43:13.3773435Z",5,Advapi,SYSTEM
"Apr 20, 2025 @ 11:25:19.432",4624,"LAB3-18",Negotiate,948,"2025-04-19T12:42:03.2584081Z",5,Advapi,SYSTEM
"Apr 20, 2025 @ 11:25:19.432",4624,"LAB3-09",Kerberos,1072,"2025-04-20T01:44:34.2278048Z",3,Kerberos,"LAB3-09$"
"Apr 20, 2025 @ 11:25:19.431",4624,"LAB3-18",Negotiate,948,"2025-04-19T12:39:31.1914677Z",5,Advapi,SYSTEM
"Apr 20, 2025 @ 11:25:19.431",4624,"LAB3-09",Negotiate,1072,"2025-04-20T01:44:34.1648685Z",5,Advapi,SYSTEM
"Apr 20, 2025 @ 11:25:19.431",4624,"LAB3-18",Negotiate,948,"2025-04-19T12:42:03.0667242Z",5,Advapi,SYSTEM
"Apr 20, 2025 @ 11:25:19.430",4624,"LAB3-18",Negotiate,948,"2025-04-19T12:36:39.9838299Z",5,Advapi,SYSTEM
"Apr 20, 2025 @ 11:25:19.430",4624,"LAB3-09",Negotiate,1072,"2025-04-20T01:44:34.0991657Z",5,Advapi,SYSTEM
"Apr 20, 2025 @ 11:25:19.430",4624,"LAB3-09",Negotiate,1072,"2025-04-20T01:44:34.1078699Z",5,Advapi,SYSTEM
"Apr 20, 2025 @ 11:25:19.430",4624,"LAB3-18",Negotiate,948,"2025-04-19T12:36:47.5774960Z",5,Advapi,SYSTEM
"Apr 20, 2025 @ 11:25:19.430",4624,"LAB3-18",Negotiate,948,"2025-04-19T12:36:39.9187669Z",5,Advapi,SYSTEM
"Apr 20, 2025 @ 11:25:19.429",4624,"LAB3-18",Negotiate,948,"2025-04-19T12:36:01.2068699Z",5,Advapi,SYSTEM
"Apr 20, 2025 @ 11:25:19.429",4624,"LAB3-18",Negotiate,948,"2025-04-19T12:36:01.3098744Z",5,Advapi,SYSTEM
"Apr 20, 2025 @ 11:25:19.429",4624,"LAB3-18",Negotiate,948,"2025-04-19T12:36:01.1686324Z",5,Advapi,SYSTEM
"Apr 20, 2025 @ 11:25:19.429",4624,"LAB3-18",Negotiate,948,"2025-04-19T12:36:38.7451509Z",5,Advapi,SYSTEM
"Apr 20, 2025 @ 11:25:19.429",4624,"LAB3-18",Negotiate,948,"2025-04-19T12:36:01.1138585Z",5,Advapi,SYSTEM
"Apr 20, 2025 @ 11:25:19.428",4624,"LAB3-18",Negotiate,948,"2025-04-19T12:32:03.0038671Z",5,Advapi,SYSTEM
"Apr 20, 2025 @ 11:25:19.428",4624,"LAB3-09",Negotiate,1072,"2025-04-19T16:51:44.1175029Z",5,Advapi,SYSTEM
"Apr 20, 2025 @ 11:25:19.428",4624,"LAB3-09",Negotiate,1072,"2025-04-19T16:51:42.4896361Z",5,Advapi,SYSTEM
"Apr 20, 2025 @ 11:25:19.428",4624,"LAB3-18",Negotiate,948,"2025-04-19T12:36:01.1135975Z",5,Advapi,SYSTEM
"Apr 20, 2025 @ 11:25:19.427",4624,"LAB3-09",Negotiate,1072,"2025-04-19T16:51:31.1180903Z",5,Advapi,SYSTEM
"Apr 20, 2025 @ 11:25:19.427",4624,"LAB3-18",Negotiate,948,"2025-04-19T12:31:30.0693091Z",5,Advapi,SYSTEM
"Apr 20, 2025 @ 11:25:19.427",4624,"LAB3-18",Negotiate,948,"2025-04-19T12:31:30.9644620Z",5,Advapi,SYSTEM
"Apr 20, 2025 @ 11:25:19.427",4624,"LAB3-09",Negotiate,1072,"2025-04-19T16:51:31.0733735Z",5,Advapi,SYSTEM
"Apr 20, 2025 @ 11:25:19.426",4624,"LAB3-09",Negotiate,1072,"2025-04-19T16:51:31.0733414Z",5,Advapi,SYSTEM
"Apr 20, 2025 @ 11:25:19.426",4624,"LAB3-18",Negotiate,948,"2025-04-19T12:28:30.5032340Z",5,Advapi,MSSQLSERVER
"Apr 20, 2025 @ 11:25:19.426",4624,"LAB3-18",Negotiate,948,"2025-04-19T12:28:31.8623502Z",5,Advapi,SQLTELEMETRY
"Apr 20, 2025 @ 11:25:19.426",4625,"LAB3-09",Negotiate,1072,"2025-04-19T16:51:24.6171552Z",2,User32,"bsit23f.0008"
"Apr 20, 2025 @ 11:25:19.425",4624,"LAB3-18",Negotiate,948,"2025-04-19T12:28:07.5457748Z",5,Advapi,SYSTEM
"Apr 20, 2025 @ 11:25:19.425",4624,"LAB3-09",Negotiate,1072,"2025-04-19T16:50:51.7910114Z",5,Advapi,SYSTEM
"Apr 20, 2025 @ 11:25:19.425",4625,"LAB3-09",Negotiate,1072,"2025-04-19T16:51:18.9870818Z",2,User32,"bsit23f.0008"
"Apr 20, 2025 @ 11:25:19.425",4624,"LAB3-18",Negotiate,948,"2025-04-19T12:28:07.6655252Z",5,Advapi,SYSTEM
"Apr 20, 2025 @ 11:25:19.425",4624,"LAB3-18",Negotiate,948,"2025-04-19T12:28:21.7703157Z",5,Advapi,SYSTEM
"Apr 20, 2025 @ 11:25:19.425",4625,"LAB3-09",Negotiate,1072,"2025-04-19T16:50:59.0328883Z",2,User32,"bsit23f.0008"
"Apr 20, 2025 @ 11:25:19.424",4624,"LAB3-18",Negotiate,948,"2025-04-19T12:27:36.5936297Z",5,Advapi,SYSTEM
"Apr 20, 2025 @ 11:25:19.423",4624,"LAB3-18",Negotiate,948,"2025-04-19T12:27:21.1980951Z",5,Advapi,SYSTEM
"Apr 20, 2025 @ 11:25:19.423",4624,"LAB3-09",Negotiate,1072,"2025-04-19T16:50:51.0350555Z",5,Advapi,SYSTEM
"Apr 20, 2025 @ 11:25:19.421",4624,"LAB3-18",Negotiate,948,"2025-04-19T12:27:12.0499780Z",5,Advapi,SYSTEM
"Apr 20, 2025 @ 11:25:19.421",4624,"LAB3-18",Negotiate,948,"2025-04-19T12:27:19.3387440Z",5,Advapi,SYSTEM
"Apr 20, 2025 @ 11:25:19.420",4624,"LAB3-18",Negotiate,948,"2025-04-19T12:27:09.9517552Z",5,Advapi,SYSTEM
"Apr 20, 2025 @ 11:25:19.420",4624,"LAB3-18",Negotiate,948,"2025-04-19T12:27:09.6359660Z",5,Advapi,SYSTEM
"Apr 20, 2025 @ 11:25:19.419",4624,"LAB3-18",Negotiate,948,"2025-04-19T12:27:08.5913699Z",5,Advapi,SYSTEM
"Apr 20, 2025 @ 11:25:19.418",4624,"LAB3-18",Negotiate,948,"2025-04-19T12:27:08.4836018Z",5,Advapi,SYSTEM
"Apr 20, 2025 @ 11:25:19.417",4624,"LAB3-18",Negotiate,948,"2025-04-19T12:27:06.5499381Z",5,Advapi,SYSTEM
"Apr 20, 2025 @ 11:25:19.417",4624,"LAB3-18",Negotiate,948,"2025-04-19T12:27:06.8782174Z",5,Advapi,SYSTEM
"Apr 20, 2025 @ 11:25:19.416",4624,"LAB3-18",Negotiate,948,"2025-04-19T12:27:06.4784902Z",5,Advapi,SYSTEM
"Apr 20, 2025 @ 11:25:19.415",4624,"LAB3-18",Negotiate,948,"2025-04-19T12:27:06.4249910Z",5,Advapi,SYSTEM
"Apr 20, 2025 @ 11:25:19.415",4624,"LAB3-18",Negotiate,948,"2025-04-19T12:27:06.4249901Z",5,Advapi,SYSTEM
"Apr 20, 2025 @ 11:25:19.414",4624,"LAB3-18",Negotiate,948,"2025-04-19T12:27:06.3793230Z",5,Advapi,SYSTEM
"Apr 20, 2025 @ 11:25:19.414",4624,"LAB3-18",Kerberos,948,"2025-04-19T12:27:06.3890401Z",3,Kerberos,"LAB3-18$"
"Apr 20, 2025 @ 11:25:19.413",4624,"LAB3-18",Kerberos,948,"2025-04-19T12:27:05.9914010Z",3,Kerberos,"LAB3-18$"
"Apr 20, 2025 @ 11:25:19.413",4624,"LAB3-18",Kerberos,948,"2025-04-19T12:27:05.9268902Z",3,Kerberos,"ADMANAGER$"
"Apr 20, 2025 @ 11:25:19.413",4624,"LAB3-18",Negotiate,948,"2025-04-19T12:27:06.3625567Z",5,Advapi,SYSTEM
"Apr 20, 2025 @ 11:25:19.412",4624,"LAB3-18",NTLM,948,"2025-04-19T12:27:05.9212777Z",3,NtLmSsp,"ADMANAGER$"
"Apr 20, 2025 @ 11:25:19.412",4624,"LAB3-18",Negotiate,948,"2025-04-19T12:27:05.7079330Z",5,Advapi,SYSTEM
"Apr 20, 2025 @ 11:25:19.412",4624,"LAB3-18",Negotiate,948,"2025-04-19T12:27:02.8078305Z",5,Advapi,SYSTEM
"Apr 20, 2025 @ 11:25:19.412",4624,"LAB3-18",Kerberos,948,"2025-04-19T12:27:05.7420290Z",3,Kerberos,Administrator
"Apr 20, 2025 @ 11:25:19.412",4624,"LAB3-18",Kerberos,948,"2025-04-19T12:27:05.7827687Z",3,Kerberos,Administrator
"Apr 20, 2025 @ 11:25:19.411",4624,"LAB3-18",Negotiate,948,"2025-04-19T12:27:02.1273829Z",7,Negotiat,"ack.user"
"Apr 20, 2025 @ 11:25:19.411",4624,"LAB3-18",Negotiate,948,"2025-04-19T12:27:02.4807047Z",5,Advapi,SYSTEM
"Apr 20, 2025 @ 11:25:19.411",4624,"LAB3-18",Negotiate,948,"2025-04-19T12:27:05.4697303Z",5,Advapi,SYSTEM
"Apr 20, 2025 @ 11:25:19.410",4624,"LAB3-18",Negotiate,948,"2025-04-19T12:26:32.1451307Z",5,Advapi,SYSTEM
"Apr 20, 2025 @ 11:25:19.410",4624,"LAB3-18",Negotiate,948,"2025-04-19T12:27:02.0658407Z",11,User32,"ack.user"
"Apr 20, 2025 @ 11:25:19.410",4624,"LAB3-18",Negotiate,948,"2025-04-19T12:26:32.2181484Z",5,Advapi,SYSTEM
"Apr 20, 2025 @ 11:25:19.409",4624,"LAB3-18",Negotiate,948,"2025-04-19T12:26:29.8734603Z",5,Advapi,SYSTEM
"Apr 20, 2025 @ 11:25:19.409",4624,"LAB3-18",Negotiate,948,"2025-04-19T12:26:31.9738549Z",5,Advapi,SYSTEM
"Apr 20, 2025 @ 11:25:19.409",4624,"LAB3-18",Negotiate,948,"2025-04-19T12:26:30.2964738Z",5,Advapi,SYSTEM
"Apr 20, 2025 @ 11:25:19.409",4624,"LAB3-18",Negotiate,948,"2025-04-19T12:26:31.2776350Z",5,Advapi,SYSTEM
"Apr 20, 2025 @ 11:25:19.408",4624,"LAB3-18",Negotiate,948,"2025-04-19T12:26:29.7726874Z",5,Advapi,SYSTEM
"Apr 20, 2025 @ 11:25:19.407",4624,"LAB3-18",Negotiate,948,"2025-04-19T12:26:29.7419596Z",5,Advapi,SYSTEM
"Apr 20, 2025 @ 11:25:19.407",4624,"LAB3-18",Negotiate,948,"2025-04-19T12:26:29.7419595Z",5,Advapi,SYSTEM
"Apr 20, 2025 @ 11:25:19.407",4624,"LAB3-18",Negotiate,948,"2025-04-19T12:26:29.7419866Z",5,Advapi,SYSTEM
"Apr 20, 2025 @ 11:25:19.407",4624,"LAB3-18",Negotiate,948,"2025-04-19T12:26:29.7421136Z",5,Advapi,SYSTEM
"Apr 20, 2025 @ 11:25:19.406",4624,"LAB3-18",Negotiate,948,"2025-04-19T12:26:29.7409842Z",5,Advapi,SYSTEM
"Apr 20, 2025 @ 11:25:19.406",4624,"LAB3-18",Negotiate,948,"2025-04-19T12:26:29.7410853Z",5,Advapi,SYSTEM
"Apr 20, 2025 @ 11:25:19.406",4624,"LAB3-18",Negotiate,948,"2025-04-19T12:26:29.6974276Z",5,Advapi,SYSTEM
"Apr 20, 2025 @ 11:25:19.406",4624,"LAB3-18",Negotiate,948,"2025-04-19T12:26:29.7397695Z",5,Advapi,SYSTEM
"Apr 20, 2025 @ 11:25:19.405",4624,"LAB3-18",Negotiate,948,"2025-04-19T12:26:29.6577446Z",5,Advapi,SYSTEM
"Apr 20, 2025 @ 11:25:19.405",4624,"LAB3-18",Negotiate,948,"2025-04-19T12:26:29.6674866Z",5,Advapi,SYSTEM
"Apr 20, 2025 @ 11:25:19.404",4624,"LAB3-18",Negotiate,948,"2025-04-19T12:26:29.6347571Z",5,Advapi,SYSTEM
"Apr 19, 2025 @ 16:04:57.431",4624,"LAB3-18",Negotiate,1056,"2025-04-19T11:06:16.5186722Z",5,Advapi,SYSTEM
"Apr 19, 2025 @ 16:04:57.418",4624,"LAB3-18",Negotiate,1056,"2025-04-19T11:06:15.6214329Z",5,Advapi,SYSTEM
"Apr 19, 2025 @ 16:04:57.417",4624,"LAB3-18",Negotiate,1056,"2025-04-19T11:06:15.5148944Z",5,Advapi,SYSTEM
"Apr 19, 2025 @ 16:04:33.327",4624,"LAB3-18",Negotiate,1056,"2025-04-19T11:05:51.9459596Z",5,Advapi,SYSTEM
"Apr 19, 2025 @ 16:04:33.310",4624,"LAB3-18",Negotiate,1056,"2025-04-19T11:05:51.4209291Z",2,Advapi,"DWM-2"
"Apr 19, 2025 @ 16:04:33.295",4624,"LAB3-18",Negotiate,1056,"2025-04-19T11:05:51.4209168Z",2,Advapi,"DWM-2"
"Apr 19, 2025 @ 16:04:33.263",4624,"LAB3-18",Negotiate,1056,"2025-04-19T11:05:51.4193658Z",5,Advapi,SYSTEM
"Apr 19, 2025 @ 16:04:33.247",4624,"LAB3-18",Negotiate,1056,"2025-04-19T11:05:51.3854107Z",2,Advapi,"UMFD-2"
"Apr 19, 2025 @ 16:04:33.216",4624,"LAB3-18",Negotiate,1056,"2025-04-19T11:05:51.3216212Z",2,User32,"bsit21f.0031"
"Apr 19, 2025 @ 16:01:23.365",4624,"DESKTOP-5JEIKFF",Negotiate,1012,"2025-04-19T11:01:22.4444362Z",5,Advapi,SYSTEM
"Apr 19, 2025 @ 15:56:51.023",4624,"LAB3-09",Negotiate,1044,"2025-04-19T10:58:10.7454758Z",5,Advapi,SYSTEM
"Apr 19, 2025 @ 15:56:51.022",4624,"LAB3-09",Negotiate,1044,"2025-04-19T10:58:10.7442483Z",5,Advapi,SYSTEM
"Apr 19, 2025 @ 15:55:57.807",4624,"LAB3-09",Negotiate,1044,"2025-04-19T10:57:17.5316600Z",5,Advapi,SYSTEM
"Apr 19, 2025 @ 15:55:35.373",4624,"DESKTOP-5JEIKFF",Negotiate,1012,"2025-04-19T10:55:34.4603935Z",5,Advapi,SYSTEM
"Apr 19, 2025 @ 15:54:50.594",4624,"LAB3-09",Kerberos,1044,"2025-04-19T10:56:10.6385804Z",3,Kerberos,"LAB3-09$"
"Apr 19, 2025 @ 15:54:50.585",4624,"LAB3-09",Kerberos,1044,"2025-04-19T10:56:10.3237240Z",3,Kerberos,"LAB3-09$"
"Apr 19, 2025 @ 15:54:08.208",4624,"LAB3-09",Kerberos,1044,"2025-04-19T10:55:28.0188949Z",3,Kerberos,"ADMANAGER$"
"Apr 19, 2025 @ 15:54:08.194",4624,"LAB3-09",NTLM,1044,"2025-04-19T10:55:28.0046820Z",3,NtLmSsp,"ADMANAGER$"
"Apr 19, 2025 @ 15:54:08.189",4624,"LAB3-09",Kerberos,1044,"2025-04-19T10:55:27.9628206Z",3,Kerberos,Administrator
"Apr 19, 2025 @ 15:54:08.184",4624,"LAB3-09",Kerberos,1044,"2025-04-19T10:55:27.9327415Z",3,Kerberos,Administrator
"Apr 19, 2025 @ 15:52:36.299",4624,"CP-AKT-002912",Negotiate,944,"2025-04-19T10:53:55.7445314Z",5,Advapi,SYSTEM
"Apr 19, 2025 @ 15:52:35.063",4624,"CP-AKT-002912",Negotiate,944,"2025-04-19T10:53:54.4892234Z",5,Advapi,SYSTEM
"Apr 19, 2025 @ 15:49:28.490",4624,"CP-AKT-002912",Negotiate,944,"2025-04-19T10:50:47.9444644Z",5,Advapi,SYSTEM
"Apr 19, 2025 @ 15:48:35.006",4624,"CP-AKT-002912",Negotiate,944,"2025-04-19T10:49:54.9497594Z",5,Advapi,SYSTEM
"Apr 19, 2025 @ 15:48:35.005",4624,"CP-AKT-002912",Negotiate,944,"2025-04-19T10:49:54.4787916Z",5,Advapi,SYSTEM
"Apr 19, 2025 @ 15:48:35.004",4624,"CP-AKT-002912",Negotiate,944,"2025-04-19T10:49:54.8049047Z",5,Advapi,SYSTEM
"Apr 19, 2025 @ 15:48:02.644",4624,"LAB3-09",Negotiate,1044,"2025-04-19T10:49:22.3938947Z",5,Advapi,SYSTEM
"Apr 19, 2025 @ 15:47:39.343",4624,"CP-AKT-002912",Negotiate,944,"2025-04-19T10:48:58.8130380Z",5,Advapi,SYSTEM
"Apr 19, 2025 @ 15:43:56.735",4624,"LAB3-10",Negotiate,888,"2025-04-19T10:45:16.2284406Z",5,Advapi,SYSTEM
"Apr 19, 2025 @ 15:42:20.355",4624,"CP-AKT-002912",Negotiate,944,"2025-04-19T10:43:39.8202040Z",5,Advapi,SYSTEM
"Apr 19, 2025 @ 15:40:07.389",4624,"LAB3-18",Negotiate,1056,"2025-04-19T10:21:54.8360472Z",5,Advapi,SYSTEM
"Apr 19, 2025 @ 15:40:07.311",4624,"LAB3-18",Negotiate,1056,"2025-04-19T09:14:00.0240120Z",5,Advapi,SYSTEM
"Apr 19, 2025 @ 15:40:07.282",4624,"LAB3-18",Negotiate,1056,"2025-04-19T09:10:09.1414678Z",5,Advapi,SYSTEM
"Apr 19, 2025 @ 15:40:07.266",4624,"LAB3-18",Negotiate,1056,"2025-04-19T09:10:01.5452898Z",5,Advapi,SYSTEM
"Apr 19, 2025 @ 15:40:07.248",4624,"LAB3-18",Negotiate,1056,"2025-04-19T09:10:00.0586047Z",5,Advapi,SYSTEM
"Apr 19, 2025 @ 15:40:07.233",4624,"LAB3-18",Negotiate,1056,"2025-04-19T09:09:25.3540896Z",5,Advapi,SYSTEM
"Apr 19, 2025 @ 15:40:07.201",4624,"LAB3-18",Negotiate,1056,"2025-04-19T08:00:03.6017304Z",5,Advapi,SYSTEM
"Apr 19, 2025 @ 15:40:07.186",4624,"LAB3-18",Negotiate,1056,"2025-04-19T08:00:03.5530299Z",5,Advapi,SYSTEM
"Apr 19, 2025 @ 15:40:07.170",4624,"LAB3-18",Negotiate,1056,"2025-04-19T07:55:23.6317138Z",5,Advapi,SYSTEM
"Apr 19, 2025 @ 15:40:07.154",4624,"LAB3-18",Negotiate,1056,"2025-04-19T07:54:09.3579945Z",5,Advapi,SYSTEM
"Apr 19, 2025 @ 15:40:07.139",4624,"LAB3-18",Negotiate,1056,"2025-04-19T07:54:06.5503670Z",5,Advapi,SYSTEM
"Apr 19, 2025 @ 15:40:07.123",4624,"LAB3-18",Negotiate,1056,"2025-04-19T07:48:36.2705127Z",5,Advapi,SYSTEM
"Apr 19, 2025 @ 15:40:07.092",4624,"LAB3-18",Kerberos,1056,"2025-04-19T07:42:38.2594805Z",3,Kerberos,"LAB3-18$"
"Apr 19, 2025 @ 15:40:07.060",4624,"LAB3-18",Kerberos,1056,"2025-04-19T07:42:37.7813090Z",3,Kerberos,"LAB3-18$"
"Apr 19, 2025 @ 15:40:07.045",4624,"LAB3-18",Negotiate,1056,"2025-04-19T07:40:50.4562424Z",5,Advapi,SYSTEM
"Apr 19, 2025 @ 15:40:07.029",4624,"LAB3-18",Negotiate,1056,"2025-04-19T07:39:03.3131697Z",5,Advapi,SYSTEM
"Apr 19, 2025 @ 15:40:07.015",4624,"LAB3-18",Negotiate,1056,"2025-04-19T07:31:46.6710331Z",5,Advapi,SYSTEM
"Apr 19, 2025 @ 15:40:06.998",4624,"LAB3-18",Negotiate,1056,"2025-04-19T07:31:42.5727543Z",5,Advapi,SYSTEM
"Apr 19, 2025 @ 15:40:06.982",4624,"LAB3-18",Negotiate,1056,"2025-04-19T07:31:40.9310357Z",5,Advapi,SYSTEM
"Apr 19, 2025 @ 15:40:06.951",4624,"LAB3-18",Negotiate,1056,"2025-04-19T07:26:14.1067225Z",2,User32,"bsit22f.0005"
"Apr 19, 2025 @ 15:40:06.920",4625,"LAB3-18",Negotiate,1056,"2025-04-19T07:26:07.2023358Z",2,User32,"bsit22f.0005"
"Apr 19, 2025 @ 15:40:06.904",4624,"LAB3-18",Negotiate,1056,"2025-04-19T07:25:56.9831099Z",5,Advapi,SYSTEM
"Apr 19, 2025 @ 15:40:06.889",4624,"LAB3-18",Negotiate,1056,"2025-04-19T07:21:54.9188062Z",5,Advapi,SYSTEM
"Apr 19, 2025 @ 15:40:06.873",4624,"LAB3-18",Negotiate,1056,"2025-04-19T07:21:54.8637019Z",5,Advapi,SYSTEM
"Apr 19, 2025 @ 15:40:06.857",4624,"LAB3-18",Negotiate,1056,"2025-04-19T07:00:55.4609635Z",5,Advapi,SYSTEM
"Apr 19, 2025 @ 15:40:06.842",4624,"LAB3-18",Negotiate,1056,"2025-04-19T06:55:22.4582373Z",5,Advapi,SYSTEM
"Apr 19, 2025 @ 15:40:06.826",4624,"LAB3-18",Negotiate,1056,"2025-04-19T06:49:54.0882353Z",5,Advapi,SYSTEM
"Apr 19, 2025 @ 15:40:06.811",4624,"LAB3-18",Negotiate,1056,"2025-04-19T06:41:00.0264238Z",5,Advapi,SYSTEM
"Apr 19, 2025 @ 15:40:06.795",4624,"LAB3-18",Negotiate,1056,"2025-04-19T06:39:45.1529733Z",5,Advapi,SYSTEM
"Apr 19, 2025 @ 15:40:06.779",4624,"LAB3-18",Negotiate,1056,"2025-04-19T06:22:16.8132928Z",5,Advapi,SYSTEM
"Apr 19, 2025 @ 15:40:06.765",4624,"LAB3-18",Negotiate,1056,"2025-04-19T06:22:13.2906262Z",5,Advapi,SYSTEM
"Apr 19, 2025 @ 15:40:06.748",4624,"LAB3-18",Negotiate,1056,"2025-04-19T06:21:40.0727097Z",5,Advapi,SYSTEM
"Apr 19, 2025 @ 15:40:06.732",4624,"LAB3-18",Negotiate,1056,"2025-04-19T06:20:57.9342844Z",5,Advapi,SYSTEM
"Apr 19, 2025 @ 15:40:06.718",4624,"LAB3-18",Negotiate,1056,"2025-04-19T06:16:05.1314530Z",5,Advapi,SYSTEM
"Apr 19, 2025 @ 15:40:06.701",4624,"LAB3-18",Negotiate,1056,"2025-04-19T06:12:52.2325564Z",5,Advapi,SYSTEM
"Apr 19, 2025 @ 15:40:06.687",4624,"LAB3-18",Negotiate,1056,"2025-04-19T06:07:43.0827623Z",5,Advapi,SYSTEM
"Apr 19, 2025 @ 15:40:06.654",4624,"LAB3-18",Negotiate,1056,"2025-04-19T06:03:22.8067572Z",2,User32,"bsit22f.0005"
"Apr 19, 2025 @ 15:40:06.623",4624,"LAB3-18",Negotiate,1056,"2025-04-19T06:02:55.3611966Z",5,Advapi,SYSTEM
"Apr 19, 2025 @ 15:40:06.607",4624,"LAB3-18",Negotiate,1056,"2025-04-19T06:00:59.3519286Z",5,Advapi,SYSTEM
"Apr 19, 2025 @ 15:40:06.592",4625,"LAB3-18",Negotiate,1056,"2025-04-19T06:00:19.4060293Z",2,User32,"bsit22f.0005"
"Apr 19, 2025 @ 15:40:06.576",4624,"LAB3-18",Negotiate,1056,"2025-04-19T05:59:57.7433657Z",5,Advapi,SYSTEM
"Apr 19, 2025 @ 15:40:06.560",4624,"LAB3-18",Negotiate,1056,"2025-04-19T05:55:48.1132563Z",5,Advapi,SYSTEM
"Apr 19, 2025 @ 15:40:06.545",4624,"LAB3-18",Negotiate,1056,"2025-04-19T05:55:34.3562576Z",5,Advapi,SYSTEM
"Apr 19, 2025 @ 15:40:06.420",4624,"LAB3-18",Kerberos,1056,"2025-04-19T05:54:08.3415443Z",3,Kerberos,"LAB3-18$"
"Apr 19, 2025 @ 15:40:06.389",4624,"LAB3-18",Kerberos,1056,"2025-04-19T05:54:08.0703591Z",3,Kerberos,"LAB3-18$"
"Apr 19, 2025 @ 15:40:06.373",4624,"LAB3-18",Negotiate,1056,"2025-04-19T05:53:58.9931342Z",5,Advapi,SYSTEM
"Apr 19, 2025 @ 15:40:06.358",4624,"LAB3-18",Negotiate,1056,"2025-04-19T05:53:58.9167180Z",5,Advapi,SYSTEM
"Apr 19, 2025 @ 15:40:06.342",4624,"LAB3-18",Negotiate,1056,"2025-04-19T05:53:57.8569848Z",5,Advapi,SYSTEM
"Apr 19, 2025 @ 15:40:06.327",4624,"LAB3-18",Negotiate,1056,"2025-04-19T05:46:56.8916263Z",5,Advapi,SYSTEM
"Apr 19, 2025 @ 15:40:06.311",4624,"LAB3-18",Negotiate,1056,"2025-04-19T05:42:17.6049963Z",5,Advapi,SYSTEM
"Apr 19, 2025 @ 15:40:06.296",4624,"LAB3-18",Negotiate,1056,"2025-04-19T05:42:13.5786417Z",5,Advapi,SYSTEM
"Apr 19, 2025 @ 15:40:06.280",4624,"LAB3-18",Negotiate,1056,"2025-04-19T05:33:29.9359607Z",5,Advapi,SYSTEM
"Apr 19, 2025 @ 15:40:06.265",4624,"LAB3-18",Negotiate,1056,"2025-04-19T05:31:53.5200414Z",5,Advapi,SYSTEM
"Apr 19, 2025 @ 15:40:06.233",4624,"LAB3-18",Negotiate,1056,"2025-04-19T05:21:48.5126683Z",2,User32,"bsit22f.0005"
"Apr 19, 2025 @ 15:40:06.202",4625,"LAB3-18",Negotiate,1056,"2025-04-19T05:21:43.7751329Z",2,User32,"bsit22f.0005"
"Apr 19, 2025 @ 15:40:06.187",4624,"LAB3-18",Negotiate,1056,"2025-04-19T05:21:38.8549532Z",5,Advapi,SYSTEM
"Apr 19, 2025 @ 15:40:06.170",4624,"LAB3-18",Negotiate,1056,"2025-04-19T05:20:15.5151554Z",5,Advapi,SYSTEM
"Apr 19, 2025 @ 15:40:06.139",4624,"LAB3-18",Negotiate,1056,"2025-04-19T05:17:26.0551325Z",2,User32,"bsit22f.0005"
"Apr 19, 2025 @ 15:40:06.092",4624,"LAB3-18",Negotiate,1056,"2025-04-19T05:17:14.7642859Z",2,User32,"bsit22f.0005"
"Apr 19, 2025 @ 15:40:06.045",4624,"LAB3-18",Negotiate,1056,"2025-04-19T05:17:00.2287482Z",5,Advapi,SYSTEM
"Apr 19, 2025 @ 15:40:06.030",4624,"LAB3-18",Negotiate,1056,"2025-04-19T05:17:00.2114864Z",2,User32,"bsit22f.0005"
"Apr 19, 2025 @ 15:40:05.999",4625,"LAB3-18",Negotiate,1056,"2025-04-19T05:16:55.8457025Z",2,User32,"bsit22f.0005"
"Apr 19, 2025 @ 15:40:05.967",4624,"LAB3-18",Negotiate,1056,"2025-04-19T05:16:45.2245470Z",2,User32,"bsit22f.0005"
"Apr 19, 2025 @ 15:40:05.874",4624,"LAB3-18",Negotiate,1056,"2025-04-19T05:16:30.0189986Z",5,Advapi,SYSTEM
"Apr 19, 2025 @ 15:40:05.859",4624,"LAB3-18",Negotiate,1056,"2025-04-19T05:16:29.9096232Z",2,User32,"bsit22f.0005"
"Apr 19, 2025 @ 15:40:05.827",4625,"LAB3-18",Negotiate,1056,"2025-04-19T05:16:24.8015773Z",2,User32,"bsit22f.0005"
"Apr 19, 2025 @ 15:40:05.811",4624,"LAB3-18",Negotiate,1056,"2025-04-19T05:16:18.3876396Z",2,Advapi,"DWM-2"
"Apr 19, 2025 @ 15:40:05.796",4624,"LAB3-18",Negotiate,1056,"2025-04-19T05:16:18.3876178Z",2,Advapi,"DWM-2"
"Apr 19, 2025 @ 15:40:05.764",4624,"LAB3-18",Negotiate,1056,"2025-04-19T05:16:18.3215968Z",2,Advapi,"UMFD-2"
"Apr 19, 2025 @ 15:40:05.733",4624,"LAB3-18",Negotiate,1056,"2025-04-19T05:16:18.3054657Z",5,Advapi,SYSTEM
"Apr 19, 2025 @ 15:40:05.701",4624,"LAB3-18",Negotiate,1056,"2025-04-19T05:16:10.4403243Z",2,User32,"bsit22f.0005"
"Apr 19, 2025 @ 15:40:05.654",4624,"LAB3-18",Negotiate,1056,"2025-04-19T05:15:56.7436812Z",5,Advapi,SYSTEM
"Apr 19, 2025 @ 15:40:05.639",4624,"LAB3-18",Negotiate,1056,"2025-04-19T05:15:56.7287047Z",2,User32,"bsit22f.0005"
"Apr 19, 2025 @ 15:40:05.607",4624,"LAB3-18",Negotiate,1056,"2025-04-19T05:15:39.3508809Z",5,Advapi,SYSTEM
"Apr 19, 2025 @ 15:40:05.576",4624,"LAB3-18",Negotiate,1056,"2025-04-19T05:15:39.2112971Z",2,User32,"bsit22f.0005"
"Apr 19, 2025 @ 15:40:05.546",4625,"LAB3-18",Negotiate,1056,"2025-04-19T05:15:33.0030666Z",2,User32,"bsit22f.0005"
"Apr 19, 2025 @ 15:40:05.531",4624,"LAB3-18",Negotiate,1056,"2025-04-19T05:15:24.8955924Z",5,Advapi,SYSTEM
"Apr 19, 2025 @ 15:40:05.515",4624,"LAB3-18",Negotiate,1056,"2025-04-19T05:14:57.9366542Z",5,Advapi,SYSTEM
"Apr 19, 2025 @ 15:40:05.498",4624,"LAB3-18",Negotiate,1056,"2025-04-19T05:12:39.4781594Z",5,Advapi,SYSTEM
"Apr 19, 2025 @ 15:40:05.484",4624,"LAB3-18",Negotiate,1056,"2025-04-19T05:11:00.0930719Z",5,Advapi,SYSTEM
"Apr 19, 2025 @ 15:40:05.468",4624,"LAB3-18",Negotiate,1056,"2025-04-19T05:03:49.9123902Z",5,Advapi,SYSTEM
"Apr 19, 2025 @ 15:40:05.452",4624,"LAB3-18",Negotiate,1056,"2025-04-19T04:56:34.7516946Z",5,Advapi,SYSTEM
"Apr 19, 2025 @ 15:40:05.437",4624,"LAB3-18",Negotiate,1056,"2025-04-19T04:51:27.0793573Z",5,Advapi,SYSTEM
"Apr 19, 2025 @ 15:40:05.421",4624,"LAB3-18",Negotiate,1056,"2025-04-19T04:47:40.5676372Z",5,Advapi,SYSTEM
"Apr 19, 2025 @ 15:40:05.405",4624,"LAB3-18",Negotiate,1056,"2025-04-19T04:47:34.2372004Z",5,Advapi,SYSTEM
"Apr 19, 2025 @ 15:40:05.389",4624,"LAB3-18",Negotiate,1056,"2025-04-19T04:47:33.3026691Z",5,Advapi,SYSTEM
"Apr 19, 2025 @ 15:40:05.374",4624,"LAB3-18",Negotiate,1056,"2025-04-19T04:47:06.3548405Z",5,Advapi,SYSTEM
"Apr 19, 2025 @ 15:40:05.358",4624,"LAB3-18",Negotiate,1056,"2025-04-19T04:47:05.1009990Z",5,Advapi,SYSTEM
"Apr 19, 2025 @ 15:40:05.342",4624,"LAB3-18",Negotiate,1056,"2025-04-19T04:47:03.3520535Z",5,Advapi,SYSTEM
"Apr 19, 2025 @ 15:40:05.327",4624,"LAB3-18",Negotiate,1056,"2025-04-19T04:42:57.8858508Z",5,Advapi,SYSTEM
"Apr 19, 2025 @ 15:40:05.311",4624,"LAB3-18",Negotiate,1056,"2025-04-19T04:42:17.6409151Z",5,Advapi,SYSTEM
"Apr 19, 2025 @ 15:40:05.295",4624,"LAB3-18",Negotiate,1056,"2025-04-19T04:41:21.6277059Z",5,Advapi,SYSTEM
"Apr 19, 2025 @ 15:40:05.279",4624,"LAB3-18",Negotiate,1056,"2025-04-19T04:41:00.3590075Z",5,Advapi,SYSTEM
"Apr 19, 2025 @ 15:40:05.264",4624,"LAB3-18",Negotiate,1056,"2025-04-19T04:36:33.7441985Z",5,Advapi,SYSTEM
"Apr 19, 2025 @ 15:40:05.249",4624,"LAB3-18",Negotiate,1056,"2025-04-19T04:32:54.4308392Z",5,Advapi,SYSTEM
"Apr 19, 2025 @ 15:40:05.233",4624,"LAB3-18",Negotiate,1056,"2025-04-19T04:31:53.9864830Z",5,Advapi,SYSTEM
"Apr 19, 2025 @ 15:40:05.217",4624,"LAB3-18",Negotiate,1056,"2025-04-19T04:27:13.1812659Z",5,Advapi,SYSTEM
"Apr 19, 2025 @ 15:40:05.201",4624,"LAB3-18",Negotiate,1056,"2025-04-19T04:27:09.8095352Z",5,Advapi,SYSTEM
"Apr 19, 2025 @ 15:40:05.186",4624,"LAB3-18",Negotiate,1056,"2025-04-19T04:27:00.6398133Z",5,Advapi,SYSTEM
"Apr 19, 2025 @ 15:40:05.170",4624,"LAB3-18",Negotiate,1056,"2025-04-19T04:26:58.4578384Z",5,Advapi,SYSTEM
"Apr 19, 2025 @ 15:40:05.155",4624,"LAB3-18",Negotiate,1056,"2025-04-19T04:26:58.4323822Z",5,Advapi,SYSTEM
"Apr 19, 2025 @ 15:40:05.139",4624,"LAB3-18",Negotiate,1056,"2025-04-19T04:26:11.5001211Z",5,Advapi,SYSTEM
"Apr 19, 2025 @ 15:40:05.123",4624,"LAB3-18",Negotiate,1056,"2025-04-19T04:26:07.3013287Z",5,Advapi,SYSTEM
"Apr 19, 2025 @ 15:40:05.092",4624,"LAB3-18",Negotiate,1056,"2025-04-19T04:26:06.2687521Z",11,CredPro,"waqar.ashraf"
"Apr 19, 2025 @ 15:40:05.076",4624,"LAB3-18",Negotiate,1056,"2025-04-19T04:26:06.2687415Z",11,CredPro,"waqar.ashraf"
"Apr 19, 2025 @ 15:40:05.045",4624,"LAB3-18",Negotiate,1056,"2025-04-19T04:25:42.4927745Z",5,Advapi,SYSTEM
"Apr 19, 2025 @ 15:40:05.030",4624,"LAB3-18",Negotiate,1056,"2025-04-19T04:23:41.4193659Z",5,Advapi,SYSTEM
"Apr 19, 2025 @ 15:40:05.014",4624,"LAB3-18",Negotiate,1056,"2025-04-19T04:20:49.7465084Z",5,Advapi,SYSTEM
"Apr 19, 2025 @ 15:40:04.998",4624,"LAB3-18",Negotiate,1056,"2025-04-19T04:19:32.9676283Z",5,Advapi,SYSTEM
"Apr 19, 2025 @ 15:40:04.983",4624,"LAB3-18",Negotiate,1056,"2025-04-19T04:16:32.8858588Z",5,Advapi,SYSTEM
"Apr 19, 2025 @ 15:40:04.967",4624,"LAB3-18",Negotiate,1056,"2025-04-19T04:16:26.2997049Z",5,Advapi,SYSTEM
"Apr 19, 2025 @ 15:40:04.952",4624,"LAB3-18",Negotiate,1056,"2025-04-19T04:14:41.6141880Z",5,Advapi,SYSTEM
"Apr 19, 2025 @ 15:40:04.936",4624,"LAB3-18",Negotiate,1056,"2025-04-19T04:14:01.3755160Z",5,Advapi,SYSTEM
"Apr 19, 2025 @ 15:40:04.920",4624,"LAB3-18",Negotiate,1056,"2025-04-19T04:12:49.5135317Z",5,Advapi,SYSTEM
"Apr 19, 2025 @ 15:40:04.905",4624,"LAB3-18",Negotiate,1056,"2025-04-19T04:11:45.9236612Z",5,Advapi,SYSTEM
"Apr 19, 2025 @ 15:40:04.889",4624,"LAB3-18",Negotiate,1056,"2025-04-19T04:11:45.8453123Z",5,Advapi,SYSTEM
"Apr 19, 2025 @ 15:40:04.873",4624,"LAB3-18",Negotiate,1056,"2025-04-19T04:11:45.6414614Z",5,Advapi,SYSTEM
"Apr 19, 2025 @ 15:40:04.858",4624,"LAB3-18",Negotiate,1056,"2025-04-19T04:11:44.4222797Z",5,Advapi,SYSTEM
"Apr 19, 2025 @ 15:40:04.827",4624,"LAB3-18",Kerberos,1056,"2025-04-19T04:11:43.9257495Z",3,Kerberos,"LAB3-18$"
"Apr 19, 2025 @ 15:40:04.780",4624,"LAB3-18",Kerberos,1056,"2025-04-19T04:11:43.8707329Z",3,Kerberos,"LAB3-18$"
"Apr 19, 2025 @ 15:40:04.748",4624,"LAB3-18",Negotiate,1056,"2025-04-19T04:11:43.8143930Z",5,Advapi,SYSTEM
"Apr 19, 2025 @ 15:40:04.732",4624,"LAB3-18",Negotiate,1056,"2025-04-19T04:11:43.7628329Z",5,Advapi,SYSTEM
"Apr 19, 2025 @ 15:40:04.670",4624,"LAB3-18",Negotiate,1056,"2025-04-18T17:36:28.0280857Z",5,Advapi,SYSTEM
"Apr 19, 2025 @ 15:40:04.666",4624,"LAB3-18",Negotiate,1056,"2025-04-18T17:36:28.0091242Z",11,User32,"bsit22f.0005"
"Apr 19, 2025 @ 15:39:38.759",4624,"CP-AKT-002912",Negotiate,944,"2025-04-19T10:40:58.2366989Z",5,Advapi,SYSTEM
"Apr 19, 2025 @ 15:37:38.126",4624,"CP-AKT-002912",Negotiate,944,"2025-04-19T10:38:57.8060327Z",5,Advapi,SYSTEM
"Apr 19, 2025 @ 15:37:38.122",4624,"CP-AKT-002912",Negotiate,944,"2025-04-19T10:38:57.6224753Z",5,Advapi,SYSTEM
"Apr 19, 2025 @ 15:36:41.424",4624,"LAB3-09",Negotiate,1044,"2025-04-19T10:38:01.1756043Z",5,Advapi,SYSTEM
"Apr 19, 2025 @ 15:36:09.777",4624,"CP-AKT-002912",Negotiate,944,"2025-04-19T10:37:29.2730417Z",5,Advapi,SYSTEM
"Apr 19, 2025 @ 15:36:01.250",4624,"LAB3-11",Negotiate,892,"2025-04-19T10:37:12.3959993Z",5,Advapi,SYSTEM
"Apr 19, 2025 @ 15:35:00.888",4624,"CP-AKT-002912",Negotiate,944,"2025-04-19T10:36:20.3765788Z",5,Advapi,SYSTEM
"Apr 19, 2025 @ 15:34:37.888",4624,"CP-AKT-002912",Negotiate,944,"2025-04-19T10:35:57.3751031Z",5,Advapi,SYSTEM
"Apr 19, 2025 @ 15:33:26.799",4624,"LAB3-11",Negotiate,892,"2025-04-19T10:34:47.5975824Z",5,Advapi,SYSTEM
"Apr 19, 2025 @ 15:33:20.993",4624,"LAB3-09",Negotiate,1044,"2025-04-19T10:34:40.7733344Z",5,Advapi,SYSTEM
"Apr 19, 2025 @ 15:32:38.652",4624,"CP-AKT-002912",Negotiate,944,"2025-04-19T10:33:58.1422508Z",5,Advapi,SYSTEM
"Apr 19, 2025 @ 15:29:52.828",4624,"LAB3-11",Negotiate,892,"2025-04-19T10:31:13.5645980Z",5,Advapi,SYSTEM
"Apr 19, 2025 @ 15:28:26.839",4624,"CP-AKT-002912",Negotiate,944,"2025-04-19T10:29:46.2409691Z",5,Advapi,SYSTEM
"Apr 19, 2025 @ 15:28:26.838",4624,"CP-AKT-002912",Negotiate,944,"2025-04-19T10:29:46.2409662Z",5,Advapi,SYSTEM
"Apr 19, 2025 @ 15:27:37.999",4624,"CP-AKT-002912",Negotiate,944,"2025-04-19T10:28:57.3911500Z",5,Advapi,SYSTEM
"Apr 19, 2025 @ 15:26:41.224",4624,"LAB3-10",Negotiate,888,"2025-04-19T10:27:59.4222822Z",5,Advapi,SYSTEM
"Apr 19, 2025 @ 15:26:37.232",4624,"LAB3-09",Negotiate,1044,"2025-04-19T10:27:52.0679125Z",5,Advapi,SYSTEM
"Apr 19, 2025 @ 15:26:37.232",4624,"LAB3-09",Negotiate,1044,"2025-04-19T10:27:52.6335961Z",5,Advapi,SYSTEM
"Apr 19, 2025 @ 15:26:37.018",4624,"LAB3-11",Negotiate,892,"2025-04-19T10:27:53.4161009Z",5,Advapi,SYSTEM
"Apr 19, 2025 @ 15:26:37.016",4624,"LAB3-11",Negotiate,892,"2025-04-19T10:27:52.7169795Z",5,Advapi,SYSTEM
"Apr 19, 2025 @ 15:26:36.204",4624,"CP-AKT-002912",Negotiate,944,"2025-04-19T10:27:50.5999895Z",5,Advapi,SYSTEM
"Apr 19, 2025 @ 15:26:34.137",4624,"LAB3-10",Negotiate,888,"2025-04-19T10:27:53.5972313Z",5,Advapi,SYSTEM
"Apr 19, 2025 @ 15:26:34.137",4624,"LAB3-10",Negotiate,888,"2025-04-19T10:27:52.9877693Z",5,Advapi,SYSTEM
"Apr 19, 2025 @ 15:26:33.033",4624,"DESKTOP-5JEIKFF",Negotiate,1012,"2025-04-19T10:24:56.4286704Z",5,Advapi,SYSTEM
"Apr 19, 2025 @ 15:26:28.715",4624,"DESKTOP-5JEIKFF",Negotiate,1012,"2025-04-19T10:22:27.8017449Z",5,Advapi,SYSTEM
"Apr 19, 2025 @ 15:16:01.910",4624,"DESKTOP-5JEIKFF",Negotiate,1012,"2025-04-19T10:16:00.7086435Z",5,Advapi,SYSTEM
"Apr 19, 2025 @ 15:15:56.441",4624,"DESKTOP-5JEIKFF",Negotiate,1012,"2025-04-19T10:15:55.9393320Z",5,Advapi,SYSTEM
"Apr 19, 2025 @ 15:15:56.438",4624,"DESKTOP-5JEIKFF",Negotiate,1012,"2025-04-19T10:15:55.2395571Z",5,Advapi,SYSTEM
"Apr 19, 2025 @ 15:15:43.061",4624,"DESKTOP-5JEIKFF",Negotiate,1012,"2025-04-19T10:15:41.8676706Z",5,Advapi,SYSTEM
"Apr 19, 2025 @ 15:05:14.787",4624,"DESKTOP-5JEIKFF",Negotiate,1012,"2025-04-19T10:05:14.1337660Z",5,Advapi,SYSTEM
"Apr 19, 2025 @ 14:57:10.943",4624,"DESKTOP-5JEIKFF",Negotiate,1012,"2025-04-19T09:57:10.7595936Z",2,User32,Project
"Apr 19, 2025 @ 14:57:10.941",4624,"DESKTOP-5JEIKFF",Negotiate,1012,"2025-04-19T09:57:10.7595862Z",2,User32,Project
"Apr 19, 2025 @ 14:57:05.557",4624,"DESKTOP-5JEIKFF",Negotiate,1012,"2025-04-19T09:57:05.3890098Z",5,Advapi,SYSTEM
"Apr 19, 2025 @ 14:56:44.954",4624,"DESKTOP-5JEIKFF",Negotiate,1012,"2025-04-19T09:56:44.9319692Z",5,Advapi,SYSTEM
"Apr 19, 2025 @ 14:56:09.109",4624,"DESKTOP-5JEIKFF",Negotiate,1012,"2025-04-19T09:56:08.9573095Z",5,Advapi,SYSTEM
"Apr 19, 2025 @ 14:46:09.064",4624,"DESKTOP-5JEIKFF",Negotiate,1012,"2025-04-19T09:46:09.4916541Z",5,Advapi,SYSTEM
"Apr 19, 2025 @ 14:45:12.672",4624,"DESKTOP-5JEIKFF",Negotiate,1012,"2025-04-19T09:45:13.2114041Z",5,Advapi,SYSTEM
"Apr 19, 2025 @ 14:39:58.017",4624,"DESKTOP-5JEIKFF",Negotiate,1012,"2025-04-19T09:39:58.9663919Z",5,Advapi,SYSTEM
"Apr 19, 2025 @ 14:39:58.014",4624,"DESKTOP-5JEIKFF",Negotiate,1012,"2025-04-19T09:39:58.8769194Z",5,Advapi,SYSTEM
"Apr 19, 2025 @ 14:38:41.974",4624,"DESKTOP-5JEIKFF",Negotiate,1012,"2025-04-19T09:38:42.8144073Z",5,Advapi,SYSTEM
"Apr 19, 2025 @ 14:32:36.460",4624,"DESKTOP-5JEIKFF",Negotiate,1012,"2025-04-19T09:32:37.7690600Z",5,Advapi,SYSTEM
"Apr 19, 2025 @ 14:32:36.457",4624,"DESKTOP-5JEIKFF",Negotiate,1012,"2025-04-19T09:32:37.7511054Z",5,Advapi,SYSTEM
"Apr 19, 2025 @ 14:24:16.308",4624,"DESKTOP-5JEIKFF",Negotiate,1012,"2025-04-19T09:24:18.0728260Z",5,Advapi,SYSTEM
"Apr 19, 2025 @ 14:23:20.237",4624,"DESKTOP-5JEIKFF",Negotiate,1012,"2025-04-19T09:23:21.9660225Z",5,Advapi,SYSTEM
"Apr 19, 2025 @ 14:23:12.348",4624,"DESKTOP-5JEIKFF",Negotiate,1012,"2025-04-19T09:23:14.1789148Z",5,Advapi,SYSTEM
"Apr 19, 2025 @ 14:17:55.888",4624,"DESKTOP-5JEIKFF",Negotiate,1012,"2025-04-19T09:17:58.0640838Z",5,Advapi,SYSTEM
"Apr 19, 2025 @ 14:12:51.737",4624,"DESKTOP-5JEIKFF",Negotiate,1012,"2025-04-19T09:12:54.2234994Z",5,Advapi,SYSTEM
"Apr 19, 2025 @ 14:12:19.034",4624,"DESKTOP-5JEIKFF",Negotiate,1012,"2025-04-19T09:12:21.5528497Z",5,Advapi,SYSTEM
"Apr 19, 2025 @ 14:11:55.222",4624,"DESKTOP-5JEIKFF",Negotiate,1012,"2025-04-19T09:11:57.7165566Z",5,Advapi,SYSTEM
"Apr 19, 2025 @ 14:11:55.182",4624,"DESKTOP-5JEIKFF",Negotiate,1012,"2025-04-19T09:11:57.9346239Z",5,Advapi,SYSTEM
"Apr 19, 2025 @ 14:09:48.870",4624,"DESKTOP-5JEIKFF",Negotiate,1012,"2025-04-19T09:09:51.5300564Z",5,Advapi,SYSTEM
"Apr 19, 2025 @ 14:06:15.365",4624,"DESKTOP-5JEIKFF",Negotiate,1012,"2025-04-19T09:06:18.0296159Z",5,Advapi,SYSTEM
"Apr 19, 2025 @ 14:06:13.506",4624,"DESKTOP-5JEIKFF",Negotiate,1012,"2025-04-19T09:06:16.5713153Z",5,Advapi,SYSTEM
"Apr 19, 2025 @ 14:06:13.493",4624,"DESKTOP-5JEIKFF",Negotiate,1012,"2025-04-19T09:06:16.3454733Z",2,User32,Project
"Apr 19, 2025 @ 14:06:13.480",4624,"DESKTOP-5JEIKFF",Negotiate,1012,"2025-04-19T09:06:17.3340762Z",5,Advapi,SYSTEM
"Apr 19, 2025 @ 14:06:13.463",4624,"DESKTOP-5JEIKFF",Negotiate,1012,"2025-04-19T09:06:16.3454650Z",2,User32,Project
"Apr 19, 2025 @ 14:06:08.921",4624,"DESKTOP-5JEIKFF",Negotiate,1012,"2025-04-19T09:06:11.8103616Z",5,Advapi,SYSTEM
"Apr 19, 2025 @ 14:06:06.464",4624,"DESKTOP-5JEIKFF",Negotiate,1012,"2025-04-19T09:06:09.3500033Z",5,Advapi,SYSTEM
"Apr 19, 2025 @ 14:04:57.873",4624,"DESKTOP-5JEIKFF",Negotiate,1012,"2025-04-19T09:05:00.8197597Z",5,Advapi,SYSTEM
"Apr 19, 2025 @ 13:52:48.755",4624,"DESKTOP-5JEIKFF",Negotiate,1012,"2025-04-19T08:52:52.4155157Z",5,Advapi,SYSTEM
"Apr 19, 2025 @ 13:50:43.047",4624,"DESKTOP-5JEIKFF",Negotiate,1012,"2025-04-19T08:50:46.8556321Z",5,Advapi,SYSTEM
"Apr 19, 2025 @ 13:48:36.277",4624,"DESKTOP-5JEIKFF",Negotiate,1012,"2025-04-19T08:48:40.1967168Z",5,Advapi,SYSTEM
"Apr 19, 2025 @ 13:47:22.607",4624,"DESKTOP-5JEIKFF",Negotiate,1012,"2025-04-19T08:47:26.6226157Z",5,Advapi,SYSTEM
"Apr 19, 2025 @ 13:47:21.063",4624,"DESKTOP-5JEIKFF",Negotiate,1012,"2025-04-19T08:47:25.4149574Z",5,Advapi,SYSTEM
"Apr 19, 2025 @ 13:47:21.023",4624,"DESKTOP-5JEIKFF",Negotiate,1012,"2025-04-19T08:47:25.2387909Z",5,Advapi,SYSTEM
"Apr 19, 2025 @ 13:47:20.911",4624,"DESKTOP-5JEIKFF",Negotiate,1012,"2025-04-19T08:47:24.9275123Z",5,Advapi,SYSTEM
"Apr 19, 2025 @ 13:45:56.838",4624,"DESKTOP-5JEIKFF",Negotiate,1012,"2025-04-19T08:46:00.9349695Z",5,Advapi,SYSTEM
"Apr 19, 2025 @ 13:45:49.458",4624,"DESKTOP-5JEIKFF",Negotiate,1012,"2025-04-19T08:45:53.9025497Z",5,Advapi,SYSTEM
"Apr 19, 2025 @ 13:38:59.725",4624,"DESKTOP-5JEIKFF",Negotiate,1012,"2025-04-19T08:39:04.2414527Z",5,Advapi,SYSTEM
"Apr 19, 2025 @ 13:35:31.101",4624,"DESKTOP-5JEIKFF",Negotiate,1012,"2025-04-19T08:35:36.3690045Z",5,Advapi,SYSTEM
"Apr 19, 2025 @ 13:33:11.164",4624,"DESKTOP-5JEIKFF",Negotiate,1012,"2025-04-19T08:33:16.0013541Z",5,Advapi,SYSTEM
"Apr 19, 2025 @ 13:31:01.563",4624,"DESKTOP-5JEIKFF",Negotiate,1012,"2025-04-19T08:31:06.5576399Z",5,Advapi,SYSTEM
"Apr 19, 2025 @ 13:30:00.499",4624,"DESKTOP-5JEIKFF",Negotiate,1012,"2025-04-19T08:30:05.5550729Z",5,Advapi,SYSTEM
"Apr 19, 2025 @ 13:28:46.397",4624,"DESKTOP-5JEIKFF",Negotiate,1012,"2025-04-19T08:28:51.5270107Z",5,Advapi,SYSTEM
"Apr 19, 2025 @ 13:27:50.462",4624,"DESKTOP-5JEIKFF",Negotiate,1012,"2025-04-19T08:27:55.1830824Z",5,Advapi,SYSTEM
"Apr 19, 2025 @ 13:27:35.587",4624,"DESKTOP-5JEIKFF",Negotiate,1012,"2025-04-19T08:25:35.2958200Z",2,User32,Project
"Apr 19, 2025 @ 13:27:35.584",4624,"DESKTOP-5JEIKFF",Negotiate,1012,"2025-04-19T08:25:35.2958121Z",2,User32,Project
"Apr 19, 2025 @ 13:27:35.445",4624,"DESKTOP-5JEIKFF",Negotiate,1012,"2025-04-19T08:24:18.4801278Z",5,Advapi,SYSTEM
"Apr 19, 2025 @ 13:27:35.395",4624,"DESKTOP-5JEIKFF",Negotiate,1012,"2025-04-19T08:23:49.5151390Z",5,Advapi,SYSTEM
"Apr 19, 2025 @ 13:27:35.391",4624,"DESKTOP-5JEIKFF",Negotiate,1012,"2025-04-19T08:23:26.8337406Z",5,Advapi,SYSTEM
"Apr 19, 2025 @ 13:27:35.356",4624,"DESKTOP-5JEIKFF",Negotiate,1012,"2025-04-19T08:23:24.3405420Z",5,Advapi,SYSTEM
"Apr 19, 2025 @ 00:48:40.575",4624,"DESKTOP-5JEIKFF",Negotiate,1012,"2025-04-18T19:48:39.1891653Z",5,Advapi,SYSTEM
"Apr 19, 2025 @ 00:33:27.354",4624,"DESKTOP-5JEIKFF",Negotiate,1012,"2025-04-18T19:33:25.9700852Z",5,Advapi,SYSTEM
"Apr 18, 2025 @ 23:48:40.428",4624,"DESKTOP-5JEIKFF",Negotiate,1012,"2025-04-18T18:48:39.0966924Z",5,Advapi,SYSTEM
"Apr 18, 2025 @ 23:47:44.466",4624,"DESKTOP-5JEIKFF",Negotiate,1012,"2025-04-18T18:47:43.1316184Z",5,Advapi,SYSTEM
"Apr 18, 2025 @ 22:48:40.370",4624,"DESKTOP-5JEIKFF",Negotiate,1012,"2025-04-18T17:48:39.1327359Z",5,Advapi,SYSTEM
"Apr 18, 2025 @ 22:48:40.361",4624,"DESKTOP-5JEIKFF",Negotiate,1012,"2025-04-18T17:48:39.0433257Z",5,Advapi,SYSTEM
"Apr 18, 2025 @ 22:47:33.175",4624,"DESKTOP-5JEIKFF",Negotiate,1012,"2025-04-18T17:47:31.8603791Z",5,Advapi,SYSTEM
"Apr 18, 2025 @ 22:47:27.075",4624,"DESKTOP-5JEIKFF",Negotiate,1012,"2025-04-18T17:47:25.7547617Z",5,Advapi,SYSTEM
"Apr 18, 2025 @ 22:37:56.972",4624,"CP-AKT-002912",Negotiate,864,"2025-04-18T17:39:06.4284944Z",5,Advapi,SYSTEM
"Apr 18, 2025 @ 22:37:19.817",4624,"CP-AKT-002912",Negotiate,864,"2025-04-18T17:38:29.2741502Z",5,Advapi,SYSTEM
"Apr 18, 2025 @ 22:35:56.448",4624,"CP-AKT-002912",Negotiate,864,"2025-04-18T17:37:05.9060370Z",5,Advapi,SYSTEM
"Apr 18, 2025 @ 22:34:44.398",4624,"LAB3-11",Kerberos,988,"2025-04-18T17:35:53.8849547Z",3,Kerberos,"LAB3-11$"
"Apr 18, 2025 @ 22:34:44.359",4624,"LAB3-11",Kerberos,988,"2025-04-18T17:35:53.8366559Z",3,Kerberos,"LAB3-11$"
"Apr 18, 2025 @ 22:34:20.048",4624,"LAB3-11",Negotiate,988,"2025-04-18T17:35:29.5347043Z",5,Advapi,SYSTEM
"Apr 18, 2025 @ 22:34:04.842",4624,"DESKTOP-5JEIKFF",Negotiate,1012,"2025-04-18T17:34:03.5359055Z",5,Advapi,SYSTEM
"Apr 18, 2025 @ 22:33:55.931",4624,"CP-AKT-002912",Negotiate,864,"2025-04-18T17:35:05.3994323Z",5,Advapi,SYSTEM
"Apr 18, 2025 @ 22:31:55.222",4624,"DESKTOP-5JEIKFF",Negotiate,1012,"2025-04-18T17:31:54.0445031Z",5,Advapi,SYSTEM
"Apr 18, 2025 @ 22:31:55.216",4624,"DESKTOP-5JEIKFF",Negotiate,1012,"2025-04-18T17:31:53.9063551Z",5,Advapi,SYSTEM
"Apr 18, 2025 @ 22:31:54.971",4624,"CP-AKT-002912",Negotiate,864,"2025-04-18T17:33:04.4253238Z",5,Advapi,SYSTEM
"Apr 18, 2025 @ 22:30:27.492",4624,"CP-AKT-002912",Negotiate,864,"2025-04-18T17:31:36.9527194Z",5,Advapi,SYSTEM
"Apr 18, 2025 @ 22:30:27.492",4624,"CP-AKT-002912",Negotiate,864,"2025-04-18T17:31:37.0151377Z",5,Advapi,SYSTEM
"Apr 18, 2025 @ 22:30:18.792",4624,"DESKTOP-5JEIKFF",Negotiate,1012,"2025-04-18T17:30:17.4819500Z",5,Advapi,SYSTEM
"Apr 18, 2025 @ 22:29:56.501",4624,"CP-AKT-002912",Negotiate,864,"2025-04-18T17:31:06.5873439Z",5,Advapi,SYSTEM
"Apr 18, 2025 @ 22:29:56.500",4624,"CP-AKT-002912",Negotiate,864,"2025-04-18T17:31:06.4038215Z",5,Advapi,SYSTEM
"Apr 18, 2025 @ 22:29:56.499",4624,"CP-AKT-002912",Negotiate,864,"2025-04-18T17:31:05.9673804Z",5,Advapi,SYSTEM
"Apr 18, 2025 @ 22:29:54.437",4624,"CP-AKT-002912",Negotiate,864,"2025-04-18T17:31:03.9066548Z",5,Advapi,SYSTEM
"Apr 18, 2025 @ 22:28:59.727",4624,"CP-AKT-002912",Negotiate,864,"2025-04-18T17:30:09.1731604Z",5,Advapi,SYSTEM
"Apr 18, 2025 @ 22:27:53.942",4624,"CP-AKT-002912",Negotiate,864,"2025-04-18T17:29:03.4133347Z",5,Advapi,SYSTEM
"Apr 18, 2025 @ 22:27:44.518",4624,"LAB3-10",Kerberos,1056,"2025-04-18T17:28:54.2058822Z",3,Kerberos,"ADMANAGER$"
"Apr 18, 2025 @ 22:27:44.504",4624,"LAB3-10",NTLM,1056,"2025-04-18T17:28:54.1956323Z",3,NtLmSsp,"ADMANAGER$"
"Apr 18, 2025 @ 22:27:44.499",4624,"LAB3-10",Kerberos,1056,"2025-04-18T17:28:54.1464832Z",3,Kerberos,Administrator
"Apr 18, 2025 @ 22:27:44.494",4624,"LAB3-10",Kerberos,1056,"2025-04-18T17:28:54.1131524Z",3,Kerberos,Administrator
"Apr 18, 2025 @ 22:25:53.385",4624,"CP-AKT-002912",Negotiate,864,"2025-04-18T17:27:02.8854482Z",5,Advapi,SYSTEM
"Apr 18, 2025 @ 22:25:42.240",4624,"LAB3-11",Negotiate,988,"2025-04-18T17:26:51.7498140Z",5,Advapi,SYSTEM
"Apr 18, 2025 @ 22:24:09.370",4624,"LAB3-09",Negotiate,1060,"2025-04-18T17:24:04.3905797Z",5,Advapi,SYSTEM
"Apr 18, 2025 @ 22:24:02.047",4624,"LAB3-09",Negotiate,1060,"2025-04-18T17:23:57.0753058Z",5,Advapi,SYSTEM
"Apr 18, 2025 @ 22:24:01.029",4624,"LAB3-09",Negotiate,1060,"2025-04-18T17:23:56.0498911Z",5,Advapi,SYSTEM
"Apr 18, 2025 @ 22:23:22.392",4624,"LAB3-18",Kerberos,1056,"2025-04-18T17:24:33.2754801Z",3,Kerberos,"ADMANAGER$"
"Apr 18, 2025 @ 22:23:22.376",4624,"LAB3-18",NTLM,1056,"2025-04-18T17:24:33.2622638Z",3,NtLmSsp,"ADMANAGER$"
"Apr 18, 2025 @ 22:23:22.371",4624,"LAB3-18",Kerberos,1056,"2025-04-18T17:24:33.2031584Z",3,Kerberos,Administrator
"Apr 18, 2025 @ 22:23:22.365",4624,"LAB3-18",Kerberos,1056,"2025-04-18T17:24:33.1666940Z",3,Kerberos,Administrator
"Apr 18, 2025 @ 22:23:13.374",4624,"LAB3-09",Negotiate,1060,"2025-04-18T17:23:08.4145285Z",5,Advapi,SYSTEM
"Apr 18, 2025 @ 22:22:52.942",4624,"LAB3-10",Negotiate,1056,"2025-04-18T17:24:02.5948942Z",5,Advapi,SYSTEM
"Apr 18, 2025 @ 22:21:51.237",4624,"CP-AKT-002912",Negotiate,864,"2025-04-18T17:23:00.7582568Z",5,Advapi,SYSTEM
"Apr 18, 2025 @ 22:19:50.084",4624,"CP-AKT-002912",Negotiate,864,"2025-04-18T17:20:59.5968897Z",5,Advapi,SYSTEM
"Apr 18, 2025 @ 22:18:33.322",4624,"CP-AKT-002912",Negotiate,864,"2025-04-18T17:19:42.8522072Z",5,Advapi,SYSTEM
"Apr 18, 2025 @ 22:15:38.611",4624,"DESKTOP-5JEIKFF",Negotiate,1012,"2025-04-18T17:15:37.3370193Z",5,Advapi,SYSTEM
"Apr 18, 2025 @ 22:15:28.682",4624,"DESKTOP-5JEIKFF",Negotiate,1012,"2025-04-18T17:15:27.3994947Z",2,User32,Project
"Apr 18, 2025 @ 22:15:28.678",4624,"DESKTOP-5JEIKFF",Negotiate,1012,"2025-04-18T17:15:27.3994870Z",2,User32,Project
"Apr 18, 2025 @ 22:15:28.501",4624,"LAB3-09",Negotiate,1060,"2025-04-18T17:15:23.5819359Z",5,Advapi,SYSTEM
"Apr 18, 2025 @ 22:15:23.772",4624,"DESKTOP-5JEIKFF",Negotiate,1012,"2025-04-18T17:15:22.4964172Z",5,Advapi,SYSTEM
"Apr 18, 2025 @ 22:15:08.212",4624,"LAB3-11",Kerberos,988,"2025-04-18T17:16:17.9674992Z",3,Kerberos,"LAB3-11$"
"Apr 18, 2025 @ 22:15:08.191",4624,"LAB3-11",Kerberos,988,"2025-04-18T17:16:17.7386208Z",3,Kerberos,"LAB3-11$"
"Apr 18, 2025 @ 22:15:08.047",4624,"CP-AKT-002912",Negotiate,864,"2025-04-18T17:16:17.5790210Z",5,Advapi,SYSTEM
"Apr 18, 2025 @ 22:14:04.654",4624,"LAB3-09",Kerberos,1060,"2025-04-18T17:13:59.7635102Z",3,Kerberos,"LAB3-09$"
"Apr 18, 2025 @ 22:14:04.610",4624,"LAB3-09",Kerberos,1060,"2025-04-18T17:13:59.7044092Z",3,Kerberos,"LAB3-09$"
"Apr 18, 2025 @ 22:13:19.836",4624,"DESKTOP-5JEIKFF",Negotiate,1012,"2025-04-18T17:13:18.5765099Z",5,Advapi,SYSTEM
"Apr 18, 2025 @ 22:13:07.011",4624,"CP-AKT-002912",Negotiate,864,"2025-04-18T17:14:16.5604477Z",5,Advapi,SYSTEM
"Apr 18, 2025 @ 22:11:43.092",4624,"LAB3-09",Negotiate,1060,"2025-04-18T17:11:38.2115352Z",5,Advapi,SYSTEM
"Apr 18, 2025 @ 22:11:43.090",4624,"LAB3-09",Negotiate,1060,"2025-04-18T17:11:38.2102288Z",5,Advapi,SYSTEM
"Apr 18, 2025 @ 22:11:02.783",4624,"LAB3-09",Negotiate,1060,"2025-04-18T17:10:57.9234988Z",5,Advapi,SYSTEM
"Apr 18, 2025 @ 22:10:32.334",4624,"CP-AKT-002912",Negotiate,864,"2025-04-18T17:11:41.9065886Z",5,Advapi,SYSTEM
"Apr 18, 2025 @ 22:07:19.146",4624,"CP-AKT-002912",Negotiate,864,"2025-04-18T17:08:28.7833502Z",5,Advapi,SYSTEM
"Apr 18, 2025 @ 22:05:30.716",4624,"LAB3-09",Negotiate,1060,"2025-04-18T17:05:25.8905050Z",5,Advapi,SYSTEM
"Apr 18, 2025 @ 22:05:18.853",4624,"CP-AKT-002912",Negotiate,864,"2025-04-18T17:06:28.4855760Z",5,Advapi,SYSTEM
"Apr 18, 2025 @ 22:05:18.853",4624,"CP-AKT-002912",Negotiate,864,"2025-04-18T17:06:28.6983957Z",5,Advapi,SYSTEM
"Apr 18, 2025 @ 22:04:51.406",4624,"CP-AKT-000210",Negotiate,1036,"2025-04-18T17:06:01.2762041Z",5,Advapi,SYSTEM
"Apr 18, 2025 @ 22:04:51.375",4624,"CP-AKT-000210",Negotiate,1036,"2025-04-18T17:06:00.6676134Z",5,Advapi,SYSTEM
"Apr 18, 2025 @ 22:04:51.360",4624,"CP-AKT-000210",Negotiate,1036,"2025-04-18T17:06:00.6127441Z",2,Advapi,"DWM-2"
"Apr 18, 2025 @ 22:04:51.344",4624,"CP-AKT-000210",Negotiate,1036,"2025-04-18T17:06:00.6126891Z",2,Advapi,"DWM-2"
"Apr 18, 2025 @ 22:04:51.313",4624,"CP-AKT-000210",Negotiate,1036,"2025-04-18T17:06:00.5807190Z",2,Advapi,"UMFD-2"
"Apr 18, 2025 @ 22:04:45.339",4624,"CP-AKT-000210",Negotiate,1036,"2025-04-18T17:05:54.6072171Z",5,Advapi,SYSTEM
"Apr 18, 2025 @ 22:04:45.293",4624,"CP-AKT-002912",Negotiate,864,"2025-04-18T17:05:54.9295561Z",5,Advapi,SYSTEM
"Apr 18, 2025 @ 22:03:20.697",4624,"CP-AKT-000210",Negotiate,1036,"2025-04-18T17:04:29.9797108Z",5,Advapi,SYSTEM
"Apr 18, 2025 @ 22:01:34.804",4624,"CP-AKT-002912",Negotiate,864,"2025-04-18T17:02:44.3949221Z",5,Advapi,SYSTEM
"Apr 18, 2025 @ 22:01:29.644",4624,"CP-AKT-002912",Negotiate,864,"2025-04-18T17:02:39.2725561Z",5,Advapi,SYSTEM
"Apr 18, 2025 @ 22:00:34.019",4624,"LAB3-09",Negotiate,1060,"2025-04-18T17:00:29.2029330Z",5,Advapi,SYSTEM
"Apr 18, 2025 @ 22:00:20.380",4624,"LAB3-09",Negotiate,1060,"2025-04-18T17:00:15.5789019Z",5,Advapi,SYSTEM
"Apr 18, 2025 @ 22:00:20.380",4624,"LAB3-09",Negotiate,1060,"2025-04-18T17:00:15.8907963Z",5,Advapi,SYSTEM
"Apr 18, 2025 @ 21:59:44.875",4624,"CP-AKT-000210",Negotiate,1036,"2025-04-18T17:00:54.1886573Z",5,Advapi,SYSTEM
"Apr 18, 2025 @ 21:59:42.209",4624,"CP-AKT-002912",Negotiate,864,"2025-04-18T17:00:51.8412924Z",5,Advapi,SYSTEM
"Apr 18, 2025 @ 21:59:37.300",4624,"LAB3-09",Negotiate,1060,"2025-04-18T16:59:32.4858231Z",5,Advapi,SYSTEM
"Apr 18, 2025 @ 21:59:21.798",4624,"LAB3-11",Negotiate,988,"2025-04-18T17:00:31.9618819Z",5,Advapi,SYSTEM
"Apr 18, 2025 @ 21:59:21.793",4624,"LAB3-11",Negotiate,988,"2025-04-18T17:00:31.4326628Z",5,Advapi,SYSTEM
"Apr 18, 2025 @ 21:59:13.990",4624,"LAB3-09",Negotiate,1060,"2025-04-18T16:59:09.1828708Z",5,Advapi,SYSTEM
"Apr 18, 2025 @ 21:58:43.297",4624,"CP-AKT-000210",Negotiate,1036,"2025-04-18T16:59:52.6279470Z",5,Advapi,SYSTEM
"Apr 18, 2025 @ 21:58:43.297",4624,"CP-AKT-000210",Negotiate,1036,"2025-04-18T16:59:53.2964614Z",5,Advapi,SYSTEM
"Apr 18, 2025 @ 21:58:33.085",4624,"LAB3-10",Negotiate,1056,"2025-04-18T16:59:43.3998180Z",5,Advapi,SYSTEM
"Apr 18, 2025 @ 21:58:33.083",4624,"LAB3-10",Negotiate,1056,"2025-04-18T16:59:42.8618153Z",5,Advapi,SYSTEM
"Apr 18, 2025 @ 21:58:19.085",4624,"DESKTOP-5JEIKFF",Negotiate,1012,"2025-04-18T16:58:17.8613216Z",5,Advapi,SYSTEM
"Apr 18, 2025 @ 21:57:59.110",4624,"LAB3-09",Negotiate,1060,"2025-04-18T16:57:54.2966935Z",5,Advapi,SYSTEM
"Apr 18, 2025 @ 21:57:59.105",4624,"LAB3-09",Negotiate,1060,"2025-04-18T16:57:54.2956191Z",5,Advapi,SYSTEM
"Apr 18, 2025 @ 21:57:22.968",4624,"DESKTOP-5JEIKFF",Negotiate,1012,"2025-04-18T16:57:21.7448886Z",5,Advapi,SYSTEM
"Apr 18, 2025 @ 21:56:11.878",4624,"LAB3-18",Negotiate,1056,"2025-04-18T16:56:43.2583560Z",5,Advapi,SYSTEM
"Apr 18, 2025 @ 21:56:11.284",4624,"LAB3-09",Negotiate,1060,"2025-04-18T16:56:06.5023487Z",5,Advapi,SYSTEM
"Apr 18, 2025 @ 21:56:11.284",4624,"LAB3-09",Negotiate,1060,"2025-04-18T16:56:06.5352993Z",5,Advapi,SYSTEM
"Apr 18, 2025 @ 21:55:24.708",4624,"CP-AKT-002912",Negotiate,864,"2025-04-18T16:56:35.1790965Z",5,Advapi,SYSTEM
"Apr 18, 2025 @ 21:55:24.693",4624,"CP-AKT-002912",Negotiate,864,"2025-04-18T16:56:34.3312582Z",5,Advapi,SYSTEM
"Apr 18, 2025 @ 21:55:18.596",4624,"CP-AKT-002912",Negotiate,864,"2025-04-18T16:56:28.2444711Z",5,Advapi,SYSTEM
"Apr 18, 2025 @ 21:54:32.279",4624,"LAB3-10",Kerberos,1056,"2025-04-18T16:55:42.3568536Z",3,Kerberos,"LAB3-10$"
"Apr 18, 2025 @ 21:54:32.270",4624,"LAB3-10",Kerberos,1056,"2025-04-18T16:55:42.0312093Z",3,Kerberos,"LAB3-10$"
"Apr 18, 2025 @ 21:54:14.830",4624,"CP-AKT-002912",Negotiate,864,"2025-04-18T16:55:24.4610334Z",5,Advapi,SYSTEM
"Apr 18, 2025 @ 21:53:33.278",4624,"LAB3-11",Negotiate,988,"2025-04-18T16:54:42.8934493Z",5,Advapi,SYSTEM
"Apr 18, 2025 @ 21:52:50.199",4624,"DESKTOP-5JEIKFF",Negotiate,1012,"2025-04-18T16:52:48.9732613Z",5,Advapi,SYSTEM
"Apr 18, 2025 @ 21:52:41.690",4624,"CP-AKT-000210",Negotiate,1036,"2025-04-18T16:53:51.0876299Z",5,Advapi,SYSTEM
"Apr 18, 2025 @ 21:51:45.314",4624,"CP-AKT-002912",Negotiate,864,"2025-04-18T16:52:54.9531029Z",5,Advapi,SYSTEM
"Apr 18, 2025 @ 21:51:13.808",4624,"CP-AKT-002912",Negotiate,864,"2025-04-18T16:52:23.4577342Z",5,Advapi,SYSTEM
"Apr 18, 2025 @ 21:51:10.309",4624,"CP-AKT-002912",Negotiate,864,"2025-04-18T16:52:19.9399095Z",5,Advapi,SYSTEM
"Apr 18, 2025 @ 21:50:49.787",4624,"CP-AKT-002912",Negotiate,864,"2025-04-18T16:51:59.4308427Z",5,Advapi,SYSTEM
"Apr 18, 2025 @ 21:50:48.753",4624,"CP-AKT-002912",Negotiate,864,"2025-04-18T16:51:59.1469756Z",5,Advapi,SYSTEM
"Apr 18, 2025 @ 21:50:48.745",4624,"CP-AKT-002912",Negotiate,864,"2025-04-18T16:51:58.5868232Z",5,Advapi,"SQLTELEMETRY$SQLEXPRESS"
"Apr 18, 2025 @ 21:50:48.728",4624,"CP-AKT-002912",Negotiate,864,"2025-04-18T16:51:58.3445868Z",5,Advapi,SQLTELEMETRY
"Apr 18, 2025 @ 21:50:46.018",4624,"CP-AKT-002912",Negotiate,864,"2025-04-18T16:51:55.6064193Z",5,Advapi,MSSQLSERVER
"Apr 18, 2025 @ 21:50:43.413",4624,"CP-AKT-002912",Negotiate,864,"2025-04-18T16:51:53.0619839Z",5,Advapi,"MSSQL$SQLEXPRESS"
"Apr 18, 2025 @ 21:50:37.998",4624,"CP-AKT-002912",Negotiate,864,"2025-04-18T16:51:47.6591480Z",5,Advapi,SYSTEM
"Apr 18, 2025 @ 21:50:35.134",4624,"CP-AKT-002912",Negotiate,864,"2025-04-18T16:51:44.7710314Z",5,Advapi,SYSTEM
"Apr 18, 2025 @ 21:50:26.307",4624,"CP-AKT-002912",Negotiate,864,"2025-04-18T16:51:35.9644685Z",5,Advapi,SYSTEM
"Apr 18, 2025 @ 21:50:22.077",4624,"CP-AKT-002912",Negotiate,864,"2025-04-18T16:51:31.8625152Z",5,Advapi,SYSTEM
"Apr 18, 2025 @ 21:50:22.076",4624,"CP-AKT-002912",Negotiate,864,"2025-04-18T16:51:31.7198338Z",5,Advapi,SYSTEM
"Apr 18, 2025 @ 21:50:19.867",4624,"CP-AKT-002912",Negotiate,864,"2025-04-18T16:51:29.6288928Z",5,Advapi,SYSTEM
"Apr 18, 2025 @ 21:50:19.867",4624,"CP-AKT-002912",Negotiate,864,"2025-04-18T16:51:29.4973644Z",5,Advapi,SYSTEM
"Apr 18, 2025 @ 21:50:18.422",4624,"CP-AKT-002912",Negotiate,864,"2025-04-18T16:51:28.3558665Z",5,Advapi,SYSTEM
"Apr 18, 2025 @ 21:50:18.421",4624,"CP-AKT-002912",Negotiate,864,"2025-04-18T16:51:28.0653396Z",5,Advapi,SYSTEM
"Apr 18, 2025 @ 21:49:39.852",4624,"CP-AKT-002912",Negotiate,864,"2025-04-18T16:50:49.5646145Z",5,Advapi,SYSTEM
"Apr 18, 2025 @ 21:49:39.839",4624,"CP-AKT-002912",Negotiate,864,"2025-04-18T16:50:49.5369470Z",5,Advapi,SYSTEM
"Apr 18, 2025 @ 21:49:39.839",4624,"CP-AKT-002912",Negotiate,864,"2025-04-18T16:50:49.4744354Z",5,Advapi,SYSTEM
"Apr 18, 2025 @ 21:49:28.701",4624,"CP-AKT-002912",Negotiate,864,"2025-04-18T16:50:38.3364763Z",5,Advapi,SYSTEM
"Apr 18, 2025 @ 21:49:13.637",4624,"CP-AKT-002912",Negotiate,864,"2025-04-18T16:50:19.3620808Z",5,Advapi,SYSTEM
"Apr 18, 2025 @ 21:49:13.620",4624,"CP-AKT-002912",Negotiate,864,"2025-04-18T16:50:19.3170930Z",5,Advapi,SYSTEM
"Apr 18, 2025 @ 21:49:13.604",4624,"CP-AKT-002912",Negotiate,864,"2025-04-18T16:50:19.3168774Z",5,Advapi,SYSTEM
"Apr 18, 2025 @ 21:49:13.575",4624,"CP-AKT-002912",Kerberos,864,"2025-04-18T16:50:19.2867579Z",3,Kerberos,"CP-AKT-002912$"
"Apr 18, 2025 @ 21:49:13.543",4624,"CP-AKT-002912",Kerberos,864,"2025-04-18T16:50:19.0150783Z",3,Kerberos,"CP-AKT-002912$"
"Apr 18, 2025 @ 21:49:13.528",4624,"CP-AKT-002912",Negotiate,864,"2025-04-18T16:49:54.3390459Z",5,Advapi,SYSTEM
"Apr 18, 2025 @ 21:49:13.512",4624,"CP-AKT-002912",Negotiate,864,"2025-04-18T16:49:53.5837674Z",5,Advapi,SYSTEM
"Apr 18, 2025 @ 21:49:13.498",4624,"CP-AKT-002912",Negotiate,864,"2025-04-18T16:49:53.1192018Z",11,User32,"bsit22f.0038"
"Apr 18, 2025 @ 21:48:53.954",4624,"DESKTOP-5JEIKFF",Negotiate,1012,"2025-04-18T16:48:52.7950930Z",5,Advapi,SYSTEM
"Apr 18, 2025 @ 21:48:53.948",4624,"DESKTOP-5JEIKFF",Negotiate,1012,"2025-04-18T16:48:52.7223733Z",5,Advapi,SYSTEM
"Apr 18, 2025 @ 21:48:00.547",4624,"CP-AKT-002912",Negotiate,1048,"2025-04-18T16:49:10.1814444Z",5,Advapi,SYSTEM
"Apr 18, 2025 @ 21:47:57.750",4624,"DESKTOP-5JEIKFF",Negotiate,1012,"2025-04-18T16:47:56.5200774Z",5,Advapi,SYSTEM
"Apr 18, 2025 @ 21:46:25.663",4624,"LAB3-09",Negotiate,1060,"2025-04-18T16:46:20.8605213Z",5,Advapi,SYSTEM
"Apr 18, 2025 @ 21:46:25.662",4624,"LAB3-09",Negotiate,1060,"2025-04-18T16:46:20.8593198Z",5,Advapi,SYSTEM
"Apr 18, 2025 @ 21:44:19.939",4624,"CP-AKT-002912",Negotiate,1048,"2025-04-18T16:45:29.5872236Z",5,Advapi,SYSTEM
"Apr 18, 2025 @ 21:42:28.892",4624,"CP-AKT-002912",Negotiate,1048,"2025-04-18T16:43:38.5493882Z",5,Advapi,SYSTEM
"Apr 18, 2025 @ 21:40:08.591",4624,"CP-AKT-000210",Negotiate,1036,"2025-04-18T16:41:18.7192671Z",5,Advapi,SYSTEM
"Apr 18, 2025 @ 21:40:08.589",4624,"CP-AKT-000210",Negotiate,1036,"2025-04-18T16:41:18.0845578Z",5,Advapi,SYSTEM
"Apr 18, 2025 @ 21:37:02.649",4624,"LAB3-09",Negotiate,1060,"2025-04-18T16:36:57.8865719Z",5,Advapi,SYSTEM
"Apr 18, 2025 @ 21:36:44.509",4624,"CP-AKT-000210",Negotiate,1036,"2025-04-18T16:37:54.0039620Z",5,Advapi,SYSTEM
"Apr 18, 2025 @ 21:36:40.193",4624,"CP-AKT-000210",Negotiate,1036,"2025-04-18T16:37:49.6812396Z",5,Advapi,SYSTEM
"Apr 18, 2025 @ 21:35:41.095",4624,"LAB3-09",Negotiate,1060,"2025-04-18T16:35:36.3440935Z",5,Advapi,SYSTEM
"Apr 18, 2025 @ 21:35:11.996",4624,"DESKTOP-5JEIKFF",Negotiate,1012,"2025-04-18T16:35:10.8208778Z",5,Advapi,SYSTEM
"Apr 18, 2025 @ 21:35:10.533",4624,"DESKTOP-5JEIKFF",Negotiate,1012,"2025-04-18T16:35:09.3095513Z",5,Advapi,SYSTEM
"Apr 18, 2025 @ 21:35:07.434",4624,"DESKTOP-5JEIKFF",Negotiate,1012,"2025-04-18T16:35:06.2120929Z",5,Advapi,SYSTEM
"Apr 18, 2025 @ 21:34:44.622",4624,"DESKTOP-5JEIKFF",Negotiate,1012,"2025-04-18T16:34:44.1866428Z",5,Advapi,SYSTEM
"Apr 18, 2025 @ 21:34:44.617",4624,"DESKTOP-5JEIKFF",Negotiate,1012,"2025-04-18T16:34:44.1821992Z",5,Advapi,SYSTEM
"Apr 18, 2025 @ 21:34:44.612",4624,"DESKTOP-5JEIKFF",Negotiate,1012,"2025-04-18T16:34:44.1818052Z",5,Advapi,SYSTEM
"Apr 18, 2025 @ 21:34:44.608",4624,"DESKTOP-5JEIKFF",Negotiate,1012,"2025-04-18T16:34:44.1807473Z",5,Advapi,SYSTEM
"Apr 18, 2025 @ 21:34:44.602",4624,"DESKTOP-5JEIKFF",Negotiate,1012,"2025-04-18T16:34:44.1802955Z",5,Advapi,SYSTEM
"Apr 18, 2025 @ 21:34:44.597",4624,"DESKTOP-5JEIKFF",Negotiate,1012,"2025-04-18T16:34:44.1791544Z",5,Advapi,SYSTEM
"Apr 18, 2025 @ 21:34:44.581",4624,"DESKTOP-5JEIKFF",Negotiate,1012,"2025-04-18T16:34:43.3604000Z",5,Advapi,SYSTEM
"Apr 18, 2025 @ 21:34:43.520",4624,"DESKTOP-5JEIKFF",Negotiate,1012,"2025-04-18T16:34:42.3001961Z",5,Advapi,SYSTEM
"Apr 18, 2025 @ 21:34:40.067",4624,"DESKTOP-5JEIKFF",Negotiate,1012,"2025-04-18T16:34:38.9281390Z",5,Advapi,SYSTEM
"Apr 18, 2025 @ 21:34:40.062",4624,"DESKTOP-5JEIKFF",Negotiate,1012,"2025-04-18T16:34:38.8365471Z",5,Advapi,SYSTEM
"Apr 18, 2025 @ 21:34:40.056",4624,"DESKTOP-5JEIKFF",Negotiate,1012,"2025-04-18T16:34:38.8361785Z",5,Advapi,SYSTEM
"Apr 18, 2025 @ 21:34:40.051",4624,"DESKTOP-5JEIKFF",Negotiate,1012,"2025-04-18T16:34:38.8350326Z",5,Advapi,SYSTEM
"Apr 18, 2025 @ 21:34:40.048",4624,"DESKTOP-5JEIKFF",Negotiate,1012,"2025-04-18T16:34:38.8345586Z",5,Advapi,SYSTEM
"Apr 18, 2025 @ 21:34:40.046",4624,"DESKTOP-5JEIKFF",Negotiate,1012,"2025-04-18T16:34:38.8328201Z",5,Advapi,SYSTEM
"Apr 18, 2025 @ 21:34:35.935",4624,"DESKTOP-5JEIKFF",Negotiate,1012,"2025-04-18T16:34:34.7222333Z",5,Advapi,SYSTEM
"Apr 18, 2025 @ 21:33:34.558",4624,"LAB3-09",Negotiate,1060,"2025-04-18T16:33:29.8083520Z",5,Advapi,SYSTEM
"Apr 18, 2025 @ 21:33:34.553",4624,"LAB3-09",Negotiate,1060,"2025-04-18T16:33:29.8061297Z",5,Advapi,SYSTEM
"Apr 18, 2025 @ 21:32:58.353",4624,"CP-AKT-000210",Negotiate,1036,"2025-04-18T16:34:07.8410194Z",5,Advapi,SYSTEM
"Apr 18, 2025 @ 21:32:23.478",4624,"LAB3-18",Negotiate,1056,"2025-04-18T16:33:42.3983296Z",5,Advapi,SYSTEM
"Apr 18, 2025 @ 21:31:50.127",4624,"LAB3-18",Negotiate,1056,"2025-04-18T16:32:58.6155672Z",5,Advapi,SYSTEM
"Apr 18, 2025 @ 21:31:04.752",4624,"DESKTOP-5JEIKFF",Negotiate,1012,"2025-04-18T16:31:03.5217900Z",2,User32,Project
"Apr 18, 2025 @ 21:31:04.751",4624,"DESKTOP-5JEIKFF",Negotiate,1012,"2025-04-18T16:31:03.5217830Z",2,User32,Project
"Apr 18, 2025 @ 21:30:56.877",4624,"DESKTOP-5JEIKFF",Negotiate,1012,"2025-04-18T16:30:55.6606903Z",5,Advapi,SYSTEM
"Apr 18, 2025 @ 21:29:26.229",4624,"CP-AKT-000210",Negotiate,1036,"2025-04-18T16:30:35.7520760Z",5,Advapi,SYSTEM
"Apr 18, 2025 @ 21:27:43.000",4624,"LAB3-18",Negotiate,1056,"2025-04-18T16:27:41.1988660Z",5,Advapi,SYSTEM
"Apr 18, 2025 @ 21:27:32.502",4624,"DESKTOP-5JEIKFF",Negotiate,1012,"2025-04-18T16:27:31.3097063Z",5,Advapi,SYSTEM
"Apr 18, 2025 @ 21:27:25.548",4624,"LAB3-18",Negotiate,1056,"2025-04-18T16:27:23.7388787Z",5,Advapi,SYSTEM
"Apr 18, 2025 @ 21:27:22.035",4624,"LAB3-18",Negotiate,1056,"2025-04-18T16:27:20.2387102Z",5,Advapi,SYSTEM
"Apr 18, 2025 @ 21:26:38.989",4624,"CP-AKT-000210",Negotiate,1036,"2025-04-18T16:27:48.5258968Z",5,Advapi,SYSTEM
"Apr 18, 2025 @ 21:26:35.252",4624,"LAB3-10",Kerberos,1056,"2025-04-18T16:27:45.1506699Z",3,Kerberos,"ADMANAGER$"
"Apr 18, 2025 @ 21:26:35.236",4624,"LAB3-10",NTLM,1056,"2025-04-18T16:27:45.1380337Z",3,NtLmSsp,"ADMANAGER$"
"Apr 18, 2025 @ 21:26:35.218",4624,"LAB3-10",Kerberos,1056,"2025-04-18T16:27:45.0797923Z",3,Kerberos,Administrator
"Apr 18, 2025 @ 21:26:35.212",4624,"LAB3-10",Kerberos,1056,"2025-04-18T16:27:45.0461691Z",3,Kerberos,Administrator
"Apr 18, 2025 @ 21:25:53.067",4624,"LAB3-11",Negotiate,988,"2025-04-18T16:27:02.7633005Z",5,Advapi,SYSTEM
"Apr 18, 2025 @ 21:25:47.490",4624,"LAB3-11",Negotiate,988,"2025-04-18T16:26:57.1925640Z",5,Advapi,SYSTEM
"Apr 18, 2025 @ 21:25:46.313",4624,"LAB3-11",Negotiate,988,"2025-04-18T16:26:56.1837474Z",5,Advapi,SYSTEM
"Apr 18, 2025 @ 21:25:46.313",4624,"LAB3-11",Negotiate,988,"2025-04-18T16:26:56.0083377Z",5,Advapi,SYSTEM
"Apr 18, 2025 @ 21:25:42.179",4624,"LAB3-11",Negotiate,988,"2025-04-18T16:26:51.8724954Z",5,Advapi,SYSTEM
"Apr 18, 2025 @ 21:23:18.441",4624,"LAB3-18",Negotiate,1056,"2025-04-18T16:23:17.5546114Z",5,Advapi,SYSTEM
"Apr 18, 2025 @ 21:23:18.440",4624,"LAB3-18",Negotiate,1056,"2025-04-18T16:23:16.6335944Z",5,Advapi,SYSTEM
"Apr 18, 2025 @ 21:23:17.242",4624,"LAB3-18",Negotiate,1056,"2025-04-18T16:23:15.4412096Z",5,Advapi,SYSTEM
"Apr 18, 2025 @ 21:23:11.686",4624,"CP-AKT-000210",Negotiate,1036,"2025-04-18T16:24:21.2660949Z",5,Advapi,SYSTEM
"Apr 18, 2025 @ 21:23:09.449",4624,"LAB3-18",Kerberos,1056,"2025-04-18T16:22:56.0220784Z",3,Kerberos,"ADMANAGER$"
"Apr 18, 2025 @ 21:23:09.432",4625,"LAB3-18",NTLM,1056,"2025-04-18T16:22:56.0202696Z",3,NtLmSsp,"ADMANAGER$"
"Apr 18, 2025 @ 21:23:09.417",4625,"LAB3-18",NTLM,1056,"2025-04-18T16:22:56.0184816Z",3,NtLmSsp,"ADMANAGER$"
"Apr 18, 2025 @ 21:23:09.401",4624,"LAB3-18",Kerberos,1056,"2025-04-18T16:22:56.0083105Z",3,Kerberos,Administrator
"Apr 18, 2025 @ 21:23:09.386",4624,"LAB3-18",Kerberos,1056,"2025-04-18T16:22:55.9893743Z",3,Kerberos,Administrator
"Apr 18, 2025 @ 21:23:09.370",4625,"LAB3-18",NTLM,1056,"2025-04-18T16:22:54.9610621Z",3,NtLmSsp,Administrator
"Apr 18, 2025 @ 21:23:09.354",4624,"LAB3-18",Negotiate,1056,"2025-04-18T16:22:23.4128943Z",5,Advapi,SYSTEM
"Apr 18, 2025 @ 21:23:09.339",4624,"LAB3-18",Negotiate,1056,"2025-04-18T16:22:19.9740038Z",5,Advapi,SYSTEM
"Apr 18, 2025 @ 21:23:06.574",4624,"CP-AKT-000210",Negotiate,1036,"2025-04-18T16:24:16.1679722Z",5,Advapi,SYSTEM
"Apr 18, 2025 @ 21:22:52.992",4624,"LAB3-10",Negotiate,1056,"2025-04-18T16:24:02.7709027Z",5,Advapi,SYSTEM
"Apr 18, 2025 @ 21:22:32.695",4624,"DESKTOP-5JEIKFF",Negotiate,1012,"2025-04-18T16:22:31.4162007Z",5,Advapi,SYSTEM
"Apr 18, 2025 @ 21:22:32.613",4624,"DESKTOP-5JEIKFF",Negotiate,1012,"2025-04-18T16:22:31.3773863Z",5,Advapi,SYSTEM
"Apr 18, 2025 @ 21:21:07.822",4624,"LAB3-09",Kerberos,1060,"2025-04-18T16:21:03.2789496Z",3,Kerberos,"LAB3-09$"
"Apr 18, 2025 @ 21:21:07.819",4624,"LAB3-09",Kerberos,1060,"2025-04-18T16:21:03.0896086Z",3,Kerberos,"LAB3-09$"
"Apr 18, 2025 @ 21:20:18.918",4624,"CP-AKT-002912",Negotiate,1048,"2025-04-18T16:21:28.6202202Z",5,Advapi,SYSTEM
"Apr 18, 2025 @ 21:18:02.653",4624,"LAB3-18",Negotiate,1056,"2025-04-18T16:18:00.9859036Z",5,Advapi,SYSTEM
"Apr 18, 2025 @ 21:17:58.254",4624,"LAB3-18",Negotiate,1056,"2025-04-18T16:17:56.6141481Z",5,Advapi,SYSTEM
"Apr 18, 2025 @ 21:16:32.291",4624,"DESKTOP-5JEIKFF",Negotiate,1012,"2025-04-18T16:16:31.2378763Z",5,Advapi,SYSTEM
"Apr 18, 2025 @ 21:16:32.284",4624,"DESKTOP-5JEIKFF",Negotiate,1012,"2025-04-18T16:16:31.0485089Z",5,Advapi,SYSTEM
"Apr 18, 2025 @ 21:13:10.505",4624,"CP-AKT-000210",Negotiate,1036,"2025-04-18T16:14:20.0297681Z",5,Advapi,SYSTEM
"Apr 18, 2025 @ 21:11:48.550",4624,"LAB3-18",Negotiate,1056,"2025-04-18T16:11:46.2455870Z",5,Advapi,SYSTEM
"Apr 18, 2025 @ 21:10:24.462",4624,"DESKTOP-5JEIKFF",Negotiate,1012,"2025-04-18T16:10:23.2920310Z",5,Advapi,SYSTEM
"Apr 18, 2025 @ 21:10:24.150",4624,"CP-AKT-000210",Negotiate,1036,"2025-04-18T16:11:33.7053569Z",5,Advapi,SYSTEM
"Apr 18, 2025 @ 21:10:18.261",4624,"DESKTOP-5JEIKFF",Negotiate,1012,"2025-04-18T16:10:17.1761188Z",5,Advapi,SYSTEM
"Apr 18, 2025 @ 21:10:18.249",4624,"DESKTOP-5JEIKFF",Negotiate,1012,"2025-04-18T16:10:17.0029962Z",5,Advapi,SYSTEM
"Apr 18, 2025 @ 21:10:18.213",4624,"DESKTOP-5JEIKFF",Negotiate,1012,"2025-04-18T16:10:16.9755146Z",5,Advapi,SYSTEM
"Apr 18, 2025 @ 21:10:18.210",4624,"DESKTOP-5JEIKFF",Negotiate,1012,"2025-04-18T16:10:16.9739503Z",5,Advapi,SYSTEM
"Apr 18, 2025 @ 21:09:06.573",4624,"CP-AKT-000210",Negotiate,1036,"2025-04-18T16:10:16.1569682Z",5,Advapi,SYSTEM
"Apr 18, 2025 @ 21:08:40.879",4624,"CP-AKT-000210",Negotiate,1036,"2025-04-18T16:09:50.4651495Z",5,Advapi,SYSTEM
"Apr 18, 2025 @ 21:08:37.482",4624,"CP-AKT-000210",Negotiate,1036,"2025-04-18T16:09:47.2349911Z",5,Advapi,SYSTEM
"Apr 18, 2025 @ 21:08:37.477",4624,"CP-AKT-000210",Negotiate,1036,"2025-04-18T16:09:47.0615035Z",5,Advapi,SYSTEM
"Apr 18, 2025 @ 21:08:33.775",4624,"CP-AKT-000210",Negotiate,1036,"2025-04-18T16:09:43.3543028Z",5,Advapi,SYSTEM
"Apr 18, 2025 @ 21:08:20.018",4624,"CP-AKT-002912",Negotiate,1048,"2025-04-18T16:09:29.7700334Z",5,Advapi,SYSTEM
"Apr 18, 2025 @ 21:08:20.006",4624,"CP-AKT-002912",Negotiate,1048,"2025-04-18T16:09:29.7552298Z",2,User32,"bsit22f.0038"
"Apr 18, 2025 @ 21:08:14.916",4625,"CP-AKT-002912",Negotiate,1048,"2025-04-18T16:09:24.6664486Z",2,User32,"bsit22f.0038"
"Apr 18, 2025 @ 21:07:31.570",4624,"CP-AKT-002912",Negotiate,1048,"2025-04-18T16:08:41.3267486Z",5,Advapi,SYSTEM
"Apr 18, 2025 @ 21:07:31.570",4624,"CP-AKT-002912",Negotiate,1048,"2025-04-18T16:08:41.3780559Z",5,Advapi,SYSTEM
"Apr 18, 2025 @ 21:06:04.094",4624,"LAB3-09",Negotiate,1060,"2025-04-18T16:05:59.4209200Z",5,Advapi,SYSTEM
"Apr 18, 2025 @ 21:03:11.508",4624,"LAB3-18",Negotiate,1056,"2025-04-18T16:03:07.1375348Z",5,Advapi,SYSTEM
"Apr 18, 2025 @ 21:03:08.054",4624,"DESKTOP-5JEIKFF",Negotiate,1012,"2025-04-18T16:03:06.8023300Z",5,Advapi,SYSTEM
"Apr 18, 2025 @ 21:02:08.043",4624,"LAB3-11",Negotiate,988,"2025-04-18T16:03:17.7643242Z",5,Advapi,SYSTEM
"Apr 18, 2025 @ 21:02:06.965",4624,"LAB3-11",Negotiate,988,"2025-04-18T16:03:16.6725977Z",5,Advapi,SYSTEM
"Apr 18, 2025 @ 21:01:44.251",4624,"LAB3-11",Negotiate,988,"2025-04-18T16:02:54.7136027Z",5,Advapi,SYSTEM
"Apr 18, 2025 @ 21:01:44.236",4624,"LAB3-11",Negotiate,988,"2025-04-18T16:02:54.7086727Z",5,Advapi,SYSTEM
"Apr 18, 2025 @ 21:01:44.220",4624,"LAB3-11",Negotiate,988,"2025-04-18T16:02:54.7076582Z",5,Advapi,SYSTEM
"Apr 18, 2025 @ 21:01:44.204",4624,"LAB3-11",Negotiate,988,"2025-04-18T16:02:54.7045234Z",5,Advapi,SYSTEM
"Apr 18, 2025 @ 21:01:44.189",4624,"LAB3-11",Negotiate,988,"2025-04-18T16:02:54.7035160Z",5,Advapi,SYSTEM
"Apr 18, 2025 @ 21:01:44.183",4624,"LAB3-11",Negotiate,988,"2025-04-18T16:02:54.7006294Z",5,Advapi,SYSTEM
"Apr 18, 2025 @ 21:01:44.178",4624,"LAB3-11",Negotiate,988,"2025-04-18T16:02:53.9007132Z",5,Advapi,SYSTEM
"Apr 18, 2025 @ 21:01:43.126",4624,"LAB3-11",Negotiate,988,"2025-04-18T16:02:52.8421135Z",5,Advapi,SYSTEM
"Apr 18, 2025 @ 21:01:38.292",4624,"LAB3-10",Negotiate,1056,"2025-04-18T16:02:48.0470100Z",5,Advapi,SYSTEM
"Apr 18, 2025 @ 21:00:59.846",4624,"LAB3-11",Negotiate,988,"2025-04-18T16:02:09.5236758Z",5,Advapi,SYSTEM
"Apr 18, 2025 @ 21:00:59.830",4624,"LAB3-11",Negotiate,988,"2025-04-18T16:02:09.5187581Z",5,Advapi,SYSTEM
"Apr 18, 2025 @ 21:00:59.815",4624,"LAB3-11",Negotiate,988,"2025-04-18T16:02:09.5179941Z",5,Advapi,SYSTEM
"Apr 18, 2025 @ 21:00:59.799",4624,"LAB3-11",Negotiate,988,"2025-04-18T16:02:09.5154021Z",5,Advapi,SYSTEM
"Apr 18, 2025 @ 21:00:59.794",4624,"LAB3-11",Negotiate,988,"2025-04-18T16:02:09.5147157Z",5,Advapi,SYSTEM
"Apr 18, 2025 @ 21:00:59.789",4624,"LAB3-11",Negotiate,988,"2025-04-18T16:02:09.5106921Z",5,Advapi,SYSTEM
"Apr 18, 2025 @ 21:00:55.640",4624,"LAB3-11",Negotiate,988,"2025-04-18T16:02:05.3628346Z",5,Advapi,SYSTEM
"Apr 18, 2025 @ 20:59:05.720",4624,"LAB3-18",Negotiate,1056,"2025-04-18T15:58:56.3899106Z",5,Advapi,SYSTEM
"Apr 18, 2025 @ 20:59:05.705",4624,"LAB3-18",Negotiate,1056,"2025-04-18T15:58:55.7919836Z",5,Advapi,SYSTEM
"Apr 18, 2025 @ 20:59:04.862",4624,"LAB3-09",Negotiate,1060,"2025-04-18T15:58:59.6382404Z",5,Advapi,SYSTEM
"Apr 18, 2025 @ 20:59:04.842",4624,"LAB3-11",Negotiate,988,"2025-04-18T16:00:06.5151102Z",5,Advapi,SYSTEM
"Apr 18, 2025 @ 20:59:04.842",4624,"LAB3-11",Negotiate,988,"2025-04-18T16:00:07.1534889Z",5,Advapi,SYSTEM
"Apr 18, 2025 @ 20:58:53.745",4624,"LAB3-18",Negotiate,1056,"2025-04-18T15:58:41.2835474Z",5,Advapi,SYSTEM
"Apr 18, 2025 @ 20:58:53.682",4624,"LAB3-18",Negotiate,1056,"2025-04-18T15:53:51.8362705Z",5,Advapi,SYSTEM
"Apr 18, 2025 @ 20:58:53.651",4624,"LAB3-18",Negotiate,1056,"2025-04-18T15:49:25.9629489Z",5,Advapi,SYSTEM
"Apr 18, 2025 @ 20:58:53.605",4624,"LAB3-18",Negotiate,1056,"2025-04-18T15:46:32.8932978Z",5,Advapi,SYSTEM
"Apr 18, 2025 @ 20:58:53.573",4624,"LAB3-18",Negotiate,1056,"2025-04-18T15:42:29.7182656Z",5,Advapi,SYSTEM
"Apr 18, 2025 @ 20:58:53.542",4624,"LAB3-18",Negotiate,1056,"2025-04-18T15:32:21.3020240Z",5,Advapi,SYSTEM
"Apr 18, 2025 @ 20:58:53.511",4624,"LAB3-18",Negotiate,1056,"2025-04-18T15:31:25.9627244Z",5,Advapi,SYSTEM
"Apr 18, 2025 @ 20:58:53.480",4624,"LAB3-18",Negotiate,1056,"2025-04-18T15:31:25.9121543Z",5,Advapi,SYSTEM
"Apr 18, 2025 @ 20:58:53.418",4624,"LAB3-18",Negotiate,1056,"2025-04-18T15:27:08.6143950Z",5,Advapi,SYSTEM
"Apr 18, 2025 @ 20:58:53.355",4624,"LAB3-18",Negotiate,1056,"2025-04-18T15:23:09.1024103Z",5,Advapi,SYSTEM
"Apr 18, 2025 @ 20:58:53.230",4624,"LAB3-18",Kerberos,1056,"2025-04-18T15:22:35.1093697Z",3,Kerberos,"ADMANAGER$"
"Apr 18, 2025 @ 20:58:53.198",4624,"LAB3-18",NTLM,1056,"2025-04-18T15:22:35.1047864Z",3,NtLmSsp,"ADMANAGER$"
"Apr 18, 2025 @ 20:58:53.167",4624,"LAB3-18",Kerberos,1056,"2025-04-18T15:22:35.0943983Z",3,Kerberos,Administrator
"Apr 18, 2025 @ 20:58:53.135",4624,"LAB3-18",NTLM,1056,"2025-04-18T15:22:35.0777476Z",3,NtLmSsp,Administrator
"Apr 18, 2025 @ 20:58:53.012",4624,"LAB3-18",Negotiate,1056,"2025-04-18T15:03:08.6607694Z",5,Advapi,SYSTEM
"Apr 18, 2025 @ 20:58:52.948",4624,"LAB3-18",Negotiate,1056,"2025-04-18T14:56:35.3131456Z",5,Advapi,SYSTEM
"Apr 18, 2025 @ 20:58:52.792",4624,"LAB3-18",Negotiate,1056,"2025-04-18T14:40:13.0110930Z",5,Advapi,SYSTEM
"Apr 18, 2025 @ 20:58:52.699",4624,"LAB3-18",Negotiate,1056,"2025-04-18T14:22:51.1765607Z",5,Advapi,SYSTEM
"Apr 18, 2025 @ 20:58:52.558",4624,"LAB3-18",Kerberos,1056,"2025-04-18T14:20:38.1730916Z",3,Kerberos,"ADMANAGER$"
"Apr 18, 2025 @ 20:58:52.527",4624,"LAB3-18",NTLM,1056,"2025-04-18T14:20:38.1703494Z",3,NtLmSsp,"ADMANAGER$"
"Apr 18, 2025 @ 20:58:52.497",4624,"LAB3-18",Kerberos,1056,"2025-04-18T14:20:38.1574574Z",3,Kerberos,Administrator
"Apr 18, 2025 @ 20:58:52.465",4624,"LAB3-18",NTLM,1056,"2025-04-18T14:20:38.1405865Z",3,NtLmSsp,Administrator
"Apr 18, 2025 @ 20:58:52.403",4624,"LAB3-18",Negotiate,1056,"2025-04-18T14:06:16.3731252Z",5,Advapi,SYSTEM
"Apr 18, 2025 @ 20:58:52.370",4624,"LAB3-18",Negotiate,1056,"2025-04-18T14:04:48.3970330Z",5,Advapi,SYSTEM
"Apr 18, 2025 @ 20:58:52.339",4624,"LAB3-18",Negotiate,1056,"2025-04-18T14:02:28.0891940Z",5,Advapi,SYSTEM
"Apr 18, 2025 @ 20:58:52.293",4624,"LAB3-18",Negotiate,1056,"2025-04-18T13:58:51.7952716Z",5,Advapi,SYSTEM
"Apr 18, 2025 @ 20:58:52.262",4624,"LAB3-18",Negotiate,1056,"2025-04-18T13:57:19.7255647Z",5,Advapi,SYSTEM
"Apr 18, 2025 @ 20:58:52.231",4624,"LAB3-18",Negotiate,1056,"2025-04-18T13:53:45.7545584Z",5,Advapi,SYSTEM
"Apr 18, 2025 @ 20:58:52.200",4624,"LAB3-18",Negotiate,1056,"2025-04-18T13:53:00.2410866Z",5,Advapi,SYSTEM
"Apr 18, 2025 @ 20:58:52.138",4624,"LAB3-18",Kerberos,1056,"2025-04-18T13:52:56.9648467Z",3,Kerberos,"LAB3-18$"
"Apr 18, 2025 @ 20:58:52.074",4624,"LAB3-18",Kerberos,1056,"2025-04-18T13:52:56.6975195Z",3,Kerberos,"LAB3-18$"
"Apr 18, 2025 @ 20:58:52.043",4624,"LAB3-18",Negotiate,1056,"2025-04-18T13:52:56.6122822Z",5,Advapi,SYSTEM
"Apr 18, 2025 @ 20:58:52.012",4624,"LAB3-18",Negotiate,1056,"2025-04-18T13:47:42.0327975Z",5,Advapi,SYSTEM
"Apr 18, 2025 @ 20:58:51.981",4624,"LAB3-18",Negotiate,1056,"2025-04-18T13:47:00.2783169Z",5,Advapi,SYSTEM
"Apr 18, 2025 @ 20:58:51.965",4624,"LAB3-18",Negotiate,1056,"2025-04-18T13:46:56.9681994Z",5,Advapi,SYSTEM
"Apr 18, 2025 @ 20:58:51.809",4624,"LAB3-18",Negotiate,1056,"2025-04-18T13:24:25.3441121Z",5,Advapi,SYSTEM
"Apr 18, 2025 @ 20:58:51.623",4624,"LAB3-18",Negotiate,1056,"2025-04-18T13:20:32.8899991Z",5,Advapi,SYSTEM
"Apr 18, 2025 @ 20:58:51.590",4624,"LAB3-18",Kerberos,1056,"2025-04-18T13:20:28.3109969Z",3,Kerberos,"ADMANAGER$"
"Apr 18, 2025 @ 20:58:51.559",4624,"LAB3-18",NTLM,1056,"2025-04-18T13:20:28.3083846Z",3,NtLmSsp,"ADMANAGER$"
"Apr 18, 2025 @ 20:58:51.528",4624,"LAB3-18",Kerberos,1056,"2025-04-18T13:20:28.2973035Z",3,Kerberos,Administrator
"Apr 18, 2025 @ 20:58:51.497",4624,"LAB3-18",NTLM,1056,"2025-04-18T13:20:28.2807599Z",3,NtLmSsp,Administrator
"Apr 18, 2025 @ 20:58:51.464",4624,"LAB3-18",Negotiate,1056,"2025-04-18T13:19:50.4364379Z",5,Advapi,SYSTEM
"Apr 18, 2025 @ 20:58:51.324",4624,"LAB3-18",Negotiate,1056,"2025-04-18T12:56:00.2038970Z",5,Advapi,SYSTEM
"Apr 18, 2025 @ 20:58:51.293",4624,"LAB3-18",Negotiate,1056,"2025-04-18T12:53:55.1191179Z",5,Advapi,SYSTEM
"Apr 18, 2025 @ 20:58:51.230",4624,"LAB3-18",Negotiate,1056,"2025-04-18T12:47:55.3138168Z",5,Advapi,SYSTEM
"Apr 18, 2025 @ 20:58:51.183",4624,"LAB3-18",Negotiate,1056,"2025-04-18T12:47:52.6159643Z",5,Advapi,SYSTEM
"Apr 18, 2025 @ 20:58:51.152",4624,"LAB3-18",Negotiate,1056,"2025-04-18T12:47:43.0042770Z",5,Advapi,SYSTEM
"Apr 18, 2025 @ 20:58:51.121",4624,"LAB3-18",Negotiate,1056,"2025-04-18T12:47:40.7887220Z",5,Advapi,SYSTEM
"Apr 18, 2025 @ 20:58:51.042",4624,"LAB3-18",Negotiate,1056,"2025-04-18T12:45:04.2523759Z",5,Advapi,SYSTEM
"Apr 18, 2025 @ 20:58:50.948",4624,"LAB3-18",Negotiate,1056,"2025-04-18T12:37:37.9628324Z",5,Advapi,SYSTEM
"Apr 18, 2025 @ 20:58:50.886",4624,"LAB3-18",Negotiate,1056,"2025-04-18T12:33:25.7574815Z",5,Advapi,SYSTEM
"Apr 18, 2025 @ 20:58:50.855",4624,"LAB3-18",Negotiate,1056,"2025-04-18T12:33:14.1306201Z",5,Advapi,SYSTEM
"Apr 18, 2025 @ 20:58:50.792",4624,"LAB3-18",Negotiate,1056,"2025-04-18T12:31:07.7564702Z",5,Advapi,SYSTEM
"Apr 18, 2025 @ 20:58:50.746",4624,"LAB3-18",Negotiate,1056,"2025-04-18T12:31:07.3191681Z",5,Advapi,SYSTEM
"Apr 18, 2025 @ 20:58:50.683",4624,"LAB3-18",Negotiate,1056,"2025-04-18T12:25:55.9822104Z",5,Advapi,SYSTEM
"Apr 18, 2025 @ 20:58:50.636",4624,"LAB3-18",Negotiate,1056,"2025-04-18T12:22:12.6364265Z",5,Advapi,SYSTEM
"Apr 18, 2025 @ 20:58:50.464",4624,"LAB3-18",Negotiate,1056,"2025-04-18T12:18:22.0670113Z",5,Advapi,SYSTEM
"Apr 18, 2025 @ 20:58:50.433",4624,"LAB3-18",Kerberos,1056,"2025-04-18T12:18:12.1362213Z",3,Kerberos,"ADMANAGER$"
"Apr 18, 2025 @ 20:58:50.402",4624,"LAB3-18",NTLM,1056,"2025-04-18T12:18:12.1301553Z",3,NtLmSsp,"ADMANAGER$"
"Apr 18, 2025 @ 20:58:50.371",4624,"LAB3-18",Negotiate,1056,"2025-04-18T12:18:10.9881488Z",5,Advapi,SYSTEM
"Apr 18, 2025 @ 20:58:50.340",4624,"LAB3-18",Kerberos,1056,"2025-04-18T12:18:10.8903029Z",3,Kerberos,Administrator
"Apr 18, 2025 @ 20:58:50.308",4624,"LAB3-18",Kerberos,1056,"2025-04-18T12:18:10.8704273Z",3,Kerberos,Administrator
"Apr 18, 2025 @ 20:58:50.215",4624,"LAB3-18",Negotiate,1056,"2025-04-18T11:59:34.8315695Z",5,Advapi,SYSTEM
"Apr 18, 2025 @ 20:58:50.137",4624,"LAB3-18",Negotiate,1056,"2025-04-18T11:52:38.9356496Z",5,Advapi,SYSTEM
"Apr 18, 2025 @ 20:58:50.090",4624,"LAB3-18",Negotiate,1056,"2025-04-18T11:48:39.5577114Z",5,Advapi,SYSTEM
"Apr 18, 2025 @ 20:58:50.028",4624,"LAB3-18",Negotiate,1056,"2025-04-18T11:45:22.1743493Z",5,Advapi,SYSTEM
"Apr 18, 2025 @ 20:58:50.012",4624,"LAB3-18",Negotiate,1056,"2025-04-18T11:44:43.3296526Z",5,Advapi,SYSTEM
"Apr 18, 2025 @ 20:58:49.949",4624,"LAB3-18",Kerberos,1056,"2025-04-18T11:43:38.1473666Z",3,Kerberos,"LAB3-18$"
"Apr 18, 2025 @ 20:58:49.903",4624,"LAB3-18",Kerberos,1056,"2025-04-18T11:43:37.9075402Z",3,Kerberos,"LAB3-18$"
"Apr 18, 2025 @ 20:58:49.887",4624,"LAB3-18",Negotiate,1056,"2025-04-18T11:33:30.4408243Z",5,Advapi,SYSTEM
"Apr 18, 2025 @ 20:58:49.871",4624,"LAB3-18",Negotiate,1056,"2025-04-18T11:33:26.0378825Z",5,Advapi,SYSTEM
"Apr 18, 2025 @ 20:58:49.840",4624,"LAB3-18",Negotiate,1056,"2025-04-18T11:22:25.0913273Z",5,Advapi,SYSTEM
"Apr 18, 2025 @ 20:58:49.809",4624,"LAB3-18",Negotiate,1056,"2025-04-18T11:20:07.1599432Z",5,Advapi,SYSTEM
"Apr 18, 2025 @ 20:58:49.777",4624,"LAB3-18",Negotiate,1056,"2025-04-18T11:19:10.6839664Z",5,Advapi,SYSTEM
"Apr 18, 2025 @ 20:58:49.747",4624,"LAB3-18",Negotiate,1056,"2025-04-18T11:17:03.1678675Z",5,Advapi,SYSTEM
"Apr 18, 2025 @ 20:58:49.715",4624,"LAB3-18",Negotiate,1056,"2025-04-18T11:15:36.9158310Z",5,Advapi,SYSTEM
"Apr 18, 2025 @ 20:58:49.669",4624,"LAB3-18",Negotiate,1056,"2025-04-18T11:10:03.8549267Z",5,Advapi,SYSTEM
"Apr 18, 2025 @ 20:58:49.653",4624,"LAB3-18",Negotiate,1056,"2025-04-18T11:09:59.1132191Z",5,Advapi,SYSTEM
"Apr 18, 2025 @ 20:58:49.638",4624,"LAB3-18",Negotiate,1056,"2025-04-18T10:58:02.8976558Z",5,Advapi,SYSTEM
"Apr 18, 2025 @ 20:58:49.606",4624,"LAB3-18",Negotiate,1056,"2025-04-18T10:54:38.5699304Z",5,Advapi,SYSTEM
"Apr 18, 2025 @ 20:58:49.590",4624,"LAB3-18",Negotiate,1056,"2025-04-18T10:46:36.2749924Z",5,Advapi,SYSTEM
"Apr 18, 2025 @ 20:58:49.559",4624,"LAB3-18",Negotiate,1056,"2025-04-18T10:34:05.4259474Z",5,Advapi,SYSTEM
"Apr 18, 2025 @ 20:58:49.528",4624,"LAB3-18",Negotiate,1056,"2025-04-18T10:29:56.5456111Z",5,Advapi,SYSTEM
"Apr 18, 2025 @ 20:58:49.496",4624,"LAB3-18",Negotiate,1056,"2025-04-18T10:27:50.2893707Z",5,Advapi,SYSTEM
"Apr 18, 2025 @ 20:58:49.465",4624,"LAB3-18",Negotiate,1056,"2025-04-18T10:27:50.2545521Z",5,Advapi,SYSTEM
"Apr 18, 2025 @ 20:58:49.434",4624,"LAB3-18",Negotiate,1056,"2025-04-18T10:23:50.9949025Z",5,Advapi,SYSTEM
"Apr 18, 2025 @ 20:58:49.387",4624,"LAB3-18",Negotiate,1056,"2025-04-18T10:19:04.2730446Z",5,Advapi,SYSTEM
"Apr 18, 2025 @ 20:58:49.356",4624,"LAB3-18",Negotiate,1056,"2025-04-18T10:19:04.2358007Z",5,Advapi,SYSTEM
"Apr 18, 2025 @ 20:58:49.296",4624,"LAB3-18",Negotiate,1056,"2025-04-18T10:17:25.5339376Z",5,Advapi,SYSTEM
"Apr 18, 2025 @ 20:58:48.791",4624,"LAB3-09",Negotiate,1060,"2025-04-18T15:57:53.0115343Z",5,Advapi,SYSTEM
"Apr 18, 2025 @ 20:58:48.775",4624,"LAB3-09",Negotiate,1060,"2025-04-18T15:57:13.2224208Z",5,Advapi,SYSTEM
"Apr 18, 2025 @ 20:58:48.774",4624,"LAB3-09",Negotiate,1060,"2025-04-18T15:51:34.2714188Z",5,Advapi,SYSTEM
"Apr 18, 2025 @ 20:58:48.759",4624,"LAB3-09",Negotiate,1060,"2025-04-18T15:51:34.2700760Z",5,Advapi,SYSTEM
"Apr 18, 2025 @ 20:58:48.758",4624,"LAB3-09",Negotiate,1060,"2025-04-18T15:28:10.6329779Z",5,Advapi,SYSTEM
"Apr 18, 2025 @ 20:58:48.742",4624,"LAB3-09",Negotiate,1060,"2025-04-18T15:23:01.7572888Z",5,Advapi,SYSTEM
"Apr 18, 2025 @ 20:58:48.741",4624,"LAB3-09",Negotiate,1060,"2025-04-18T15:23:01.7560464Z",5,Advapi,SYSTEM
"Apr 18, 2025 @ 20:58:48.727",4624,"LAB3-09",Negotiate,1060,"2025-04-18T15:20:36.5000642Z",5,Advapi,SYSTEM
"Apr 18, 2025 @ 20:58:48.709",4624,"LAB3-09",Negotiate,1060,"2025-04-18T15:13:10.5539630Z",5,Advapi,SYSTEM
"Apr 18, 2025 @ 20:58:48.707",4624,"LAB3-09",Negotiate,1060,"2025-04-18T15:12:56.2352391Z",5,Advapi,SYSTEM
"Apr 18, 2025 @ 20:58:48.692",4624,"LAB3-09",Negotiate,1060,"2025-04-18T15:12:46.9034814Z",5,Advapi,SYSTEM
"Apr 18, 2025 @ 20:58:48.690",4624,"LAB3-09",Negotiate,1060,"2025-04-18T15:11:07.0670493Z",5,Advapi,SYSTEM
"Apr 18, 2025 @ 20:58:48.676",4624,"LAB3-09",Negotiate,1060,"2025-04-18T15:11:06.8977834Z",5,Advapi,SYSTEM
"Apr 18, 2025 @ 20:58:48.674",4624,"LAB3-09",Negotiate,1060,"2025-04-18T15:11:06.5590448Z",5,Advapi,SYSTEM
"Apr 18, 2025 @ 20:58:48.660",4624,"LAB3-09",Negotiate,1060,"2025-04-18T15:01:08.0703609Z",5,Advapi,SYSTEM
"Apr 18, 2025 @ 20:58:48.659",4624,"LAB3-09",Negotiate,1060,"2025-04-18T15:00:25.5441508Z",5,Advapi,SYSTEM
"Apr 18, 2025 @ 20:58:48.642",4624,"LAB3-09",Negotiate,1060,"2025-04-18T14:58:38.8374126Z",5,Advapi,SYSTEM
"Apr 18, 2025 @ 20:58:48.641",4624,"LAB3-09",Negotiate,1060,"2025-04-18T14:58:04.7247754Z",5,Advapi,SYSTEM
"Apr 18, 2025 @ 20:58:48.630",4624,"LAB3-09",Negotiate,1060,"2025-04-18T14:57:11.7661153Z",5,Advapi,SYSTEM
"Apr 18, 2025 @ 20:58:48.625",4624,"LAB3-09",Negotiate,1060,"2025-04-18T14:57:11.5554211Z",5,Advapi,SYSTEM
"Apr 18, 2025 @ 20:58:48.592",4624,"LAB3-09",Negotiate,1060,"2025-04-18T14:56:07.1571754Z",5,Advapi,SYSTEM
"Apr 18, 2025 @ 20:58:48.590",4624,"LAB3-09",Negotiate,1060,"2025-04-18T14:56:06.4848946Z",5,Advapi,SYSTEM
"Apr 18, 2025 @ 20:58:48.576",4624,"LAB3-09",Negotiate,1060,"2025-04-18T14:56:06.2466734Z",5,Advapi,SYSTEM
"Apr 18, 2025 @ 20:58:48.573",4624,"LAB3-09",Negotiate,1060,"2025-04-18T14:56:05.9248599Z",5,Advapi,SYSTEM
"Apr 18, 2025 @ 20:58:48.561",4624,"LAB3-09",Negotiate,1060,"2025-04-18T14:55:57.2996701Z",11,User32,"bsit23f.0008"
"Apr 18, 2025 @ 20:58:48.557",4624,"LAB3-09",Negotiate,1060,"2025-04-18T14:55:27.4633931Z",5,Advapi,SYSTEM
"Apr 18, 2025 @ 20:58:48.538",4624,"LAB3-09",Negotiate,1060,"2025-04-18T14:54:53.3261766Z",5,Advapi,SYSTEM
"Apr 18, 2025 @ 20:58:48.538",4624,"LAB3-09",Negotiate,1060,"2025-04-18T14:54:55.2100756Z",5,Advapi,SYSTEM
"Apr 18, 2025 @ 20:58:48.538",4624,"LAB3-09",Negotiate,1060,"2025-04-18T14:54:53.2342922Z",2,Advapi,"DWM-6"
"Apr 18, 2025 @ 20:58:48.537",4624,"LAB3-09",Negotiate,1060,"2025-04-18T14:46:02.5948153Z",5,Advapi,SYSTEM
"Apr 18, 2025 @ 20:58:48.537",4624,"LAB3-09",Negotiate,1060,"2025-04-18T14:50:12.6977527Z",5,Advapi,SYSTEM
"Apr 18, 2025 @ 20:58:48.537",4624,"LAB3-09",Negotiate,1060,"2025-04-18T14:50:46.6836023Z",5,Advapi,SYSTEM
"Apr 18, 2025 @ 20:58:48.537",4624,"LAB3-09",Kerberos,1060,"2025-04-18T14:42:02.9151649Z",3,Kerberos,"LAB3-09$"
"Apr 18, 2025 @ 20:58:48.537",4624,"LAB3-09",Negotiate,1060,"2025-04-18T14:54:53.1899646Z",2,Advapi,"UMFD-6"
"Apr 18, 2025 @ 20:58:48.537",4624,"LAB3-09",Negotiate,1060,"2025-04-18T14:54:42.8882202Z",5,Advapi,SYSTEM
"Apr 18, 2025 @ 20:58:48.537",4624,"LAB3-09",Negotiate,1060,"2025-04-18T14:46:13.8188891Z",5,Advapi,SYSTEM
"Apr 18, 2025 @ 20:58:48.537",4624,"LAB3-09",Negotiate,1060,"2025-04-18T14:50:46.6848162Z",5,Advapi,SYSTEM
"Apr 18, 2025 @ 20:58:48.537",4624,"LAB3-09",Negotiate,1060,"2025-04-18T14:54:53.2342806Z",2,Advapi,"DWM-6"
"Apr 18, 2025 @ 20:58:48.536",4624,"LAB3-09",Negotiate,1060,"2025-04-18T13:58:55.8242501Z",5,Advapi,SYSTEM
"Apr 18, 2025 @ 20:58:48.536",4624,"LAB3-09",Negotiate,1060,"2025-04-18T14:13:24.8277756Z",5,Advapi,SYSTEM
"Apr 18, 2025 @ 20:58:48.536",4624,"LAB3-09",Negotiate,1060,"2025-04-18T14:32:54.2807776Z",5,Advapi,SYSTEM
"Apr 18, 2025 @ 20:58:48.536",4624,"LAB3-09",Negotiate,1060,"2025-04-18T14:13:24.8265097Z",5,Advapi,SYSTEM
"Apr 18, 2025 @ 20:58:48.536",4624,"LAB3-09",Negotiate,1060,"2025-04-18T14:32:54.2471044Z",5,Advapi,SYSTEM
"Apr 18, 2025 @ 20:58:48.536",4624,"LAB3-09",Negotiate,1060,"2025-04-18T14:32:54.2855636Z",5,Advapi,SYSTEM
"Apr 18, 2025 @ 20:58:48.536",4624,"LAB3-09",Negotiate,1060,"2025-04-18T13:58:57.9467929Z",5,Advapi,SYSTEM
"Apr 18, 2025 @ 20:58:48.536",4624,"LAB3-09",Negotiate,1060,"2025-04-18T14:05:13.0605940Z",5,Advapi,SYSTEM
"Apr 18, 2025 @ 20:58:48.536",4624,"LAB3-09",Negotiate,1060,"2025-04-18T14:10:58.3465285Z",5,Advapi,SYSTEM
"Apr 18, 2025 @ 20:58:48.536",4624,"LAB3-09",Kerberos,1060,"2025-04-18T14:42:02.6509847Z",3,Kerberos,"LAB3-09$"
"Apr 18, 2025 @ 20:58:48.535",4624,"LAB3-09",Negotiate,1060,"2025-04-18T12:58:25.6033337Z",5,Advapi,SYSTEM
"Apr 18, 2025 @ 20:58:48.535",4624,"LAB3-09",Kerberos,1060,"2025-04-18T13:03:02.4676267Z",3,Kerberos,"LAB3-09$"
"Apr 18, 2025 @ 20:58:48.535",4624,"LAB3-09",Negotiate,1060,"2025-04-18T13:20:06.6823637Z",5,Advapi,SYSTEM
"Apr 18, 2025 @ 20:58:48.535",4624,"LAB3-09",Negotiate,1060,"2025-04-18T13:23:24.9297086Z",5,Advapi,SYSTEM
"Apr 18, 2025 @ 20:58:48.535",4624,"LAB3-09",Negotiate,1060,"2025-04-18T13:43:27.7711834Z",5,Advapi,SYSTEM
"Apr 18, 2025 @ 20:58:48.535",4624,"LAB3-09",Negotiate,1060,"2025-04-18T13:45:39.7385674Z",5,Advapi,SYSTEM
"Apr 18, 2025 @ 20:58:48.535",4624,"LAB3-09",Negotiate,1060,"2025-04-18T13:08:04.1279378Z",5,Advapi,SYSTEM
"Apr 18, 2025 @ 20:58:48.535",4624,"LAB3-09",Negotiate,1060,"2025-04-18T13:13:27.0956626Z",5,Advapi,SYSTEM
"Apr 18, 2025 @ 20:58:48.535",4624,"LAB3-09",Negotiate,1060,"2025-04-18T13:43:27.7698860Z",5,Advapi,SYSTEM
"Apr 18, 2025 @ 20:58:48.535",4624,"LAB3-09",Kerberos,1060,"2025-04-18T13:03:02.2243889Z",3,Kerberos,"LAB3-09$"
"Apr 18, 2025 @ 20:58:48.535",4624,"LAB3-09",Negotiate,1060,"2025-04-18T13:13:27.0934708Z",5,Advapi,SYSTEM
"Apr 18, 2025 @ 20:58:48.535",4624,"LAB3-09",Negotiate,1060,"2025-04-18T13:24:50.8484600Z",5,Advapi,SYSTEM
"Apr 18, 2025 @ 20:58:48.535",4624,"LAB3-09",Negotiate,1060,"2025-04-18T13:27:56.4098364Z",5,Advapi,SYSTEM
"Apr 18, 2025 @ 20:58:48.535",4624,"LAB3-09",Negotiate,1060,"2025-04-18T13:50:14.1259112Z",5,Advapi,SYSTEM
"Apr 18, 2025 @ 20:58:48.534",4624,"LAB3-09",Negotiate,1060,"2025-04-18T12:49:46.8519702Z",5,Advapi,SYSTEM
"Apr 18, 2025 @ 20:58:48.534",4624,"LAB3-09",Negotiate,1060,"2025-04-18T12:53:04.7436813Z",5,Advapi,SYSTEM
"Apr 18, 2025 @ 20:58:48.533",4624,"LAB3-09",Negotiate,1060,"2025-04-18T12:46:09.8545720Z",5,Advapi,SYSTEM
"Apr 18, 2025 @ 20:58:48.533",4624,"LAB3-09",Negotiate,1060,"2025-04-18T12:47:54.7008742Z",5,Advapi,SYSTEM
"Apr 18, 2025 @ 20:58:48.533",4624,"LAB3-09",Negotiate,1060,"2025-04-18T12:47:54.2562147Z",5,Advapi,SYSTEM
"Apr 18, 2025 @ 20:58:48.533",4624,"LAB3-09",Negotiate,1060,"2025-04-18T12:47:54.9107717Z",5,Advapi,SYSTEM
"Apr 18, 2025 @ 20:58:48.532",4624,"LAB3-09",Negotiate,1060,"2025-04-18T12:37:54.1329150Z",5,Advapi,SYSTEM
"Apr 18, 2025 @ 20:58:48.532",4624,"LAB3-09",Negotiate,1060,"2025-04-18T12:43:04.4395759Z",5,Advapi,SYSTEM
"Apr 18, 2025 @ 20:58:48.532",4624,"LAB3-09",Negotiate,1060,"2025-04-18T12:38:47.5567657Z",5,Advapi,SYSTEM
"Apr 18, 2025 @ 20:58:48.532",4624,"LAB3-09",Negotiate,1060,"2025-04-18T12:43:04.4199920Z",5,Advapi,SYSTEM
"Apr 18, 2025 @ 20:58:48.532",4624,"LAB3-09",Negotiate,1060,"2025-04-18T12:33:21.0223423Z",5,Advapi,SYSTEM
"Apr 18, 2025 @ 20:58:48.532",4624,"LAB3-09",Negotiate,1060,"2025-04-18T12:38:05.3631466Z",5,Advapi,SYSTEM
"Apr 18, 2025 @ 20:58:48.531",4624,"LAB3-09",Negotiate,1060,"2025-04-18T12:10:39.3859241Z",5,Advapi,SYSTEM
"Apr 18, 2025 @ 20:58:48.531",4625,"LAB3-09",Negotiate,1060,"2025-04-18T12:31:52.7485597Z",2,User32,"bsit23f.0011"
"Apr 18, 2025 @ 20:58:48.531",4624,"LAB3-09",Negotiate,1060,"2025-04-18T12:32:53.5299032Z",5,Advapi,SYSTEM
"Apr 18, 2025 @ 20:58:48.531",4624,"LAB3-09",Negotiate,1060,"2025-04-18T12:32:53.8260359Z",5,Advapi,SYSTEM
"Apr 18, 2025 @ 20:58:48.531",4624,"LAB3-09",Negotiate,1060,"2025-04-18T12:32:54.0121674Z",5,Advapi,SYSTEM
"Apr 18, 2025 @ 20:58:48.531",4624,"LAB3-09",Negotiate,1060,"2025-04-18T12:33:07.9053780Z",5,Advapi,SYSTEM
"Apr 18, 2025 @ 20:58:48.531",4624,"LAB3-09",Negotiate,1060,"2025-04-18T12:32:52.0960578Z",2,User32,"ics23f.0104"
"Apr 18, 2025 @ 20:58:48.531",4624,"LAB3-09",Negotiate,1060,"2025-04-18T12:32:58.6284840Z",5,Advapi,SYSTEM
"Apr 18, 2025 @ 20:58:48.531",4624,"LAB3-09",Negotiate,1060,"2025-04-18T12:33:03.1673714Z",5,Advapi,SYSTEM
"Apr 18, 2025 @ 20:58:48.531",4624,"LAB3-09",Negotiate,1060,"2025-04-18T11:49:15.0496942Z",5,Advapi,SYSTEM
"Apr 18, 2025 @ 20:58:48.531",4624,"LAB3-09",Negotiate,1060,"2025-04-18T12:32:53.8176251Z",5,Advapi,SYSTEM
"Apr 18, 2025 @ 20:58:48.531",4624,"LAB3-09",Negotiate,1060,"2025-04-18T12:32:54.7632695Z",5,Advapi,SYSTEM
"Apr 18, 2025 @ 20:58:48.531",4624,"LAB3-09",Negotiate,1060,"2025-04-18T12:33:07.8831190Z",5,Advapi,SYSTEM
"Apr 18, 2025 @ 20:58:48.530",4624,"LAB3-09",Negotiate,1060,"2025-04-18T11:31:24.9047929Z",5,Advapi,SYSTEM
"Apr 18, 2025 @ 20:58:48.530",4624,"LAB3-09",Negotiate,1060,"2025-04-18T11:42:11.0354618Z",5,Advapi,SYSTEM
"Apr 18, 2025 @ 20:58:48.530",4624,"LAB3-09",Negotiate,1060,"2025-04-18T11:49:15.0484435Z",5,Advapi,SYSTEM
"Apr 18, 2025 @ 20:58:48.530",4624,"LAB3-09",Negotiate,1060,"2025-04-18T11:24:03.5699682Z",5,Advapi,SYSTEM
"Apr 18, 2025 @ 20:58:48.530",4624,"LAB3-09",Negotiate,1060,"2025-04-18T11:29:55.5900651Z",5,Advapi,SYSTEM
"Apr 18, 2025 @ 20:58:48.530",4624,"LAB3-09",Negotiate,1060,"2025-04-18T11:29:55.5888620Z",5,Advapi,SYSTEM
"Apr 18, 2025 @ 20:58:48.530",4624,"LAB3-09",Negotiate,1060,"2025-04-18T11:46:00.2380520Z",5,Advapi,SYSTEM
"Apr 18, 2025 @ 20:58:48.530",4624,"LAB3-09",Negotiate,1060,"2025-04-18T11:42:11.0693293Z",5,Advapi,SYSTEM
"Apr 18, 2025 @ 20:58:48.530",4624,"LAB3-09",Negotiate,1060,"2025-04-18T11:47:17.4081295Z",5,Advapi,SYSTEM
"Apr 18, 2025 @ 20:58:48.530",4624,"LAB3-09",Negotiate,1060,"2025-04-18T11:47:17.4361742Z",5,Advapi,SYSTEM
"Apr 18, 2025 @ 20:58:48.529",4624,"LAB3-09",Negotiate,1060,"2025-04-18T11:19:26.0784318Z",5,Advapi,SYSTEM
"Apr 18, 2025 @ 20:58:48.529",4624,"LAB3-09",Kerberos,1060,"2025-04-18T11:24:03.0439060Z",3,Kerberos,"LAB3-09$"
"Apr 18, 2025 @ 20:58:48.529",4624,"LAB3-09",Kerberos,1060,"2025-04-18T11:24:02.8756754Z",3,Kerberos,"LAB3-09$"
"Apr 18, 2025 @ 20:58:48.529",4624,"LAB3-09",Negotiate,1060,"2025-04-18T11:16:53.0782399Z",5,Advapi,SYSTEM
"Apr 18, 2025 @ 20:58:48.528",4624,"LAB3-09",Negotiate,1060,"2025-04-18T11:15:11.7647056Z",5,Advapi,SYSTEM
"Apr 18, 2025 @ 20:58:48.528",4624,"LAB3-09",Negotiate,1060,"2025-04-18T11:15:11.7934820Z",2,Advapi,"DWM-5"
"Apr 18, 2025 @ 20:58:48.528",4624,"LAB3-09",Negotiate,1060,"2025-04-18T11:15:11.7574923Z",2,Advapi,"UMFD-5"
"Apr 18, 2025 @ 20:58:48.528",4624,"LAB3-09",Negotiate,1060,"2025-04-18T11:15:11.7934703Z",2,Advapi,"DWM-5"
"Apr 18, 2025 @ 20:58:48.527",4624,"LAB3-09",Negotiate,1060,"2025-04-18T11:12:07.5702456Z",5,Advapi,SYSTEM
"Apr 18, 2025 @ 20:58:48.527",4624,"LAB3-09",Negotiate,1060,"2025-04-18T11:11:53.2911045Z",5,Advapi,SYSTEM
"Apr 18, 2025 @ 20:58:48.527",4624,"LAB3-09",Negotiate,1060,"2025-04-18T11:11:54.2134912Z",5,Advapi,SYSTEM
"Apr 18, 2025 @ 20:58:48.527",4624,"LAB3-09",Negotiate,1060,"2025-04-18T11:14:34.0732937Z",11,CredPro,"bsit23f.0011"
"Apr 18, 2025 @ 20:58:48.527",4624,"LAB3-09",Negotiate,1060,"2025-04-18T11:11:52.9334283Z",5,Advapi,SYSTEM
"Apr 18, 2025 @ 20:58:48.527",4624,"LAB3-09",Negotiate,1060,"2025-04-18T11:11:51.7604566Z",5,Advapi,SYSTEM
"Apr 18, 2025 @ 20:58:48.527",4624,"LAB3-09",Negotiate,1060,"2025-04-18T11:11:54.3067877Z",5,Advapi,SYSTEM
"Apr 18, 2025 @ 20:58:48.527",4624,"LAB3-09",Negotiate,1060,"2025-04-18T11:15:09.5974036Z",5,Advapi,SYSTEM
"Apr 18, 2025 @ 20:58:48.525",4624,"LAB3-09",Negotiate,1060,"2025-04-18T11:11:51.2764874Z",2,Advapi,"DWM-4"
"Apr 18, 2025 @ 20:58:48.525",4624,"LAB3-09",Negotiate,1060,"2025-04-18T11:11:51.2981871Z",5,Advapi,SYSTEM
"Apr 18, 2025 @ 20:58:48.525",4624,"LAB3-09",Negotiate,1060,"2025-04-18T11:11:51.7590880Z",5,Advapi,SYSTEM
"Apr 18, 2025 @ 20:58:48.525",4624,"LAB3-09",Negotiate,1060,"2025-04-18T11:11:51.2764775Z",2,Advapi,"DWM-4"
"Apr 18, 2025 @ 20:58:48.524",4624,"LAB3-09",Negotiate,1060,"2025-04-18T10:34:04.5540373Z",5,Advapi,SYSTEM
"Apr 18, 2025 @ 20:58:48.524",4624,"LAB3-09",Negotiate,1060,"2025-04-18T11:11:51.2432773Z",2,Advapi,"UMFD-4"
"Apr 18, 2025 @ 20:58:48.524",4624,"LAB3-09",Negotiate,1060,"2025-04-18T10:34:29.1481661Z",5,Advapi,SYSTEM
"Apr 18, 2025 @ 20:58:48.524",4624,"LAB3-09",Negotiate,1060,"2025-04-18T10:48:42.6205004Z",5,Advapi,SYSTEM
"Apr 18, 2025 @ 20:58:48.524",4624,"LAB3-09",Negotiate,1060,"2025-04-18T10:48:42.6216807Z",5,Advapi,SYSTEM
"Apr 18, 2025 @ 20:58:48.524",4624,"LAB3-09",Negotiate,1060,"2025-04-18T10:59:54.7520686Z",5,Advapi,SYSTEM
"Apr 18, 2025 @ 20:58:48.524",4624,"LAB3-09",Negotiate,1060,"2025-04-18T10:59:58.9895449Z",5,Advapi,SYSTEM
"Apr 18, 2025 @ 20:58:48.524",4624,"LAB3-09",Negotiate,1060,"2025-04-18T11:00:00.9662184Z",5,Advapi,SYSTEM
"Apr 18, 2025 @ 20:58:48.524",4624,"LAB3-09",Negotiate,1060,"2025-04-18T11:09:01.9316542Z",5,Advapi,SYSTEM
"Apr 18, 2025 @ 20:58:48.524",4624,"LAB3-09",Negotiate,1060,"2025-04-18T11:09:01.8725861Z",5,Advapi,SYSTEM
"Apr 18, 2025 @ 20:58:48.524",4624,"LAB3-09",Negotiate,1060,"2025-04-18T11:11:51.1898340Z",2,User32,"bsit23f.0011"
"Apr 18, 2025 @ 20:58:48.523",4624,"LAB3-09",Negotiate,1060,"2025-04-18T10:30:25.5006680Z",5,Advapi,SYSTEM
"Apr 18, 2025 @ 20:58:48.523",4624,"LAB3-09",Negotiate,1060,"2025-04-18T10:30:35.7839145Z",5,Advapi,SYSTEM
"Apr 18, 2025 @ 20:58:48.523",4624,"LAB3-09",Negotiate,1060,"2025-04-18T10:33:10.6760476Z",5,Advapi,SYSTEM
"Apr 18, 2025 @ 20:58:48.523",4624,"LAB3-09",Negotiate,1060,"2025-04-18T10:34:04.2439958Z",5,Advapi,SYSTEM
"Apr 18, 2025 @ 20:58:48.523",4624,"LAB3-09",Negotiate,1060,"2025-04-18T10:30:25.5242652Z",5,Advapi,SYSTEM
"Apr 18, 2025 @ 20:58:48.523",4624,"LAB3-09",Negotiate,1060,"2025-04-18T10:30:37.5187040Z",5,Advapi,SYSTEM
"Apr 18, 2025 @ 20:58:48.523",4624,"LAB3-09",Negotiate,1060,"2025-04-18T10:30:37.4711272Z",5,Advapi,SYSTEM
"Apr 18, 2025 @ 20:58:48.523",4624,"LAB3-09",Negotiate,1060,"2025-04-18T10:31:14.0428830Z",5,Advapi,SYSTEM
"Apr 18, 2025 @ 20:58:48.522",4624,"LAB3-09",Negotiate,1060,"2025-04-18T10:13:51.3267025Z",5,Advapi,SYSTEM
"Apr 18, 2025 @ 20:58:48.522",4624,"LAB3-09",Negotiate,1060,"2025-04-18T10:15:29.4859473Z",5,Advapi,SYSTEM
"Apr 18, 2025 @ 20:58:48.522",4624,"LAB3-09",Negotiate,1060,"2025-04-18T10:27:00.9702406Z",5,Advapi,SYSTEM
"Apr 18, 2025 @ 20:58:48.522",4624,"LAB3-09",Negotiate,1060,"2025-04-18T10:24:34.8590687Z",5,Advapi,SYSTEM
"Apr 18, 2025 @ 20:58:48.522",4624,"LAB3-09",Negotiate,1060,"2025-04-18T10:29:54.4875453Z",5,Advapi,SYSTEM
"Apr 18, 2025 @ 20:58:48.522",4624,"LAB3-09",Negotiate,1060,"2025-04-18T10:20:31.4721944Z",5,Advapi,SYSTEM
"Apr 18, 2025 @ 20:58:48.522",4624,"LAB3-09",Negotiate,1060,"2025-04-18T10:23:54.8888724Z",5,Advapi,SYSTEM
"Apr 18, 2025 @ 20:58:48.522",4624,"LAB3-09",Negotiate,1060,"2025-04-18T10:29:54.4855077Z",5,Advapi,SYSTEM
"Apr 18, 2025 @ 20:58:48.522",4624,"LAB3-09",Negotiate,1060,"2025-04-18T10:29:54.8492502Z",5,Advapi,SYSTEM
"Apr 18, 2025 @ 20:58:48.522",4624,"LAB3-09",Negotiate,1060,"2025-04-18T10:28:57.4437860Z",5,Advapi,SYSTEM
"Apr 18, 2025 @ 20:58:46.876",4624,"LAB3-11",Negotiate,988,"2025-04-18T15:54:32.8087700Z",5,Advapi,SYSTEM
"Apr 18, 2025 @ 20:58:46.828",4624,"LAB3-11",Negotiate,988,"2025-04-18T15:47:06.4053984Z",5,Advapi,SYSTEM
"Apr 18, 2025 @ 20:58:46.781",4624,"LAB3-11",Negotiate,988,"2025-04-18T15:26:51.9735068Z",5,Advapi,SYSTEM
"Apr 18, 2025 @ 20:58:46.688",4624,"LAB3-11",Kerberos,988,"2025-04-18T15:21:17.4842524Z",3,Kerberos,"LAB3-11$"
"Apr 18, 2025 @ 20:58:46.594",4624,"LAB3-11",Kerberos,988,"2025-04-18T15:21:17.2576142Z",3,Kerberos,"LAB3-11$"
"Apr 18, 2025 @ 20:58:46.547",4624,"LAB3-11",Negotiate,988,"2025-04-18T14:55:16.7809663Z",5,Advapi,SYSTEM
"Apr 18, 2025 @ 20:58:46.500",4624,"LAB3-11",Negotiate,988,"2025-04-18T14:54:21.4079031Z",5,Advapi,SYSTEM
"Apr 18, 2025 @ 20:58:46.453",4624,"LAB3-11",Negotiate,988,"2025-04-18T14:54:21.3582247Z",5,Advapi,SYSTEM
"Apr 18, 2025 @ 20:58:46.391",4624,"LAB3-11",Negotiate,988,"2025-04-18T14:54:18.5606592Z",5,Advapi,SYSTEM
"Apr 18, 2025 @ 20:58:46.344",4624,"LAB3-11",Negotiate,988,"2025-04-18T14:39:04.8898674Z",5,Advapi,SYSTEM
"Apr 18, 2025 @ 20:58:46.251",4624,"LAB3-11",Negotiate,988,"2025-04-18T14:33:22.1744566Z",5,Advapi,SYSTEM
"Apr 18, 2025 @ 20:58:46.204",4624,"LAB3-11",Negotiate,988,"2025-04-18T14:33:22.1587821Z",2,User32,"bsit22f.0013"
"Apr 18, 2025 @ 20:58:46.094",4625,"LAB3-11",Negotiate,988,"2025-04-18T14:33:13.7028120Z",2,User32,"bsit22f.0013"
"Apr 18, 2025 @ 20:58:46.047",4624,"LAB3-11",Negotiate,988,"2025-04-18T14:32:45.0793696Z",5,Advapi,SYSTEM
"Apr 18, 2025 @ 20:58:46.001",4624,"LAB3-11",Negotiate,988,"2025-04-18T14:32:41.7943760Z",5,Advapi,SYSTEM
"Apr 18, 2025 @ 20:58:45.907",4624,"LAB3-11",Negotiate,988,"2025-04-18T14:29:30.9193005Z",5,Advapi,SYSTEM
"Apr 18, 2025 @ 20:58:45.813",4624,"LAB3-11",Negotiate,988,"2025-04-18T14:26:51.7670379Z",5,Advapi,SYSTEM
"Apr 18, 2025 @ 20:58:45.548",4624,"LAB3-11",Kerberos,988,"2025-04-18T14:23:14.9039970Z",3,Kerberos,"ADMANAGER$"
"Apr 18, 2025 @ 20:58:45.486",4624,"LAB3-11",NTLM,988,"2025-04-18T14:23:14.9007222Z",3,NtLmSsp,"ADMANAGER$"
"Apr 18, 2025 @ 20:58:45.439",4624,"LAB3-11",Kerberos,988,"2025-04-18T14:23:14.8764264Z",3,Kerberos,Administrator
"Apr 18, 2025 @ 20:58:45.412",4624,"LAB3-11",Kerberos,988,"2025-04-18T14:23:14.8258898Z",3,Kerberos,Administrator
"Apr 18, 2025 @ 20:58:45.409",4624,"CP-AKT-000210",Negotiate,1036,"2025-04-18T15:55:14.5259916Z",5,Advapi,SYSTEM
"Apr 18, 2025 @ 20:58:45.409",4624,"CP-AKT-000210",Negotiate,1036,"2025-04-18T15:57:54.9181255Z",5,Advapi,SYSTEM
"Apr 18, 2025 @ 20:58:45.409",4624,"CP-AKT-000210",Negotiate,1036,"2025-04-18T15:53:19.2471503Z",5,Advapi,SYSTEM
"Apr 18, 2025 @ 20:58:45.409",4624,"LAB3-11",Negotiate,988,"2025-04-18T14:15:48.8331114Z",5,Advapi,SYSTEM
"Apr 18, 2025 @ 20:58:45.408",4624,"CP-AKT-000210",Negotiate,1036,"2025-04-18T15:52:21.9488852Z",5,Advapi,SYSTEM
"Apr 18, 2025 @ 20:58:45.408",4624,"LAB3-11",Negotiate,988,"2025-04-18T14:15:48.7813968Z",5,Advapi,SYSTEM
"Apr 18, 2025 @ 20:58:45.408",4624,"CP-AKT-000210",Negotiate,1036,"2025-04-18T15:53:19.1376245Z",5,Advapi,SYSTEM
"Apr 18, 2025 @ 20:58:45.407",4624,"CP-AKT-000210",Negotiate,1036,"2025-04-18T15:45:24.1330656Z",5,Advapi,SYSTEM
"Apr 18, 2025 @ 20:58:45.407",4624,"CP-AKT-000210",Negotiate,1036,"2025-04-18T15:49:42.9340239Z",5,Advapi,SYSTEM
"Apr 18, 2025 @ 20:58:45.407",4624,"LAB3-11",Negotiate,988,"2025-04-18T13:49:47.0260521Z",5,Advapi,SYSTEM
"Apr 18, 2025 @ 20:58:45.406",4624,"LAB3-11",Negotiate,988,"2025-04-18T13:36:55.7959549Z",5,Advapi,SYSTEM
"Apr 18, 2025 @ 20:58:45.406",4624,"CP-AKT-000210",Negotiate,1036,"2025-04-18T15:39:49.7283852Z",5,Advapi,SYSTEM
"Apr 18, 2025 @ 20:58:45.406",4624,"CP-AKT-000210",Negotiate,1036,"2025-04-18T15:39:49.6106388Z",5,Advapi,SYSTEM
"Apr 18, 2025 @ 20:58:45.406",4624,"CP-AKT-000210",Negotiate,1036,"2025-04-18T15:45:18.3636646Z",5,Advapi,SYSTEM
"Apr 18, 2025 @ 20:58:45.405",4624,"CP-AKT-000210",Negotiate,1036,"2025-04-18T15:39:49.5423208Z",5,Advapi,SYSTEM
"Apr 18, 2025 @ 20:58:45.405",4624,"LAB3-11",Negotiate,988,"2025-04-18T13:33:01.1779614Z",5,Advapi,SYSTEM
"Apr 18, 2025 @ 20:58:45.404",4624,"CP-AKT-000210",Negotiate,1036,"2025-04-18T15:39:13.3328456Z",5,Advapi,SYSTEM
"Apr 18, 2025 @ 20:58:45.403",4624,"CP-AKT-000210",Negotiate,1036,"2025-04-18T15:39:09.0785452Z",5,Advapi,SYSTEM
"Apr 18, 2025 @ 20:58:44.940",4624,"LAB3-11",Kerberos,988,"2025-04-18T13:26:18.0215223Z",3,Kerberos,"LAB3-11$"
"Apr 18, 2025 @ 20:58:44.924",4624,"CP-AKT-000210",Negotiate,1036,"2025-04-18T15:36:21.3616615Z",5,Advapi,SYSTEM
"Apr 18, 2025 @ 20:58:44.906",4624,"LAB3-11",Kerberos,988,"2025-04-18T13:26:17.6473809Z",3,Kerberos,"LAB3-11$"
"Apr 18, 2025 @ 20:58:44.906",4624,"CP-AKT-000210",Negotiate,1036,"2025-04-18T15:34:31.9017360Z",5,Advapi,SYSTEM
"Apr 18, 2025 @ 20:58:44.906",4624,"CP-AKT-000210",Negotiate,1036,"2025-04-18T15:34:31.9225591Z",5,Advapi,SYSTEM
"Apr 18, 2025 @ 20:58:44.906",4624,"CP-AKT-000210",Negotiate,1036,"2025-04-18T15:36:02.1575882Z",5,Advapi,SYSTEM
"Apr 18, 2025 @ 20:58:44.905",4624,"CP-AKT-000210",Negotiate,1036,"2025-04-18T15:29:52.2573552Z",5,Advapi,SYSTEM
"Apr 18, 2025 @ 20:58:44.905",4624,"CP-AKT-000210",Negotiate,1036,"2025-04-18T15:28:51.1413569Z",5,Advapi,SYSTEM
"Apr 18, 2025 @ 20:58:44.905",4624,"CP-AKT-000210",Negotiate,1036,"2025-04-18T15:30:03.4223307Z",5,Advapi,SYSTEM
"Apr 18, 2025 @ 20:58:44.905",4624,"LAB3-11",Negotiate,988,"2025-04-18T13:14:48.8227934Z",5,Advapi,SYSTEM
"Apr 18, 2025 @ 20:58:44.905",4624,"LAB3-11",Negotiate,988,"2025-04-18T13:22:56.1984611Z",5,Advapi,SYSTEM
"Apr 18, 2025 @ 20:58:44.904",4624,"CP-AKT-000210",Negotiate,1036,"2025-04-18T15:27:05.1869429Z",5,Advapi,SYSTEM
"Apr 18, 2025 @ 20:58:44.903",4624,"LAB3-11",Negotiate,988,"2025-04-18T12:14:38.9107969Z",5,Advapi,SYSTEM
"Apr 18, 2025 @ 20:58:44.903",4624,"CP-AKT-000210",Negotiate,1036,"2025-04-18T15:26:33.8708515Z",5,Advapi,"SQLTELEMETRY$MSSQLSERVER01"
"Apr 18, 2025 @ 20:58:44.903",4624,"LAB3-11",Negotiate,988,"2025-04-18T12:22:56.4899529Z",5,Advapi,SYSTEM
"Apr 18, 2025 @ 20:58:44.903",4624,"CP-AKT-000210",Negotiate,1036,"2025-04-18T15:26:34.1406947Z",5,Advapi,"SQLTELEMETRY$SQLEXPRESS"
"Apr 18, 2025 @ 20:58:44.902",4624,"CP-AKT-000210",Negotiate,1036,"2025-04-18T15:26:33.5465939Z",5,Advapi,SQLTELEMETRY
"Apr 18, 2025 @ 20:58:44.902",4624,"LAB3-11",Negotiate,988,"2025-04-18T11:48:07.4403214Z",5,Advapi,SYSTEM
"Apr 18, 2025 @ 20:58:44.901",4624,"LAB3-11",Negotiate,988,"2025-04-18T11:36:49.5256901Z",5,Advapi,SYSTEM
"Apr 18, 2025 @ 20:58:44.901",4624,"LAB3-11",Negotiate,988,"2025-04-18T11:40:44.7429741Z",5,Advapi,SYSTEM
"Apr 18, 2025 @ 20:58:44.901",4624,"CP-AKT-000210",Negotiate,1036,"2025-04-18T15:26:31.7998477Z",5,Advapi,SYSTEM
"Apr 18, 2025 @ 20:58:44.900",4624,"LAB3-11",Negotiate,988,"2025-04-18T11:36:49.3915926Z",5,Advapi,SYSTEM
"Apr 18, 2025 @ 20:58:44.900",4624,"CP-AKT-000210",Negotiate,1036,"2025-04-18T15:26:29.8706101Z",5,Advapi,MSSQLSERVER
"Apr 18, 2025 @ 20:58:44.900",4624,"CP-AKT-000210",Negotiate,1036,"2025-04-18T15:26:27.9484453Z",5,Advapi,"MSSQL$SQLEXPRESS"
"Apr 18, 2025 @ 20:58:44.361",4624,"LAB3-11",Kerberos,988,"2025-04-18T11:31:17.4361230Z",3,Kerberos,"LAB3-11$"
"Apr 18, 2025 @ 20:58:44.359",4624,"CP-AKT-000210",Negotiate,1036,"2025-04-18T15:26:26.3166434Z",5,Advapi,"MSSQL$MSSQLSERVER01"
"Apr 18, 2025 @ 20:58:44.306",4624,"CP-AKT-000210",Negotiate,1036,"2025-04-18T15:25:54.2356603Z",5,Advapi,SYSTEM
"Apr 18, 2025 @ 20:58:44.284",4624,"LAB3-11",Kerberos,988,"2025-04-18T11:31:17.2276144Z",3,Kerberos,"LAB3-11$"
"Apr 18, 2025 @ 20:58:44.274",4624,"CP-AKT-000210",Negotiate,1036,"2025-04-18T15:25:21.7228354Z",5,Advapi,SYSTEM
"Apr 18, 2025 @ 20:58:44.242",4624,"CP-AKT-000210",Negotiate,1036,"2025-04-18T15:25:21.6932790Z",5,Advapi,SYSTEM
"Apr 18, 2025 @ 20:58:44.221",4624,"LAB3-11",Negotiate,988,"2025-04-18T11:22:56.5706531Z",5,Advapi,SYSTEM
"Apr 18, 2025 @ 20:58:44.220",4624,"CP-AKT-000210",Negotiate,1036,"2025-04-18T15:25:10.4828049Z",5,Advapi,SYSTEM
"Apr 18, 2025 @ 20:58:44.188",4624,"CP-AKT-000210",Negotiate,1036,"2025-04-18T15:25:10.1295941Z",5,Advapi,SYSTEM
"Apr 18, 2025 @ 20:58:44.175",4624,"LAB3-11",Negotiate,988,"2025-04-18T11:22:17.2439190Z",5,Advapi,SYSTEM
"Apr 18, 2025 @ 20:58:44.142",4624,"CP-AKT-000210",Negotiate,1036,"2025-04-18T15:25:10.0200867Z",5,Advapi,SYSTEM
"Apr 18, 2025 @ 20:58:44.127",4624,"LAB3-11",Negotiate,988,"2025-04-18T11:15:23.4234728Z",5,Advapi,SYSTEM
"Apr 18, 2025 @ 20:58:44.116",4624,"CP-AKT-000210",Negotiate,1036,"2025-04-18T15:25:08.9271345Z",5,Advapi,SYSTEM
"Apr 18, 2025 @ 20:58:44.084",4624,"CP-AKT-000210",Negotiate,1036,"2025-04-18T15:25:05.3293556Z",5,Advapi,SYSTEM
"Apr 18, 2025 @ 20:58:44.080",4625,"LAB3-11",Negotiate,988,"2025-04-18T11:13:56.1337089Z",2,User32,"bsit22f.0013"
"Apr 18, 2025 @ 20:58:44.053",4624,"CP-AKT-000210",Negotiate,1036,"2025-04-18T15:24:52.4634114Z",5,Advapi,SYSTEM
"Apr 18, 2025 @ 20:58:44.034",4625,"LAB3-11",Negotiate,988,"2025-04-18T11:13:52.7338935Z",2,User32,"bsit22f.0013"
"Apr 18, 2025 @ 20:58:44.022",4624,"CP-AKT-000210",Negotiate,1036,"2025-04-18T15:24:52.4401993Z",5,Advapi,SYSTEM
"Apr 18, 2025 @ 20:58:43.991",4624,"CP-AKT-000210",Negotiate,1036,"2025-04-18T15:24:52.4007983Z",5,Advapi,SYSTEM
"Apr 18, 2025 @ 20:58:43.987",4624,"LAB3-11",Negotiate,988,"2025-04-18T11:13:46.3631211Z",5,Advapi,SYSTEM
"Apr 18, 2025 @ 20:58:43.959",4624,"CP-AKT-000210",Negotiate,1036,"2025-04-18T15:24:51.5756270Z",5,Advapi,SYSTEM
"Apr 18, 2025 @ 20:58:43.940",4624,"LAB3-11",Negotiate,988,"2025-04-18T11:04:18.7042144Z",5,Advapi,SYSTEM
"Apr 18, 2025 @ 20:58:43.940",4624,"CP-AKT-000210",Negotiate,1036,"2025-04-18T15:24:51.5756104Z",5,Advapi,SYSTEM
"Apr 18, 2025 @ 20:58:43.893",4624,"LAB3-11",Negotiate,988,"2025-04-18T10:57:42.6004189Z",5,Advapi,SYSTEM
"Apr 18, 2025 @ 20:58:43.872",4624,"CP-AKT-000210",Kerberos,1036,"2025-04-18T15:24:51.5516868Z",3,Kerberos,"CP-AKT-000210$"
"Apr 18, 2025 @ 20:58:43.847",4624,"LAB3-11",Negotiate,988,"2025-04-18T10:53:42.8816953Z",5,Advapi,SYSTEM
"Apr 18, 2025 @ 20:58:43.800",4624,"CP-AKT-000210",Kerberos,1036,"2025-04-18T15:24:51.1802004Z",3,Kerberos,"CP-AKT-000210$"
"Apr 18, 2025 @ 20:58:43.800",4624,"LAB3-11",Negotiate,988,"2025-04-18T10:53:42.8800337Z",5,Advapi,SYSTEM
"Apr 18, 2025 @ 20:58:43.768",4624,"CP-AKT-000210",Negotiate,1036,"2025-04-18T15:24:49.7201567Z",5,Advapi,SYSTEM
"Apr 18, 2025 @ 20:58:43.737",4624,"CP-AKT-000210",Negotiate,1036,"2025-04-18T15:24:46.4658271Z",11,User32,"amsht23f.0019"
"Apr 18, 2025 @ 20:58:43.706",4624,"LAB3-11",Negotiate,988,"2025-04-18T10:44:20.0006712Z",5,Advapi,SYSTEM
"Apr 18, 2025 @ 20:58:43.674",4624,"CP-AKT-000210",Negotiate,1036,"2025-04-18T15:24:25.4113748Z",5,Advapi,SYSTEM
"Apr 18, 2025 @ 20:58:43.659",4624,"LAB3-11",Negotiate,988,"2025-04-18T10:40:16.2186137Z",5,Advapi,SYSTEM
"Apr 18, 2025 @ 20:58:43.653",4624,"CP-AKT-000210",Negotiate,1036,"2025-04-18T15:24:25.3013783Z",5,Advapi,SYSTEM
"Apr 18, 2025 @ 20:58:43.622",4624,"CP-AKT-000210",Negotiate,1036,"2025-04-18T15:24:25.0408650Z",5,Advapi,SYSTEM
"Apr 18, 2025 @ 20:58:43.612",4624,"LAB3-11",Negotiate,988,"2025-04-18T10:37:44.5132177Z",5,Advapi,SYSTEM
"Apr 18, 2025 @ 20:58:43.592",4624,"CP-AKT-000210",Negotiate,1036,"2025-04-18T15:24:20.8985702Z",5,Advapi,SYSTEM
"Apr 18, 2025 @ 20:58:43.565",4624,"LAB3-11",Negotiate,988,"2025-04-18T10:35:44.9222135Z",5,Advapi,SYSTEM
"Apr 18, 2025 @ 20:58:43.552",4624,"CP-AKT-000210",Negotiate,1036,"2025-04-18T15:24:20.7849892Z",5,Advapi,SYSTEM
"Apr 18, 2025 @ 20:58:43.518",4624,"LAB3-11",Negotiate,988,"2025-04-18T10:34:35.9680526Z",5,Advapi,SYSTEM
"Apr 18, 2025 @ 20:58:43.514",4624,"CP-AKT-000210",Negotiate,1036,"2025-04-18T15:24:20.5783889Z",5,Advapi,SYSTEM
"Apr 18, 2025 @ 20:58:43.472",4624,"LAB3-11",Negotiate,988,"2025-04-18T10:32:00.3672498Z",5,Advapi,SYSTEM
"Apr 18, 2025 @ 20:58:43.424",4624,"LAB3-11",Negotiate,988,"2025-04-18T10:23:11.6115095Z",5,Advapi,SYSTEM
"Apr 18, 2025 @ 20:58:43.378",4624,"LAB3-11",Negotiate,988,"2025-04-18T10:22:55.8174523Z",5,Advapi,SYSTEM
"Apr 18, 2025 @ 20:58:43.346",4624,"LAB3-11",Negotiate,988,"2025-04-18T10:22:55.7946579Z",5,Advapi,SYSTEM
"Apr 18, 2025 @ 20:58:43.317",4624,"DESKTOP-5JEIKFF",Negotiate,1012,"2025-04-18T15:57:02.4829178Z",5,Advapi,SYSTEM
"Apr 18, 2025 @ 20:58:43.312",4624,"DESKTOP-5JEIKFF",Negotiate,1012,"2025-04-18T15:56:54.2404030Z",5,Advapi,SYSTEM
"Apr 18, 2025 @ 20:58:43.302",4624,"DESKTOP-5JEIKFF",Negotiate,1012,"2025-04-18T15:56:20.2595245Z",5,Advapi,SYSTEM
"Apr 18, 2025 @ 20:58:43.299",4624,"LAB3-11",Negotiate,988,"2025-04-18T10:22:55.6230685Z",5,Advapi,SYSTEM
"Apr 18, 2025 @ 20:58:43.260",4624,"DESKTOP-5JEIKFF",Negotiate,1012,"2025-04-18T15:50:08.6258077Z",5,Advapi,SYSTEM
"Apr 18, 2025 @ 20:58:43.254",4624,"DESKTOP-5JEIKFF",Negotiate,1012,"2025-04-18T15:49:54.4842456Z",5,Advapi,SYSTEM
"Apr 18, 2025 @ 20:58:43.229",4624,"DESKTOP-5JEIKFF",Negotiate,1012,"2025-04-18T15:38:36.3459847Z",5,Advapi,SYSTEM
"Apr 18, 2025 @ 20:58:43.205",4624,"LAB3-11",Negotiate,988,"2025-04-18T10:15:57.9915071Z",5,Advapi,SYSTEM
"Apr 18, 2025 @ 20:58:43.203",4624,"DESKTOP-5JEIKFF",Negotiate,1012,"2025-04-18T15:27:59.3168141Z",5,Advapi,SYSTEM
"Apr 18, 2025 @ 20:58:43.192",4624,"DESKTOP-5JEIKFF",Negotiate,1012,"2025-04-18T15:22:12.9801314Z",5,Advapi,SYSTEM
"Apr 18, 2025 @ 20:58:43.181",4624,"DESKTOP-5JEIKFF",Negotiate,1012,"2025-04-18T15:21:01.4570279Z",5,Advapi,SYSTEM
"Apr 18, 2025 @ 20:58:42.298",4624,"DESKTOP-5JEIKFF",Negotiate,1012,"2025-04-18T15:19:23.9459860Z",5,Advapi,SYSTEM
"Apr 18, 2025 @ 20:58:42.233",4624,"DESKTOP-5JEIKFF",Negotiate,1012,"2025-04-18T15:19:23.8876829Z",5,Advapi,SYSTEM
"Apr 18, 2025 @ 20:58:41.321",4624,"DESKTOP-5JEIKFF",Negotiate,1012,"2025-04-18T15:10:00.7030565Z",5,Advapi,SYSTEM
"Apr 18, 2025 @ 20:58:40.765",4624,"DESKTOP-5JEIKFF",Negotiate,1012,"2025-04-18T15:09:33.5464499Z",5,Advapi,SYSTEM
"Apr 18, 2025 @ 20:58:40.735",4624,"DESKTOP-5JEIKFF",Negotiate,1012,"2025-04-18T15:07:00.8613420Z",2,User32,Project
"Apr 18, 2025 @ 20:58:40.733",4624,"DESKTOP-5JEIKFF",Negotiate,1012,"2025-04-18T15:07:00.8613341Z",2,User32,Project
"Apr 18, 2025 @ 20:58:40.724",4624,"DESKTOP-5JEIKFF",Negotiate,1012,"2025-04-18T15:06:55.4478123Z",5,Advapi,SYSTEM
"Apr 18, 2025 @ 20:58:40.701",4624,"DESKTOP-5JEIKFF",Negotiate,1012,"2025-04-18T15:04:44.8133885Z",5,Advapi,SYSTEM
"Apr 18, 2025 @ 20:58:40.695",4624,"DESKTOP-5JEIKFF",Negotiate,1012,"2025-04-18T15:03:18.6802646Z",5,Advapi,SYSTEM
"Apr 18, 2025 @ 20:58:40.636",4624,"DESKTOP-5JEIKFF",Negotiate,1012,"2025-04-18T15:01:51.2977823Z",5,Advapi,SYSTEM
"Apr 18, 2025 @ 20:58:40.613",4624,"DESKTOP-5JEIKFF",Negotiate,1012,"2025-04-18T14:57:31.4424763Z",5,Advapi,SYSTEM
"Apr 18, 2025 @ 20:58:40.607",4624,"DESKTOP-5JEIKFF",Negotiate,1012,"2025-04-18T14:57:31.0559322Z",5,Advapi,SYSTEM
"Apr 18, 2025 @ 20:58:40.601",4624,"DESKTOP-5JEIKFF",Negotiate,1012,"2025-04-18T14:57:31.0556010Z",5,Advapi,SYSTEM
"Apr 18, 2025 @ 20:58:40.596",4624,"DESKTOP-5JEIKFF",Negotiate,1012,"2025-04-18T14:57:31.0530461Z",5,Advapi,SYSTEM
"Apr 18, 2025 @ 20:58:40.590",4624,"DESKTOP-5JEIKFF",Negotiate,1012,"2025-04-18T14:57:31.0527354Z",5,Advapi,SYSTEM
"Apr 18, 2025 @ 20:58:40.584",4624,"DESKTOP-5JEIKFF",Negotiate,1012,"2025-04-18T14:57:31.0517244Z",5,Advapi,SYSTEM
"Apr 18, 2025 @ 20:58:40.579",4624,"DESKTOP-5JEIKFF",Negotiate,1012,"2025-04-18T14:57:31.0514345Z",5,Advapi,SYSTEM
"Apr 18, 2025 @ 20:58:40.573",4624,"DESKTOP-5JEIKFF",Negotiate,1012,"2025-04-18T14:57:31.0478135Z",5,Advapi,SYSTEM
"Apr 18, 2025 @ 20:58:40.567",4624,"DESKTOP-5JEIKFF",Negotiate,1012,"2025-04-18T14:57:31.0474416Z",5,Advapi,SYSTEM
"Apr 18, 2025 @ 20:58:40.561",4624,"DESKTOP-5JEIKFF",Negotiate,1012,"2025-04-18T14:57:31.0464633Z",5,Advapi,SYSTEM
"Apr 18, 2025 @ 20:58:40.555",4624,"DESKTOP-5JEIKFF",Negotiate,1012,"2025-04-18T14:57:31.0412418Z",5,Advapi,SYSTEM
"Apr 18, 2025 @ 20:58:40.549",4624,"DESKTOP-5JEIKFF",Negotiate,1012,"2025-04-18T14:57:31.0409067Z",5,Advapi,SYSTEM
"Apr 18, 2025 @ 20:58:40.542",4624,"DESKTOP-5JEIKFF",Negotiate,1012,"2025-04-18T14:57:31.0381625Z",5,Advapi,SYSTEM
"Apr 18, 2025 @ 20:58:40.537",4624,"DESKTOP-5JEIKFF",Negotiate,1012,"2025-04-18T14:57:31.0378128Z",5,Advapi,SYSTEM
"Apr 18, 2025 @ 20:58:40.531",4624,"DESKTOP-5JEIKFF",Negotiate,1012,"2025-04-18T14:57:31.0365153Z",5,Advapi,SYSTEM
"Apr 18, 2025 @ 20:58:40.525",4624,"DESKTOP-5JEIKFF",Negotiate,1012,"2025-04-18T14:57:31.0361540Z",5,Advapi,SYSTEM
"Apr 18, 2025 @ 20:58:40.520",4624,"DESKTOP-5JEIKFF",Negotiate,1012,"2025-04-18T14:57:31.0232132Z",5,Advapi,SYSTEM
"Apr 18, 2025 @ 20:58:40.514",4624,"DESKTOP-5JEIKFF",Negotiate,1012,"2025-04-18T14:57:31.0228040Z",5,Advapi,SYSTEM
"Apr 18, 2025 @ 20:58:40.508",4624,"DESKTOP-5JEIKFF",Negotiate,1012,"2025-04-18T14:57:31.0218523Z",5,Advapi,SYSTEM
"Apr 18, 2025 @ 20:58:40.503",4624,"DESKTOP-5JEIKFF",Negotiate,1012,"2025-04-18T14:57:31.0148940Z",5,Advapi,SYSTEM
"Apr 18, 2025 @ 20:58:40.496",4624,"DESKTOP-5JEIKFF",Negotiate,1012,"2025-04-18T14:57:31.0145205Z",5,Advapi,SYSTEM
"Apr 18, 2025 @ 20:58:40.490",4624,"DESKTOP-5JEIKFF",Negotiate,1012,"2025-04-18T14:57:31.0114471Z",5,Advapi,SYSTEM
"Apr 18, 2025 @ 20:58:40.485",4624,"DESKTOP-5JEIKFF",Negotiate,1012,"2025-04-18T14:57:31.0110760Z",5,Advapi,SYSTEM
"Apr 18, 2025 @ 20:58:40.479",4624,"DESKTOP-5JEIKFF",Negotiate,1012,"2025-04-18T14:57:31.0099584Z",5,Advapi,SYSTEM
"Apr 18, 2025 @ 20:58:40.473",4624,"DESKTOP-5JEIKFF",Negotiate,1012,"2025-04-18T14:57:31.0095697Z",5,Advapi,SYSTEM
"Apr 18, 2025 @ 20:58:40.467",4624,"DESKTOP-5JEIKFF",Negotiate,1012,"2025-04-18T14:57:31.0059856Z",5,Advapi,SYSTEM
"Apr 18, 2025 @ 20:58:40.461",4624,"DESKTOP-5JEIKFF",Negotiate,1012,"2025-04-18T14:57:31.0055975Z",5,Advapi,SYSTEM
"Apr 18, 2025 @ 20:58:40.455",4624,"DESKTOP-5JEIKFF",Negotiate,1012,"2025-04-18T14:57:31.0045687Z",5,Advapi,SYSTEM
"Apr 18, 2025 @ 20:58:40.449",4624,"DESKTOP-5JEIKFF",Negotiate,1012,"2025-04-18T14:57:30.9990058Z",5,Advapi,SYSTEM
"Apr 18, 2025 @ 20:58:40.444",4624,"DESKTOP-5JEIKFF",Negotiate,1012,"2025-04-18T14:57:30.9986438Z",5,Advapi,SYSTEM
"Apr 18, 2025 @ 20:58:40.438",4624,"DESKTOP-5JEIKFF",Negotiate,1012,"2025-04-18T14:57:30.9953453Z",5,Advapi,SYSTEM
"Apr 18, 2025 @ 20:58:40.433",4624,"DESKTOP-5JEIKFF",Negotiate,1012,"2025-04-18T14:57:30.9948961Z",5,Advapi,SYSTEM
"Apr 18, 2025 @ 20:58:40.427",4624,"DESKTOP-5JEIKFF",Negotiate,1012,"2025-04-18T14:57:30.9927133Z",5,Advapi,SYSTEM
"Apr 18, 2025 @ 20:58:40.426",4624,"DESKTOP-5JEIKFF",Negotiate,1012,"2025-04-18T14:57:30.9857449Z",5,Advapi,SYSTEM
"Apr 18, 2025 @ 20:58:40.426",4624,"DESKTOP-5JEIKFF",Negotiate,1012,"2025-04-18T14:57:30.9868372Z",5,Advapi,SYSTEM
"Apr 18, 2025 @ 20:58:40.426",4624,"DESKTOP-5JEIKFF",Negotiate,1012,"2025-04-18T14:57:30.9923356Z",5,Advapi,SYSTEM
"Apr 18, 2025 @ 20:58:40.426",4624,"DESKTOP-5JEIKFF",Negotiate,1012,"2025-04-18T14:57:30.9872394Z",5,Advapi,SYSTEM
"Apr 18, 2025 @ 20:58:40.425",4624,"DESKTOP-5JEIKFF",Negotiate,1012,"2025-04-18T14:56:17.5306591Z",5,Advapi,SYSTEM
"Apr 18, 2025 @ 20:58:40.425",4624,"DESKTOP-5JEIKFF",Negotiate,1012,"2025-04-18T14:56:17.6766088Z",5,Advapi,SYSTEM
"Apr 18, 2025 @ 20:58:40.425",4624,"DESKTOP-5JEIKFF",Negotiate,1012,"2025-04-18T14:56:19.0842827Z",5,Advapi,SYSTEM
"Apr 18, 2025 @ 20:58:40.423",4624,"DESKTOP-5JEIKFF",Negotiate,1012,"2025-04-18T14:54:35.5031828Z",5,Advapi,SYSTEM
"Apr 18, 2025 @ 20:58:40.423",4624,"DESKTOP-5JEIKFF",Negotiate,1012,"2025-04-18T14:54:40.4476550Z",5,Advapi,SYSTEM
"Apr 18, 2025 @ 20:58:40.420",4624,"DESKTOP-5JEIKFF",Negotiate,1012,"2025-04-18T14:54:34.2393419Z",5,Advapi,SYSTEM
"Apr 18, 2025 @ 20:58:40.420",4624,"DESKTOP-5JEIKFF",Negotiate,1012,"2025-04-18T14:54:30.5280279Z",5,Advapi,SYSTEM
"Apr 18, 2025 @ 20:58:40.400",4624,"CP-AKT-002912",Negotiate,1048,"2025-04-18T15:59:39.0334535Z",5,Advapi,SYSTEM
"Apr 18, 2025 @ 20:58:37.339",4624,"CP-AKT-002912",Negotiate,1048,"2025-04-18T15:53:16.2755676Z",5,Advapi,SYSTEM
"Apr 18, 2025 @ 20:58:37.333",4624,"CP-AKT-002912",Negotiate,1048,"2025-04-18T15:58:12.7610252Z",5,Advapi,SYSTEM
"Apr 18, 2025 @ 20:58:37.333",4624,"CP-AKT-002912",Negotiate,1048,"2025-04-18T14:55:18.3810626Z",5,Advapi,SYSTEM
"Apr 18, 2025 @ 20:58:37.332",4624,"CP-AKT-002912",Negotiate,1048,"2025-04-18T15:52:19.1628709Z",5,Advapi,SYSTEM
"Apr 18, 2025 @ 20:58:37.332",4624,"CP-AKT-002912",Negotiate,1048,"2025-04-18T15:52:18.1052742Z",5,Advapi,SYSTEM
"Apr 18, 2025 @ 20:58:37.332",4624,"CP-AKT-002912",Negotiate,1048,"2025-04-18T15:52:18.3073510Z",5,Advapi,SYSTEM
"Apr 18, 2025 @ 20:58:37.332",4624,"CP-AKT-002912",Negotiate,1048,"2025-04-18T15:52:13.0017598Z",5,Advapi,SYSTEM
"Apr 18, 2025 @ 20:58:37.331",4624,"CP-AKT-002912",Negotiate,1048,"2025-04-18T15:45:24.2066166Z",5,Advapi,SYSTEM
"Apr 18, 2025 @ 20:58:37.331",4625,"CP-AKT-002912",Negotiate,1048,"2025-04-18T14:54:22.9869732Z",2,User32,"23f.bsit.0008"
"Apr 18, 2025 @ 20:58:37.331",4624,"CP-AKT-002912",Negotiate,1048,"2025-04-18T15:26:37.8438617Z",5,Advapi,SYSTEM
"Apr 18, 2025 @ 20:58:37.331",4624,"CP-AKT-002912",Negotiate,1048,"2025-04-18T15:02:11.4524900Z",5,Advapi,SYSTEM
"Apr 18, 2025 @ 20:58:37.331",4624,"CP-AKT-002912",Negotiate,1048,"2025-04-18T14:55:18.3647550Z",2,User32,"bsit22f.0038"
"Apr 18, 2025 @ 20:58:37.330",4624,"CP-AKT-002912",Negotiate,1048,"2025-04-18T14:53:47.3787607Z",5,Advapi,SYSTEM
"Apr 18, 2025 @ 20:58:37.330",4625,"CP-AKT-002912",Negotiate,1048,"2025-04-18T14:54:14.1397005Z",2,User32,"23f.bsit.0008"
"Apr 18, 2025 @ 20:58:37.330",4624,"CP-AKT-002912",Negotiate,1048,"2025-04-18T14:53:47.4357102Z",5,Advapi,SYSTEM
"Apr 18, 2025 @ 20:58:37.330",4624,"CP-AKT-002912",Negotiate,1048,"2025-04-18T14:18:42.4544685Z",5,Advapi,SYSTEM
"Apr 18, 2025 @ 20:58:37.330",4624,"CP-AKT-002912",Negotiate,1048,"2025-04-18T14:54:08.8923393Z",5,Advapi,SYSTEM
"Apr 18, 2025 @ 20:58:37.330",4624,"CP-AKT-002912",Negotiate,1048,"2025-04-18T14:29:42.1557043Z",5,Advapi,SYSTEM
"Apr 18, 2025 @ 20:58:37.329",4624,"CP-AKT-002912",Negotiate,1048,"2025-04-18T14:14:40.8346975Z",5,Advapi,SYSTEM
"Apr 18, 2025 @ 20:58:37.329",4624,"CP-AKT-002912",Negotiate,1048,"2025-04-18T14:15:11.7876052Z",5,Advapi,SYSTEM
"Apr 18, 2025 @ 20:58:37.329",4624,"CP-AKT-002912",Negotiate,1048,"2025-04-18T14:14:40.9005472Z",5,Advapi,SYSTEM
"Apr 18, 2025 @ 20:58:37.328",4624,"CP-AKT-002912",Negotiate,1048,"2025-04-18T13:47:33.5404169Z",5,Advapi,SYSTEM
"Apr 18, 2025 @ 20:58:37.328",4624,"CP-AKT-002912",Kerberos,1048,"2025-04-18T14:10:15.5555568Z",3,Kerberos,"CP-AKT-002912$"
"Apr 18, 2025 @ 20:58:37.328",4624,"CP-AKT-002912",Kerberos,1048,"2025-04-18T14:10:15.8150837Z",3,Kerberos,"CP-AKT-002912$"
"Apr 18, 2025 @ 20:58:37.328",4624,"CP-AKT-002912",Negotiate,1048,"2025-04-18T14:07:34.9266198Z",5,Advapi,SYSTEM
"Apr 18, 2025 @ 20:58:37.328",4624,"CP-AKT-002912",Negotiate,1048,"2025-04-18T13:58:58.6571036Z",5,Advapi,SYSTEM
"Apr 18, 2025 @ 20:58:37.327",4624,"CP-AKT-002912",Negotiate,1048,"2025-04-18T12:38:05.3434472Z",11,User32,"bsit22f.0038"
"Apr 18, 2025 @ 20:58:37.327",4624,"CP-AKT-002912",Negotiate,1048,"2025-04-18T13:44:50.3001019Z",5,Advapi,SYSTEM
"Apr 18, 2025 @ 20:58:37.327",4624,"CP-AKT-002912",Negotiate,1048,"2025-04-18T13:23:09.7394746Z",5,Advapi,SYSTEM
"Apr 18, 2025 @ 20:58:37.327",4624,"CP-AKT-002912",Negotiate,1048,"2025-04-18T13:39:48.5755791Z",5,Advapi,SYSTEM
"Apr 18, 2025 @ 20:58:37.325",4624,"CP-AKT-002912",Negotiate,1048,"2025-04-18T12:38:17.2281349Z",5,Advapi,SYSTEM
"Apr 18, 2025 @ 20:58:37.325",4624,"CP-AKT-002912",Negotiate,1048,"2025-04-18T12:37:46.1292159Z",5,Advapi,SYSTEM
"Apr 18, 2025 @ 20:58:37.325",4624,"CP-AKT-002912",Negotiate,1048,"2025-04-18T12:58:20.7897601Z",5,Advapi,SYSTEM
"Apr 18, 2025 @ 20:58:37.325",4624,"CP-AKT-002912",Negotiate,1048,"2025-04-18T13:10:46.4324236Z",5,Advapi,SYSTEM
"Apr 18, 2025 @ 20:58:37.325",4624,"CP-AKT-002912",Negotiate,1048,"2025-04-18T12:38:05.5241083Z",5,Advapi,SYSTEM
"Apr 18, 2025 @ 20:58:37.325",4624,"CP-AKT-002912",Negotiate,1048,"2025-04-18T12:32:20.8537632Z",5,Advapi,SYSTEM
"Apr 18, 2025 @ 20:58:37.325",4624,"CP-AKT-002912",Negotiate,1048,"2025-04-18T12:47:01.3534911Z",5,Advapi,SYSTEM
"Apr 18, 2025 @ 20:58:37.325",4624,"CP-AKT-002912",Negotiate,1048,"2025-04-18T13:11:57.1020637Z",5,Advapi,SYSTEM
"Apr 18, 2025 @ 20:58:37.324",4624,"CP-AKT-002912",Negotiate,1048,"2025-04-18T12:25:18.1239728Z",5,Advapi,SYSTEM
"Apr 18, 2025 @ 20:58:37.324",4624,"CP-AKT-002912",Kerberos,1048,"2025-04-18T12:25:11.5729963Z",3,Kerberos,"ADMANAGER$"
"Apr 18, 2025 @ 20:58:37.323",4624,"CP-AKT-002912",Negotiate,1048,"2025-04-18T11:58:56.3543201Z",5,Advapi,SYSTEM
"Apr 18, 2025 @ 20:58:37.323",4624,"CP-AKT-002912",NTLM,1048,"2025-04-18T12:25:11.5703794Z",3,NtLmSsp,"ADMANAGER$"
"Apr 18, 2025 @ 20:58:37.323",4624,"CP-AKT-002912",Negotiate,1048,"2025-04-18T12:18:52.7393110Z",5,Advapi,SYSTEM
"Apr 18, 2025 @ 20:58:37.323",4624,"CP-AKT-002912",Kerberos,1048,"2025-04-18T12:25:11.5319680Z",3,Kerberos,Administrator
"Apr 18, 2025 @ 20:58:37.323",4624,"CP-AKT-002912",Kerberos,1048,"2025-04-18T12:25:11.5496093Z",3,Kerberos,Administrator
"Apr 18, 2025 @ 20:58:37.322",4624,"CP-AKT-002912",Negotiate,1048,"2025-04-18T11:47:07.2239706Z",5,Advapi,SYSTEM
"Apr 18, 2025 @ 20:58:37.322",4624,"CP-AKT-002912",Negotiate,1048,"2025-04-18T11:55:12.0468631Z",5,Advapi,SYSTEM
"Apr 18, 2025 @ 20:58:37.321",4624,"CP-AKT-002912",Negotiate,1048,"2025-04-18T11:44:20.6619408Z",5,Advapi,SYSTEM
"Apr 18, 2025 @ 20:58:37.321",4624,"CP-AKT-002912",Negotiate,1048,"2025-04-18T11:38:25.0561698Z",5,Advapi,SYSTEM
"Apr 18, 2025 @ 20:58:37.321",4624,"CP-AKT-002912",Negotiate,1048,"2025-04-18T11:38:43.8642222Z",5,Advapi,SYSTEM
"Apr 18, 2025 @ 20:58:37.321",4624,"CP-AKT-002912",Negotiate,1048,"2025-04-18T11:43:03.1537156Z",5,Advapi,SYSTEM
"Apr 18, 2025 @ 20:58:37.320",4624,"CP-AKT-002912",Negotiate,1048,"2025-04-18T11:25:25.6850811Z",5,Advapi,SYSTEM
"Apr 18, 2025 @ 20:58:37.320",4624,"CP-AKT-002912",Negotiate,1048,"2025-04-18T11:30:08.1751472Z",5,Advapi,SYSTEM
"Apr 18, 2025 @ 20:58:37.320",4624,"CP-AKT-002912",Negotiate,1048,"2025-04-18T11:33:36.9681108Z",5,Advapi,SYSTEM
"Apr 18, 2025 @ 20:58:37.319",4624,"CP-AKT-002912",Negotiate,1048,"2025-04-18T11:21:29.8915820Z",5,Advapi,SYSTEM
"Apr 18, 2025 @ 20:58:37.318",4624,"CP-AKT-002912",Kerberos,1048,"2025-04-18T11:21:24.5916908Z",3,Kerberos,Administrator
"Apr 18, 2025 @ 20:58:37.318",4624,"CP-AKT-002912",Kerberos,1048,"2025-04-18T11:21:24.6118148Z",3,Kerberos,"ADMANAGER$"
"Apr 18, 2025 @ 20:58:37.318",4624,"CP-AKT-002912",NTLM,1048,"2025-04-18T11:21:24.6090518Z",3,NtLmSsp,"ADMANAGER$"
"Apr 18, 2025 @ 20:58:37.318",4624,"CP-AKT-002912",Kerberos,1048,"2025-04-18T11:21:24.5731943Z",3,Kerberos,Administrator
"Apr 18, 2025 @ 20:58:37.318",4624,"CP-AKT-002912",Negotiate,1048,"2025-04-18T11:21:25.0327156Z",5,Advapi,SYSTEM
"Apr 18, 2025 @ 20:58:37.317",4624,"CP-AKT-002912",Negotiate,1048,"2025-04-18T11:09:59.7192584Z",5,Advapi,SYSTEM
"Apr 18, 2025 @ 20:58:37.317",4624,"CP-AKT-002912",Negotiate,1048,"2025-04-18T11:15:55.1186444Z",5,Advapi,SYSTEM
"Apr 18, 2025 @ 20:58:37.317",4624,"CP-AKT-002912",Negotiate,1048,"2025-04-18T11:08:05.6905809Z",5,Advapi,SYSTEM
"Apr 18, 2025 @ 20:58:37.317",4624,"CP-AKT-002912",Negotiate,1048,"2025-04-18T11:05:37.6584059Z",5,Advapi,SYSTEM
"Apr 18, 2025 @ 20:58:37.317",4624,"CP-AKT-002912",Negotiate,1048,"2025-04-18T11:07:32.0545252Z",5,Advapi,SYSTEM
"Apr 18, 2025 @ 20:58:37.316",4624,"CP-AKT-002912",Negotiate,1048,"2025-04-18T11:05:35.9679155Z",5,Advapi,SYSTEM
"Apr 18, 2025 @ 20:58:37.316",4624,"CP-AKT-002912",Negotiate,1048,"2025-04-18T11:06:50.5421216Z",5,Advapi,SYSTEM
"Apr 18, 2025 @ 20:58:37.316",4624,"CP-AKT-002912",Negotiate,1048,"2025-04-18T11:07:05.2574589Z",5,Advapi,SYSTEM
"Apr 18, 2025 @ 20:58:37.316",4624,"CP-AKT-002912",Negotiate,1048,"2025-04-18T11:03:14.8354646Z",5,Advapi,SYSTEM
"Apr 18, 2025 @ 20:58:37.316",4624,"CP-AKT-002912",Negotiate,1048,"2025-04-18T11:05:37.7559672Z",5,Advapi,SYSTEM
"Apr 18, 2025 @ 20:58:37.316",4625,"CP-AKT-002912",Negotiate,1048,"2025-04-18T11:05:41.4524525Z",2,User32,"bsit22f.0038"
"Apr 18, 2025 @ 20:58:37.316",4625,"CP-AKT-002912",Negotiate,1048,"2025-04-18T11:06:01.1375905Z",2,User32,TsetUser
"Apr 18, 2025 @ 20:58:37.316",4624,"CP-AKT-002912",Negotiate,1048,"2025-04-18T11:07:05.3737265Z",5,Advapi,SYSTEM
"Apr 18, 2025 @ 20:58:37.315",4624,"CP-AKT-002912",Negotiate,1048,"2025-04-18T10:58:19.6107411Z",5,Advapi,SYSTEM
"Apr 18, 2025 @ 20:58:37.315",4624,"CP-AKT-002912",Negotiate,1048,"2025-04-18T10:59:04.0584813Z",5,Advapi,SYSTEM
"Apr 18, 2025 @ 20:58:37.314",4624,"LAB3-10",Negotiate,1056,"2025-04-18T15:57:11.9057258Z",5,Advapi,SYSTEM
"Apr 18, 2025 @ 20:58:37.314",4624,"CP-AKT-002912",Negotiate,1048,"2025-04-18T10:58:18.4530886Z",5,Advapi,SYSTEM
"Apr 18, 2025 @ 20:58:37.314",4624,"CP-AKT-002912",Negotiate,1048,"2025-04-18T10:58:18.4498832Z",5,Advapi,SYSTEM
"Apr 18, 2025 @ 20:58:37.314",4624,"CP-AKT-002912",Negotiate,1048,"2025-04-18T10:58:18.4507258Z",5,Advapi,SYSTEM
"Apr 18, 2025 @ 20:58:37.314",4624,"CP-AKT-002912",Negotiate,1048,"2025-04-18T10:58:18.4743246Z",5,Advapi,SYSTEM
"Apr 18, 2025 @ 20:58:37.314",4624,"CP-AKT-002912",Negotiate,1048,"2025-04-18T10:58:18.4539315Z",5,Advapi,SYSTEM
"Apr 18, 2025 @ 20:58:37.314",4624,"LAB3-10",Negotiate,1056,"2025-04-18T15:57:11.5795717Z",5,Advapi,SYSTEM
"Apr 18, 2025 @ 20:58:37.314",4624,"LAB3-10",Negotiate,1056,"2025-04-18T15:57:12.3430334Z",5,Advapi,SYSTEM
"Apr 18, 2025 @ 20:58:37.313",4625,"LAB3-10",Negotiate,1056,"2025-04-18T15:52:54.9052669Z",2,User32,"ics23f.0104"
"Apr 18, 2025 @ 20:58:37.313",4624,"CP-AKT-002912",Negotiate,1048,"2025-04-18T10:58:16.4151489Z",5,Advapi,SYSTEM
"Apr 18, 2025 @ 20:58:37.313",4624,"LAB3-10",Negotiate,1056,"2025-04-18T15:57:09.7181603Z",5,Advapi,SYSTEM
"Apr 18, 2025 @ 20:58:37.313",4624,"CP-AKT-002912",Negotiate,1048,"2025-04-18T10:58:18.4478771Z",5,Advapi,SYSTEM
"Apr 18, 2025 @ 20:58:37.312",4624,"LAB3-10",Negotiate,1056,"2025-04-18T15:36:43.2961344Z",5,Advapi,SYSTEM
"Apr 18, 2025 @ 20:58:37.312",4624,"LAB3-10",Negotiate,1056,"2025-04-18T15:31:41.3748653Z",5,Advapi,SYSTEM
"Apr 18, 2025 @ 20:58:37.312",4624,"CP-AKT-002912",Negotiate,1048,"2025-04-18T10:58:15.1655902Z",5,Advapi,SYSTEM
"Apr 18, 2025 @ 20:58:37.312",4624,"CP-AKT-002912",Negotiate,1048,"2025-04-18T10:58:13.7937922Z",5,Advapi,SYSTEM
"Apr 18, 2025 @ 20:58:37.312",4624,"LAB3-10",Negotiate,1056,"2025-04-18T15:37:41.5585457Z",5,Advapi,SYSTEM
"Apr 18, 2025 @ 20:58:37.311",4624,"CP-AKT-002912",Negotiate,1048,"2025-04-18T10:58:13.7665565Z",5,Advapi,SYSTEM
"Apr 18, 2025 @ 20:58:37.311",4624,"LAB3-10",Negotiate,1056,"2025-04-18T15:30:36.5788017Z",5,Advapi,SYSTEM
"Apr 18, 2025 @ 20:58:37.311",4624,"CP-AKT-002912",Negotiate,1048,"2025-04-18T10:58:13.7638158Z",5,Advapi,SYSTEM
"Apr 18, 2025 @ 20:58:37.311",4624,"LAB3-10",Negotiate,1056,"2025-04-18T15:31:41.0629393Z",5,Advapi,SYSTEM
"Apr 18, 2025 @ 20:58:37.311",4624,"CP-AKT-002912",Negotiate,1048,"2025-04-18T10:58:13.7644540Z",5,Advapi,SYSTEM
"Apr 18, 2025 @ 20:58:37.311",4624,"CP-AKT-002912",Negotiate,1048,"2025-04-18T10:58:13.6682106Z",5,Advapi,SYSTEM
"Apr 18, 2025 @ 20:58:37.311",4624,"CP-AKT-002912",Negotiate,1048,"2025-04-18T10:58:13.7600101Z",5,Advapi,SYSTEM
"Apr 18, 2025 @ 20:58:37.311",4624,"CP-AKT-002912",Negotiate,1048,"2025-04-18T10:58:13.7671476Z",5,Advapi,SYSTEM
"Apr 18, 2025 @ 20:58:37.311",4624,"LAB3-10",Negotiate,1056,"2025-04-18T15:30:36.5450540Z",5,Advapi,SYSTEM
"Apr 18, 2025 @ 20:58:37.311",4624,"LAB3-10",Negotiate,1056,"2025-04-18T15:29:31.3941407Z",5,Advapi,SYSTEM
"Apr 18, 2025 @ 20:58:37.311",4624,"LAB3-10",Negotiate,1056,"2025-04-18T15:24:02.6043897Z",5,Advapi,SYSTEM
"Apr 18, 2025 @ 20:58:37.310",4624,"CP-AKT-002912",Negotiate,1048,"2025-04-18T10:40:18.3330383Z",5,Advapi,SYSTEM
"Apr 18, 2025 @ 20:58:37.310",4624,"CP-AKT-002912",Negotiate,1048,"2025-04-18T10:47:14.4898618Z",5,Advapi,SYSTEM
"Apr 18, 2025 @ 20:58:37.310",4624,"CP-AKT-002912",Negotiate,1048,"2025-04-18T10:58:09.4460935Z",5,Advapi,SYSTEM
"Apr 18, 2025 @ 20:58:37.310",4624,"CP-AKT-002912",Negotiate,1048,"2025-04-18T10:52:34.7091472Z",5,Advapi,SYSTEM
"Apr 18, 2025 @ 20:58:37.310",4624,"LAB3-10",Negotiate,1056,"2025-04-18T15:23:17.5193783Z",5,Advapi,SYSTEM
"Apr 18, 2025 @ 20:58:37.310",4624,"CP-AKT-002912",Negotiate,1048,"2025-04-18T10:39:15.5397249Z",5,Advapi,SYSTEM
"Apr 18, 2025 @ 20:58:37.310",4624,"LAB3-10",NTLM,1056,"2025-04-18T15:26:18.6025743Z",3,NtLmSsp,"ADMANAGER$"
"Apr 18, 2025 @ 20:58:37.310",4624,"CP-AKT-002912",Negotiate,1048,"2025-04-18T10:57:54.8246744Z",5,Advapi,SYSTEM
"Apr 18, 2025 @ 20:58:37.310",4624,"CP-AKT-002912",Negotiate,1048,"2025-04-18T10:25:53.8200253Z",5,Advapi,SYSTEM
"Apr 18, 2025 @ 20:58:37.310",4624,"CP-AKT-002912",Negotiate,1048,"2025-04-18T10:31:14.0072765Z",5,Advapi,SYSTEM
"Apr 18, 2025 @ 20:58:37.310",4624,"LAB3-10",Kerberos,1056,"2025-04-18T15:26:18.4403777Z",3,Kerberos,Administrator
"Apr 18, 2025 @ 20:58:37.310",4624,"LAB3-10",Negotiate,1056,"2025-04-18T15:21:45.5947401Z",5,Advapi,MSSQLSERVER
"Apr 18, 2025 @ 20:58:37.310",4624,"CP-AKT-002912",Negotiate,1048,"2025-04-18T10:38:11.0715992Z",5,Advapi,SYSTEM
"Apr 18, 2025 @ 20:58:37.310",4624,"LAB3-10",Kerberos,1056,"2025-04-18T15:26:18.5611814Z",3,Kerberos,Administrator
"Apr 18, 2025 @ 20:58:37.310",4624,"LAB3-10",Kerberos,1056,"2025-04-18T15:26:18.6120025Z",3,Kerberos,"ADMANAGER$"
"Apr 18, 2025 @ 20:58:37.310",4624,"LAB3-10",Negotiate,1056,"2025-04-18T15:23:22.1705642Z",5,Advapi,SYSTEM
"Apr 18, 2025 @ 20:58:37.309",4624,"LAB3-10",Negotiate,1056,"2025-04-18T15:21:49.9127885Z",5,Advapi,SYSTEM
"Apr 18, 2025 @ 20:58:37.309",4624,"LAB3-10",Negotiate,1056,"2025-04-18T15:21:49.3048787Z",5,Advapi,"SQLTELEMETRY$SQLEXPRESS"
"Apr 18, 2025 @ 20:58:37.309",4624,"LAB3-10",Negotiate,1056,"2025-04-18T15:21:49.0500752Z",5,Advapi,SQLTELEMETRY
"Apr 18, 2025 @ 20:58:37.309",4624,"LAB3-10",Negotiate,1056,"2025-04-18T15:21:49.7142466Z",5,Advapi,SYSTEM
"Apr 18, 2025 @ 20:58:37.309",4624,"CP-AKT-002912",Negotiate,1048,"2025-04-18T10:20:07.6378559Z",5,Advapi,SYSTEM
"Apr 18, 2025 @ 20:58:37.309",4624,"CP-AKT-002912",Kerberos,1048,"2025-04-18T10:20:15.8382499Z",3,Kerberos,"CP-AKT-002912$"
"Apr 18, 2025 @ 20:58:37.309",4624,"CP-AKT-002912",Kerberos,1048,"2025-04-18T10:20:16.3334105Z",3,Kerberos,"CP-AKT-002912$"
"Apr 18, 2025 @ 20:58:37.309",4624,"LAB3-10",Negotiate,1056,"2025-04-18T15:21:50.2216473Z",5,Advapi,SYSTEM
"Apr 18, 2025 @ 20:58:37.309",4624,"CP-AKT-002912",Negotiate,1048,"2025-04-18T10:15:13.7393718Z",5,Advapi,SYSTEM
"Apr 18, 2025 @ 20:58:37.308",4624,"LAB3-10",Negotiate,1056,"2025-04-18T15:19:41.7682887Z",5,Advapi,SYSTEM
"Apr 18, 2025 @ 20:58:37.308",4624,"LAB3-10",Negotiate,1056,"2025-04-18T15:19:41.7693020Z",5,Advapi,SYSTEM
"Apr 18, 2025 @ 20:58:37.308",4624,"LAB3-10",Negotiate,1056,"2025-04-18T15:19:54.8733973Z",5,Advapi,SYSTEM
"Apr 18, 2025 @ 20:58:37.308",4624,"LAB3-10",Negotiate,1056,"2025-04-18T15:21:31.4600746Z",5,Advapi,SYSTEM
"Apr 18, 2025 @ 20:58:37.308",4624,"LAB3-10",Negotiate,1056,"2025-04-18T15:19:41.8131031Z",5,Advapi,SYSTEM
"Apr 18, 2025 @ 20:58:37.308",4624,"LAB3-10",Negotiate,1056,"2025-04-18T15:20:18.3350011Z",5,Advapi,SYSTEM
"Apr 18, 2025 @ 20:58:37.308",4624,"LAB3-10",Negotiate,1056,"2025-04-18T15:21:43.9693450Z",5,Advapi,"MSSQL$SQLEXPRESS"
"Apr 18, 2025 @ 20:58:37.308",4624,"LAB3-10",Negotiate,1056,"2025-04-18T15:19:54.9359869Z",5,Advapi,SYSTEM
"Apr 18, 2025 @ 20:58:37.308",4624,"LAB3-10",Negotiate,1056,"2025-04-18T15:19:54.9674423Z",5,Advapi,SYSTEM
"Apr 18, 2025 @ 20:58:37.308",4624,"LAB3-10",Negotiate,1056,"2025-04-18T15:21:47.2742107Z",5,Advapi,SYSTEM
"Apr 18, 2025 @ 20:58:37.307",4624,"LAB3-10",Kerberos,1056,"2025-04-18T15:19:33.6068039Z",3,Kerberos,"LAB3-10$"
"Apr 18, 2025 @ 20:58:37.307",4624,"LAB3-10",Kerberos,1056,"2025-04-18T15:19:39.7192933Z",3,Kerberos,"LAB3-10$"
"Apr 18, 2025 @ 20:58:37.307",4624,"LAB3-10",Kerberos,1056,"2025-04-18T15:19:40.6151204Z",3,Kerberos,"LAB3-10$"
"Apr 18, 2025 @ 20:58:37.307",4624,"LAB3-10",Negotiate,1056,"2025-04-18T15:19:24.2999473Z",5,Advapi,SYSTEM
"Apr 18, 2025 @ 20:58:37.307",4624,"LAB3-10",Negotiate,1056,"2025-04-18T15:19:25.5537166Z",5,Advapi,SYSTEM
"Apr 18, 2025 @ 20:58:37.307",4624,"LAB3-10",Kerberos,1056,"2025-04-18T15:19:41.7437728Z",3,Kerberos,"LAB3-10$"
"Apr 18, 2025 @ 20:58:37.307",4624,"LAB3-10",Negotiate,1056,"2025-04-18T15:19:24.9536999Z",5,Advapi,SYSTEM
"Apr 18, 2025 @ 20:58:37.306",4624,"LAB3-10",Negotiate,1056,"2025-04-18T15:19:23.2007387Z",5,Advapi,SYSTEM
"Apr 18, 2025 @ 20:58:37.306",4624,"LAB3-10",Negotiate,1056,"2025-04-18T15:19:23.3661976Z",5,Advapi,SYSTEM
"Apr 18, 2025 @ 20:58:37.306",4624,"LAB3-10",Negotiate,1056,"2025-04-18T15:19:23.2019532Z",5,Advapi,SYSTEM
"Apr 18, 2025 @ 20:58:37.306",4624,"LAB3-10",Negotiate,1056,"2025-04-18T15:19:23.2385941Z",5,Advapi,SYSTEM
"Apr 18, 2025 @ 20:58:37.305",4624,"LAB3-10",Negotiate,1056,"2025-04-18T15:19:23.2000182Z",5,Advapi,SYSTEM
"Apr 18, 2025 @ 20:58:37.305",4624,"LAB3-10",Negotiate,1056,"2025-04-18T15:19:23.1999530Z",5,Advapi,SYSTEM
"Apr 18, 2025 @ 20:58:37.305",4624,"LAB3-10",Negotiate,1056,"2025-04-18T15:19:23.2003960Z",5,Advapi,SYSTEM
"Apr 18, 2025 @ 20:58:37.305",4624,"LAB3-10",Negotiate,1056,"2025-04-18T15:19:23.2012767Z",5,Advapi,SYSTEM
"Apr 18, 2025 @ 20:58:37.304",4624,"LAB3-10",Negotiate,1056,"2025-04-18T15:19:23.1583026Z",5,Advapi,SYSTEM
"Apr 18, 2025 @ 20:58:37.304",4624,"LAB3-10",Negotiate,1056,"2025-04-18T15:19:23.1985991Z",5,Advapi,SYSTEM
"Apr 18, 2025 @ 15:12:32.613",4624,"LAB3-09",Negotiate,1060,"2025-04-18T10:12:40.6037802Z",5,Advapi,SYSTEM
"Apr 18, 2025 @ 15:11:05.052",4624,"LAB3-18",Negotiate,1056,"2025-04-18T10:12:14.8199680Z",5,Advapi,SYSTEM
"Apr 18, 2025 @ 15:10:43.668",4624,"LAB3-10",Negotiate,1088,"2025-04-18T10:10:40.0128867Z",5,Advapi,SYSTEM
"Apr 18, 2025 @ 15:10:10.971",4624,"CP-AKT-002912",Negotiate,1048,"2025-04-18T10:11:21.2720065Z",5,Advapi,SYSTEM
"Apr 18, 2025 @ 15:10:10.403",4624,"LAB3-18",Negotiate,1056,"2025-04-18T10:11:20.1902424Z",5,Advapi,SYSTEM
"Apr 18, 2025 @ 15:08:42.883",4624,"CP-AKT-000210",Negotiate,1044,"2025-04-18T10:08:39.7472370Z",5,Advapi,SYSTEM
"Apr 18, 2025 @ 15:08:32.869",4624,"LAB3-09",Negotiate,1060,"2025-04-18T10:08:43.1968627Z",5,Advapi,SYSTEM
"Apr 18, 2025 @ 15:08:21.460",4624,"LAB3-10",Negotiate,1088,"2025-04-18T10:08:17.8109554Z",5,Advapi,SYSTEM
"Apr 18, 2025 @ 15:08:14.096",4624,"CP-AKT-002912",Negotiate,1048,"2025-04-18T10:09:24.4381992Z",5,Advapi,SYSTEM
"Apr 18, 2025 @ 15:08:06.593",4624,"LAB3-09",Negotiate,1060,"2025-04-18T10:08:16.9621414Z",5,Advapi,SYSTEM
"Apr 18, 2025 @ 15:07:59.611",4624,"CP-AKT-002912",Negotiate,1048,"2025-04-18T10:09:09.9536099Z",5,Advapi,SYSTEM
"Apr 18, 2025 @ 15:07:28.295",4624,"LAB3-11",Negotiate,988,"2025-04-18T10:08:40.3051207Z",5,Advapi,SYSTEM
"Apr 18, 2025 @ 15:06:38.811",4624,"LAB3-11",Negotiate,988,"2025-04-18T10:07:50.7880970Z",5,Advapi,SYSTEM
"Apr 18, 2025 @ 15:06:34.279",4624,"LAB3-11",Negotiate,988,"2025-04-18T10:07:46.3280439Z",5,Advapi,SYSTEM
"Apr 18, 2025 @ 15:06:34.278",4624,"LAB3-11",Negotiate,988,"2025-04-18T10:07:46.3058996Z",5,Advapi,SYSTEM
"Apr 18, 2025 @ 15:06:15.527",4624,"LAB3-18",Negotiate,1056,"2025-04-18T10:07:25.3448741Z",5,Advapi,SYSTEM
"Apr 18, 2025 @ 15:06:07.602",4624,"LAB3-18",Negotiate,1056,"2025-04-18T10:07:17.3989216Z",5,Advapi,SYSTEM
"Apr 18, 2025 @ 15:05:39.007",4624,"CP-AKT-000210",Negotiate,1044,"2025-04-18T10:05:36.0792600Z",5,Advapi,SYSTEM
"Apr 18, 2025 @ 15:05:19.955",4624,"CP-AKT-000210",Negotiate,1044,"2025-04-18T10:05:17.5786710Z",5,Advapi,SYSTEM
"Apr 18, 2025 @ 15:05:19.950",4624,"CP-AKT-000210",Negotiate,1044,"2025-04-18T10:05:17.3536991Z",5,Advapi,SYSTEM
"Apr 18, 2025 @ 15:05:19.946",4624,"CP-AKT-000210",Negotiate,1044,"2025-04-18T10:05:17.0261207Z",5,Advapi,SYSTEM
"Apr 18, 2025 @ 15:04:18.513",4624,"LAB3-09",Negotiate,1060,"2025-04-18T10:04:29.5954277Z",5,Advapi,SYSTEM
"Apr 18, 2025 @ 15:04:18.512",4624,"LAB3-09",Negotiate,1060,"2025-04-18T10:04:29.5954144Z",5,Advapi,SYSTEM
"Apr 18, 2025 @ 15:04:18.511",4624,"LAB3-09",Negotiate,1060,"2025-04-18T10:04:29.3588627Z",5,Advapi,SYSTEM
"Apr 18, 2025 @ 15:04:18.511",4624,"LAB3-09",Negotiate,1060,"2025-04-18T10:04:29.1500987Z",5,Advapi,SYSTEM
"Apr 18, 2025 @ 15:03:29.941",4624,"CP-AKT-002912",Negotiate,1048,"2025-04-18T10:04:40.3982106Z",5,Advapi,SYSTEM
"Apr 18, 2025 @ 15:02:33.594",4624,"CP-AKT-002912",Negotiate,1048,"2025-04-18T10:03:44.0703935Z",5,Advapi,SYSTEM
"Apr 18, 2025 @ 15:02:22.543",4624,"LAB3-10",Negotiate,1088,"2025-04-18T10:02:18.9964342Z",5,Advapi,SYSTEM
"Apr 18, 2025 @ 15:02:06.924",4624,"LAB3-09",Negotiate,1060,"2025-04-18T10:02:17.7101710Z",5,Advapi,SYSTEM
"Apr 18, 2025 @ 15:01:24.278",4624,"LAB3-10",Negotiate,1088,"2025-04-18T10:01:20.7504757Z",5,Advapi,SYSTEM
"Apr 18, 2025 @ 15:01:16.697",4624,"LAB3-10",Negotiate,1088,"2025-04-18T10:01:13.1819871Z",5,Advapi,SYSTEM
"Apr 18, 2025 @ 15:01:12.863",4624,"LAB3-11",Negotiate,988,"2025-04-18T10:02:25.0155853Z",5,Advapi,SYSTEM
"Apr 18, 2025 @ 15:00:55.045",4624,"LAB3-11",Negotiate,988,"2025-04-18T10:02:07.1902917Z",5,Advapi,SYSTEM
"Apr 18, 2025 @ 15:00:08.408",4624,"LAB3-10",Negotiate,1088,"2025-04-18T10:00:03.9590594Z",5,Advapi,SYSTEM
"Apr 18, 2025 @ 14:59:29.941",4624,"LAB3-10",Negotiate,1088,"2025-04-18T09:59:26.9983782Z",5,Advapi,SYSTEM
"Apr 18, 2025 @ 14:59:29.928",4624,"LAB3-10",Negotiate,1088,"2025-04-18T09:59:26.4395509Z",5,Advapi,SYSTEM
"Apr 18, 2025 @ 14:59:24.889",4624,"CP-AKT-002912",Negotiate,1048,"2025-04-18T10:00:35.4513662Z",5,Advapi,SYSTEM
"Apr 18, 2025 @ 14:58:57.987",4624,"LAB3-18",Negotiate,1056,"2025-04-18T10:00:07.7412171Z",5,Advapi,SYSTEM
"Apr 18, 2025 @ 14:57:43.848",4624,"LAB3-18",Negotiate,1056,"2025-04-18T09:58:53.5895354Z",5,Advapi,SYSTEM
"Apr 18, 2025 @ 14:57:01.450",4624,"LAB3-11",Negotiate,988,"2025-04-18T09:58:22.4248167Z",5,Advapi,SYSTEM
"Apr 18, 2025 @ 14:56:31.224",4624,"LAB3-09",Negotiate,1060,"2025-04-18T09:57:11.1350686Z",5,Advapi,SYSTEM
"Apr 18, 2025 @ 14:56:31.224",4624,"LAB3-09",Negotiate,1060,"2025-04-18T09:57:11.1363234Z",5,Advapi,SYSTEM
"Apr 18, 2025 @ 14:56:14.768",4624,"LAB3-18",Negotiate,1056,"2025-04-18T09:57:24.4549163Z",5,Advapi,SYSTEM
"Apr 18, 2025 @ 14:56:12.050",4624,"CP-AKT-000210",Negotiate,1044,"2025-04-18T09:56:09.2886693Z",5,Advapi,SYSTEM
"Apr 18, 2025 @ 14:55:50.927",4624,"LAB3-09",Negotiate,1060,"2025-04-18T09:56:38.8644383Z",5,Advapi,SYSTEM
"Apr 18, 2025 @ 14:55:42.079",4624,"CP-AKT-002912",Negotiate,1048,"2025-04-18T09:56:53.2546609Z",5,Advapi,SYSTEM
"Apr 18, 2025 @ 14:55:42.074",4624,"CP-AKT-002912",Negotiate,1048,"2025-04-18T09:56:52.5086637Z",5,Advapi,SYSTEM
"Apr 18, 2025 @ 14:55:28.759",4624,"CP-AKT-000210",Negotiate,1044,"2025-04-18T09:55:26.0066362Z",5,Advapi,SYSTEM
"Apr 18, 2025 @ 14:55:07.894",4624,"LAB3-10",Negotiate,1088,"2025-04-18T09:55:04.4147947Z",5,Advapi,SYSTEM
"Apr 18, 2025 @ 14:55:07.893",4624,"LAB3-10",Negotiate,1088,"2025-04-18T09:55:04.3876349Z",5,Advapi,SYSTEM
"Apr 18, 2025 @ 14:54:58.573",4624,"CP-AKT-000210",Negotiate,1044,"2025-04-18T09:54:55.8147867Z",5,Advapi,SYSTEM
"Apr 18, 2025 @ 14:53:57.529",4624,"CP-AKT-000210",Negotiate,1044,"2025-04-18T09:53:57.0123318Z",5,Advapi,SYSTEM
"Apr 18, 2025 @ 14:53:31.773",4624,"LAB3-11",Negotiate,988,"2025-04-18T09:55:05.1896408Z",5,Advapi,SYSTEM
"Apr 18, 2025 @ 14:53:30.709",4624,"LAB3-11",Negotiate,988,"2025-04-18T09:55:04.1239532Z",5,Advapi,SYSTEM
"Apr 18, 2025 @ 14:53:27.783",4624,"LAB3-18",Kerberos,1056,"2025-04-18T09:54:37.6560592Z",3,Kerberos,"LAB3-18$"
"Apr 18, 2025 @ 14:53:27.769",4624,"LAB3-18",Kerberos,1056,"2025-04-18T09:54:37.3943570Z",3,Kerberos,"LAB3-18$"
"Apr 18, 2025 @ 14:53:06.834",4624,"DESKTOP-5JEIKFF",Negotiate,1012,"2025-04-18T09:53:05.7983845Z",5,Advapi,SYSTEM
"Apr 18, 2025 @ 14:52:41.901",4624,"LAB3-18",Negotiate,1056,"2025-04-18T09:53:51.5554416Z",5,Advapi,SYSTEM
"Apr 18, 2025 @ 14:52:18.397",4624,"LAB3-10",Negotiate,1088,"2025-04-18T09:52:14.8241162Z",5,Advapi,SYSTEM
"Apr 18, 2025 @ 14:52:16.601",4624,"DESKTOP-5JEIKFF",Negotiate,1012,"2025-04-18T09:52:15.5877081Z",5,Advapi,SYSTEM
"Apr 18, 2025 @ 14:52:16.593",4624,"DESKTOP-5JEIKFF",Negotiate,1012,"2025-04-18T09:52:15.5557646Z",5,Advapi,SYSTEM
"Apr 18, 2025 @ 14:52:12.683",4624,"LAB3-10",Negotiate,1088,"2025-04-18T09:52:09.1032473Z",11,CredPro,"waqar.ashraf"
"Apr 18, 2025 @ 14:52:12.682",4624,"LAB3-10",Negotiate,1088,"2025-04-18T09:52:09.1032326Z",11,CredPro,"waqar.ashraf"
"Apr 18, 2025 @ 14:52:12.567",4624,"DESKTOP-5JEIKFF",Negotiate,1012,"2025-04-18T09:52:11.5290424Z",5,Advapi,SYSTEM
"Apr 18, 2025 @ 14:51:43.280",4624,"LAB3-18",Negotiate,1056,"2025-04-18T09:52:52.9619316Z",5,Advapi,SYSTEM
"Apr 18, 2025 @ 14:51:16.446",4624,"CP-AKT-000210",Negotiate,1044,"2025-04-18T09:51:23.6421770Z",5,Advapi,SYSTEM
"Apr 18, 2025 @ 14:51:16.444",4624,"CP-AKT-000210",Negotiate,1044,"2025-04-18T09:51:23.5565226Z",5,Advapi,SYSTEM
"Apr 18, 2025 @ 14:51:11.318",4624,"LAB3-10",Negotiate,1088,"2025-04-18T09:51:07.8811432Z",5,Advapi,SYSTEM
"Apr 18, 2025 @ 14:51:11.317",4624,"LAB3-10",Negotiate,1088,"2025-04-18T09:51:07.7618308Z",5,Advapi,SYSTEM
"Apr 18, 2025 @ 14:51:06.775",4624,"LAB3-09",Negotiate,1060,"2025-04-18T09:52:18.3914107Z",5,Advapi,SYSTEM
"Apr 18, 2025 @ 14:51:06.774",4624,"LAB3-09",Negotiate,1060,"2025-04-18T09:52:17.5183614Z",5,Advapi,SYSTEM
"Apr 18, 2025 @ 14:51:06.774",4624,"LAB3-09",Negotiate,1060,"2025-04-18T09:52:18.3689662Z",5,Advapi,SYSTEM
"Apr 18, 2025 @ 14:51:04.350",4624,"LAB3-11",Negotiate,988,"2025-04-18T09:52:37.7787893Z",5,Advapi,SYSTEM
"Apr 18, 2025 @ 14:50:19.898",4624,"CP-AKT-000210",Negotiate,1044,"2025-04-18T09:50:29.9172720Z",5,Advapi,SYSTEM
"Apr 18, 2025 @ 14:50:19.893",4624,"CP-AKT-000210",Negotiate,1044,"2025-04-18T09:50:29.6869821Z",5,Advapi,SYSTEM
"Apr 18, 2025 @ 14:50:17.130",4624,"CP-AKT-000210",Negotiate,1044,"2025-04-18T09:50:27.0642519Z",5,Advapi,SYSTEM
"Apr 18, 2025 @ 14:50:16.085",4624,"LAB3-11",Negotiate,988,"2025-04-18T09:51:49.6692996Z",5,Advapi,SYSTEM
"Apr 18, 2025 @ 14:50:16.080",4624,"LAB3-11",Negotiate,988,"2025-04-18T09:51:49.4903178Z",5,Advapi,SYSTEM
"Apr 18, 2025 @ 14:50:07.072",4624,"LAB3-10",Negotiate,1088,"2025-04-18T09:50:03.5177788Z",5,Advapi,SYSTEM
"Apr 18, 2025 @ 14:49:39.306",4624,"LAB3-11",Negotiate,988,"2025-04-18T09:51:12.7202224Z",11,CredPro,"waqar.ashraf"
"Apr 18, 2025 @ 14:49:39.302",4624,"LAB3-11",Negotiate,988,"2025-04-18T09:51:12.7202121Z",11,CredPro,"waqar.ashraf"
"Apr 18, 2025 @ 14:49:32.755",4624,"LAB3-09",Negotiate,1060,"2025-04-18T09:50:43.4916995Z",5,Advapi,SYSTEM
"Apr 18, 2025 @ 14:49:31.326",4624,"LAB3-10",Negotiate,1088,"2025-04-18T09:49:27.7878541Z",5,Advapi,SYSTEM
"Apr 18, 2025 @ 14:49:07.498",4624,"DESKTOP-5JEIKFF",Negotiate,1012,"2025-04-18T09:49:06.4677489Z",5,Advapi,SYSTEM
"Apr 18, 2025 @ 14:48:52.287",4624,"LAB3-09",Negotiate,1060,"2025-04-18T09:50:03.0300437Z",5,Advapi,SYSTEM
"Apr 18, 2025 @ 14:48:50.178",4624,"LAB3-10",Negotiate,1088,"2025-04-18T09:48:46.6622794Z",2,CredPro,"waqar.ashraf"
"Apr 18, 2025 @ 14:48:50.163",4624,"LAB3-10",Negotiate,1088,"2025-04-18T09:48:46.6622693Z",2,CredPro,"waqar.ashraf"
"Apr 18, 2025 @ 14:48:50.148",4625,"LAB3-10",Negotiate,1088,"2025-04-18T09:48:46.6127312Z",11,CredPro,"waqar.ashraf"
"Apr 18, 2025 @ 14:48:47.515",4624,"LAB3-09",Negotiate,1060,"2025-04-18T09:49:58.2643201Z",2,CredPro,"waqar.ashraf"
"Apr 18, 2025 @ 14:48:47.499",4624,"LAB3-09",Negotiate,1060,"2025-04-18T09:49:58.2643093Z",2,CredPro,"waqar.ashraf"
"Apr 18, 2025 @ 14:48:47.484",4625,"LAB3-09",Negotiate,1060,"2025-04-18T09:49:58.2271107Z",11,CredPro,"waqar.ashraf"
"Apr 18, 2025 @ 14:48:45.924",4624,"LAB3-11",Negotiate,988,"2025-04-18T09:50:19.3461621Z",5,Advapi,SYSTEM
"Apr 18, 2025 @ 14:48:42.051",4624,"DESKTOP-5JEIKFF",Negotiate,1012,"2025-04-18T09:48:41.0185685Z",5,Advapi,SYSTEM
"Apr 18, 2025 @ 14:48:29.232",4624,"LAB3-18",Negotiate,1056,"2025-04-18T09:49:39.7576762Z",5,Advapi,SYSTEM
"Apr 18, 2025 @ 14:48:29.216",4624,"LAB3-18",Negotiate,1056,"2025-04-18T09:49:39.7313641Z",5,Advapi,SYSTEM
"Apr 18, 2025 @ 14:48:29.203",4624,"LAB3-18",Negotiate,1056,"2025-04-18T09:49:39.7088399Z",5,Advapi,SYSTEM
"Apr 18, 2025 @ 14:48:29.202",4624,"LAB3-18",Negotiate,1056,"2025-04-18T09:49:38.9667680Z",5,Advapi,SYSTEM
"Apr 18, 2025 @ 14:48:23.759",4624,"CP-AKT-000210",Negotiate,1044,"2025-04-18T09:48:35.2423464Z",5,Advapi,SYSTEM
"Apr 18, 2025 @ 14:48:16.832",4624,"LAB3-09",Negotiate,1060,"2025-04-18T09:49:27.5781474Z",5,Advapi,SYSTEM
"Apr 18, 2025 @ 14:47:55.458",4624,"LAB3-18",Negotiate,1056,"2025-04-18T09:49:05.2306711Z",5,Advapi,SYSTEM
"Apr 18, 2025 @ 14:47:40.116",4624,"DESKTOP-5JEIKFF",Negotiate,1012,"2025-04-18T09:47:39.0835657Z",5,Advapi,SYSTEM
"Apr 18, 2025 @ 14:47:08.046",4624,"LAB3-11",Negotiate,988,"2025-04-18T09:48:41.5127401Z",2,CredPro,"waqar.ashraf"
"Apr 18, 2025 @ 14:47:08.030",4624,"LAB3-11",Negotiate,988,"2025-04-18T09:48:41.5127278Z",2,CredPro,"waqar.ashraf"
"Apr 18, 2025 @ 14:47:08.016",4625,"LAB3-11",Negotiate,988,"2025-04-18T09:48:41.4503476Z",11,CredPro,"waqar.ashraf"
"Apr 18, 2025 @ 14:46:38.773",4624,"LAB3-18",Negotiate,1056,"2025-04-18T09:47:48.5763094Z",5,Advapi,SYSTEM
"Apr 18, 2025 @ 14:46:37.740",4624,"LAB3-18",Negotiate,1056,"2025-04-18T09:47:47.5521968Z",5,Advapi,SYSTEM
"Apr 18, 2025 @ 14:46:32.821",4624,"LAB3-18",Negotiate,1056,"2025-04-18T09:47:42.6549948Z",2,CredPro,"waqar.ashraf"
"Apr 18, 2025 @ 14:46:32.806",4624,"LAB3-18",Negotiate,1056,"2025-04-18T09:47:42.6549814Z",2,CredPro,"waqar.ashraf"
"Apr 18, 2025 @ 14:46:32.791",4625,"LAB3-18",Negotiate,1056,"2025-04-18T09:47:42.6021903Z",11,CredPro,"waqar.ashraf"
"Apr 18, 2025 @ 14:46:31.053",4624,"LAB3-10",Negotiate,1088,"2025-04-18T09:46:27.8213379Z",5,Advapi,SYSTEM
"Apr 18, 2025 @ 14:46:31.051",4624,"LAB3-10",Negotiate,1088,"2025-04-18T09:46:27.5551606Z",2,User32,"bsit22f.0020"
"Apr 18, 2025 @ 14:46:26.805",4624,"DESKTOP-5JEIKFF",Negotiate,1012,"2025-04-18T09:46:27.6174250Z",5,Advapi,SYSTEM
"Apr 18, 2025 @ 14:46:26.801",4624,"DESKTOP-5JEIKFF",Negotiate,1012,"2025-04-18T09:46:27.1545466Z",5,Advapi,SYSTEM
"Apr 18, 2025 @ 14:46:24.993",4625,"LAB3-10",Negotiate,1088,"2025-04-18T09:46:21.5138936Z",2,User32,"bsit22f.0020"
"Apr 18, 2025 @ 14:46:17.857",4624,"LAB3-10",Negotiate,1088,"2025-04-18T09:46:14.3705440Z",5,Advapi,SYSTEM
"Apr 18, 2025 @ 14:46:15.832",4625,"LAB3-18",Negotiate,1056,"2025-04-18T09:47:25.8416219Z",2,CredPro,"waqar.ashraf"
"Apr 18, 2025 @ 14:46:15.829",4625,"LAB3-18",Negotiate,1056,"2025-04-18T09:47:25.6539039Z",11,CredPro,"waqar.ashraf"
"Apr 18, 2025 @ 14:46:12.922",4624,"DESKTOP-5JEIKFF",Negotiate,1012,"2025-04-18T09:46:13.2821491Z",5,Advapi,SYSTEM
"Apr 18, 2025 @ 14:46:11.872",4624,"DESKTOP-5JEIKFF",Negotiate,1012,"2025-04-18T09:46:13.1106752Z",5,Advapi,SYSTEM
"Apr 18, 2025 @ 14:46:11.867",4624,"DESKTOP-5JEIKFF",Negotiate,1012,"2025-04-18T09:46:12.4889311Z",5,Advapi,SYSTEM
"Apr 18, 2025 @ 14:46:11.864",4624,"DESKTOP-5JEIKFF",Negotiate,1012,"2025-04-18T09:46:12.2239164Z",5,Advapi,SYSTEM
"Apr 18, 2025 @ 14:46:09.246",4624,"LAB3-10",Negotiate,1088,"2025-04-18T09:46:05.7421629Z",5,Advapi,SYSTEM
"Apr 18, 2025 @ 14:46:06.431",4624,"LAB3-09",Negotiate,1060,"2025-04-18T09:47:17.1724961Z",5,Advapi,SYSTEM
"Apr 18, 2025 @ 14:46:04.305",4624,"LAB3-09",Negotiate,1060,"2025-04-18T09:47:15.0498613Z",5,Advapi,SYSTEM
"Apr 18, 2025 @ 14:46:03.099",4624,"LAB3-09",Negotiate,1060,"2025-04-18T09:47:13.9083912Z",2,Advapi,"DWM-3"
"Apr 18, 2025 @ 14:46:03.083",4624,"LAB3-09",Negotiate,1060,"2025-04-18T09:47:13.9083754Z",2,Advapi,"DWM-3"
"Apr 18, 2025 @ 14:46:03.071",4624,"LAB3-09",Negotiate,1060,"2025-04-18T09:47:13.8729966Z",2,Advapi,"UMFD-3"
"Apr 18, 2025 @ 14:46:03.070",4624,"LAB3-09",Negotiate,1060,"2025-04-18T09:47:13.8240305Z",2,User32,"bsit22f.0001"
"Apr 18, 2025 @ 14:46:00.190",4624,"LAB3-09",Negotiate,1060,"2025-04-18T09:47:10.9240586Z",5,Advapi,SYSTEM
"Apr 18, 2025 @ 14:45:44.151",4624,"LAB3-09",Negotiate,1060,"2025-04-18T09:46:54.8978098Z",5,Advapi,SYSTEM
"Apr 18, 2025 @ 14:45:15.652",4624,"DESKTOP-5JEIKFF",Negotiate,1012,"2025-04-18T09:45:16.0130281Z",5,Advapi,SYSTEM
"Apr 18, 2025 @ 14:45:11.075",4624,"LAB3-09",Negotiate,1060,"2025-04-18T09:46:21.8285520Z",5,Advapi,SYSTEM
"Apr 18, 2025 @ 14:45:10.382",4624,"CP-AKT-000210",Negotiate,1044,"2025-04-18T09:45:21.8964801Z",5,Advapi,SYSTEM
"Apr 18, 2025 @ 14:45:06.394",4624,"LAB3-10",Negotiate,1088,"2025-04-18T09:45:03.8326001Z",5,Advapi,SYSTEM
"Apr 18, 2025 @ 14:45:06.379",4624,"LAB3-10",Negotiate,1088,"2025-04-18T09:45:03.3088634Z",5,Advapi,SYSTEM
"Apr 18, 2025 @ 14:45:06.367",4624,"LAB3-10",Negotiate,1088,"2025-04-18T09:45:03.1119825Z",5,Advapi,SYSTEM
"Apr 18, 2025 @ 14:45:06.365",4624,"LAB3-10",Negotiate,1088,"2025-04-18T09:45:02.8971188Z",5,Advapi,SYSTEM
"Apr 18, 2025 @ 14:45:04.589",4624,"LAB3-10",Negotiate,1088,"2025-04-18T09:45:01.1036943Z",2,User32,"bsit22f.0001"
"Apr 18, 2025 @ 14:44:41.291",4624,"DESKTOP-5JEIKFF",Negotiate,1012,"2025-04-18T09:44:41.6443554Z",5,Advapi,SYSTEM
"Apr 18, 2025 @ 14:43:59.020",4624,"DESKTOP-5JEIKFF",Negotiate,1012,"2025-04-18T09:43:59.3810989Z",5,Advapi,SYSTEM
"Apr 18, 2025 @ 14:43:53.383",4624,"LAB3-09",Negotiate,1060,"2025-04-18T09:45:04.1353214Z",5,Advapi,SYSTEM
"Apr 18, 2025 @ 14:43:51.880",4624,"LAB3-09",Negotiate,1060,"2025-04-18T09:45:03.4583571Z",5,Advapi,SYSTEM
"Apr 18, 2025 @ 14:43:51.849",4624,"LAB3-09",Kerberos,1060,"2025-04-18T09:45:02.7064926Z",3,Kerberos,"LAB3-09$"
"Apr 18, 2025 @ 14:43:51.820",4624,"LAB3-09",Kerberos,1060,"2025-04-18T09:45:02.5759827Z",3,Kerberos,"LAB3-09$"
"Apr 18, 2025 @ 14:43:46.490",4624,"DESKTOP-5JEIKFF",Negotiate,1012,"2025-04-18T09:43:46.8450487Z",5,Advapi,SYSTEM
"Apr 18, 2025 @ 14:43:43.133",4624,"DESKTOP-5JEIKFF",Negotiate,1012,"2025-04-18T09:43:43.4889556Z",5,Advapi,SYSTEM
"Apr 18, 2025 @ 14:42:33.293",4624,"LAB3-09",Negotiate,1060,"2025-04-18T09:43:44.2203847Z",5,Advapi,SYSTEM
"Apr 18, 2025 @ 14:42:33.292",4624,"LAB3-09",Negotiate,1060,"2025-04-18T09:43:44.0443770Z",5,Advapi,SYSTEM
"Apr 18, 2025 @ 14:42:11.236",4624,"LAB3-10",Negotiate,1088,"2025-04-18T09:42:07.9906386Z",5,Advapi,SYSTEM
"Apr 18, 2025 @ 14:42:11.219",4624,"LAB3-10",Negotiate,1088,"2025-04-18T09:42:07.7700079Z",2,Advapi,"DWM-3"
"Apr 18, 2025 @ 14:42:11.187",4624,"LAB3-10",Negotiate,1088,"2025-04-18T09:42:07.7699989Z",2,Advapi,"DWM-3"
"Apr 18, 2025 @ 14:42:11.156",4624,"LAB3-10",Negotiate,1088,"2025-04-18T09:42:07.7379231Z",2,Advapi,"UMFD-3"
"Apr 18, 2025 @ 14:42:11.147",4624,"LAB3-10",Negotiate,1088,"2025-04-18T09:42:07.7166134Z",5,Advapi,SYSTEM
"Apr 18, 2025 @ 14:42:02.673",4624,"LAB3-09",Negotiate,1060,"2025-04-18T09:43:13.4191082Z",5,Advapi,SYSTEM
"Apr 18, 2025 @ 14:41:50.591",4624,"LAB3-11",Negotiate,988,"2025-04-18T09:41:49.4327327Z",5,Advapi,SYSTEM
"Apr 18, 2025 @ 14:41:48.619",4624,"LAB3-10",Negotiate,1088,"2025-04-18T09:41:45.3408408Z",5,Advapi,SYSTEM
"Apr 18, 2025 @ 14:41:42.141",4624,"CP-AKT-000210",Negotiate,1044,"2025-04-18T09:41:55.8624367Z",5,Advapi,SYSTEM
"Apr 18, 2025 @ 14:41:26.424",4624,"CP-AKT-000210",Negotiate,1044,"2025-04-18T09:41:43.2689694Z",5,Advapi,SYSTEM
"Apr 18, 2025 @ 14:41:22.129",4624,"CP-AKT-000210",Negotiate,1044,"2025-04-18T09:41:40.4873947Z",5,Advapi,SYSTEM
"Apr 18, 2025 @ 14:41:22.128",4624,"CP-AKT-000210",Negotiate,1044,"2025-04-18T09:41:39.8277862Z",5,Advapi,SYSTEM
"Apr 18, 2025 @ 14:41:15.707",4624,"CP-AKT-000210",Negotiate,1044,"2025-04-18T09:41:34.6885470Z",5,Advapi,SYSTEM
"Apr 18, 2025 @ 14:41:14.420",4624,"CP-AKT-000210",Negotiate,1044,"2025-04-18T09:41:33.7340330Z",5,Advapi,SYSTEM
"Apr 18, 2025 @ 14:41:14.403",4624,"CP-AKT-000210",Negotiate,1044,"2025-04-18T09:41:33.7339621Z",5,Advapi,SYSTEM
"Apr 18, 2025 @ 14:41:14.392",4624,"CP-AKT-000210",Negotiate,1044,"2025-04-18T09:41:33.7339218Z",5,Advapi,SYSTEM
"Apr 18, 2025 @ 14:41:14.391",4624,"CP-AKT-000210",Negotiate,1044,"2025-04-18T09:41:33.6386319Z",5,Advapi,SYSTEM
"Apr 18, 2025 @ 14:41:10.180",4624,"LAB3-09",Negotiate,1060,"2025-04-18T09:42:20.9702846Z",5,Advapi,SYSTEM
"Apr 18, 2025 @ 14:41:10.179",4624,"LAB3-09",Negotiate,1060,"2025-04-18T09:42:20.9459071Z",5,Advapi,SYSTEM
"Apr 18, 2025 @ 14:41:03.923",4624,"LAB3-09",Negotiate,1060,"2025-04-18T09:42:14.6861794Z",5,Advapi,SYSTEM
"Apr 18, 2025 @ 14:41:02.590",4624,"LAB3-09",Negotiate,1060,"2025-04-18T09:42:13.3450806Z",5,Advapi,SYSTEM
"Apr 18, 2025 @ 14:40:59.516",4624,"LAB3-09",Negotiate,1060,"2025-04-18T09:42:10.2709758Z",5,Advapi,SYSTEM
"Apr 18, 2025 @ 14:40:15.059",4624,"LAB3-11",Negotiate,988,"2025-04-18T09:40:14.7859213Z",5,Advapi,SYSTEM
"Apr 18, 2025 @ 14:40:15.057",4624,"LAB3-11",Negotiate,988,"2025-04-18T09:40:13.8820079Z",5,Advapi,SYSTEM
"Apr 18, 2025 @ 14:40:03.776",4624,"LAB3-10",Negotiate,1088,"2025-04-18T09:40:00.3656097Z",5,Advapi,SYSTEM
"Apr 18, 2025 @ 14:39:55.994",4624,"LAB3-11",Negotiate,988,"2025-04-18T09:39:54.8104484Z",5,Advapi,SYSTEM
"Apr 18, 2025 @ 14:39:47.302",4624,"LAB3-11",Negotiate,988,"2025-04-18T09:39:46.1354555Z",5,Advapi,SYSTEM
"Apr 18, 2025 @ 14:39:40.622",4624,"LAB3-09",Negotiate,1060,"2025-04-18T09:40:51.3499012Z",2,User32,"bsit22f.0020"
"Apr 18, 2025 @ 14:39:20.648",4624,"LAB3-09",Negotiate,1060,"2025-04-18T09:40:32.0302890Z",5,Advapi,SYSTEM
"Apr 18, 2025 @ 14:39:20.634",4624,"LAB3-09",Negotiate,1060,"2025-04-18T09:40:31.9203220Z",5,Advapi,SYSTEM
"Apr 18, 2025 @ 14:39:20.616",4624,"LAB3-09",Negotiate,1060,"2025-04-18T09:40:31.8382070Z",2,Advapi,"DWM-2"
"Apr 18, 2025 @ 14:39:20.599",4624,"LAB3-09",Negotiate,1060,"2025-04-18T09:40:31.8381975Z",2,Advapi,"DWM-2"
"Apr 18, 2025 @ 14:39:20.570",4624,"LAB3-09",Negotiate,1060,"2025-04-18T09:40:31.8040313Z",2,Advapi,"UMFD-2"
"Apr 18, 2025 @ 14:39:05.884",4624,"LAB3-09",Negotiate,1060,"2025-04-18T09:40:16.6071894Z",5,Advapi,SYSTEM
"Apr 18, 2025 @ 14:38:58.780",4624,"LAB3-09",Negotiate,1060,"2025-04-18T09:40:09.5465318Z",5,Advapi,SYSTEM
"Apr 18, 2025 @ 14:38:57.069",4624,"LAB3-09",Negotiate,1060,"2025-04-18T09:40:07.8344492Z",5,Advapi,SYSTEM
"Apr 18, 2025 @ 14:38:54.675",4624,"LAB3-09",Negotiate,1060,"2025-04-18T09:40:05.4242833Z",5,Advapi,SYSTEM
"Apr 18, 2025 @ 14:38:52.086",4624,"LAB3-09",Negotiate,1060,"2025-04-18T09:40:03.1980067Z",5,Advapi,SYSTEM
"Apr 18, 2025 @ 14:38:52.086",4624,"LAB3-09",Negotiate,1060,"2025-04-18T09:40:02.8397191Z",5,Advapi,SYSTEM
"Apr 18, 2025 @ 14:38:13.385",4624,"CP-AKT-000210",Negotiate,1044,"2025-04-18T09:39:08.5908285Z",5,Advapi,SYSTEM
"Apr 18, 2025 @ 14:37:51.728",4624,"LAB3-09",Negotiate,1060,"2025-04-18T09:39:02.4828745Z",5,Advapi,SYSTEM
"Apr 18, 2025 @ 14:37:48.218",4624,"LAB3-11",Negotiate,988,"2025-04-18T09:37:47.1568369Z",5,Advapi,"SQLTELEMETRY$SQLEXPRESS"
"Apr 18, 2025 @ 14:37:48.156",4624,"LAB3-11",Negotiate,988,"2025-04-18T09:37:46.9539629Z",5,Advapi,SQLTELEMETRY
"Apr 18, 2025 @ 14:37:46.609",4624,"LAB3-11",Negotiate,988,"2025-04-18T09:37:45.4074338Z",5,Advapi,MSSQLSERVER
"Apr 18, 2025 @ 14:37:45.592",4624,"LAB3-11",Negotiate,988,"2025-04-18T09:37:44.3247102Z",5,Advapi,"MSSQL$SQLEXPRESS"
"Apr 18, 2025 @ 14:37:31.205",4624,"LAB3-09",Negotiate,1060,"2025-04-18T09:38:41.8181045Z",5,Advapi,SYSTEM
"Apr 18, 2025 @ 14:37:31.204",4624,"LAB3-09",Negotiate,1060,"2025-04-18T09:38:41.3475142Z",5,Advapi,"SQLTELEMETRY$SQLEXPRESS"
"Apr 18, 2025 @ 14:37:31.203",4624,"LAB3-09",Negotiate,1060,"2025-04-18T09:38:41.0956580Z",5,Advapi,SQLTELEMETRY
"Apr 18, 2025 @ 14:37:28.781",4624,"LAB3-09",Negotiate,1060,"2025-04-18T09:38:39.5002432Z",5,Advapi,MSSQLSERVER
"Apr 18, 2025 @ 14:37:27.590",4624,"LAB3-09",Negotiate,1060,"2025-04-18T09:38:38.2663850Z",5,Advapi,"MSSQL$SQLEXPRESS"
"Apr 18, 2025 @ 14:37:24.685",4624,"LAB3-09",Negotiate,1060,"2025-04-18T09:38:35.4173328Z",2,User32,"bsit22f.0020"
"Apr 18, 2025 @ 14:37:24.146",4624,"LAB3-11",Negotiate,988,"2025-04-18T09:37:23.0580397Z",5,Advapi,SYSTEM
"Apr 18, 2025 @ 14:37:24.145",4624,"LAB3-11",Negotiate,988,"2025-04-18T09:37:22.9792703Z",5,Advapi,SYSTEM
"Apr 18, 2025 @ 14:37:21.987",4624,"LAB3-11",Negotiate,988,"2025-04-18T09:37:20.8185197Z",5,Advapi,SYSTEM
"Apr 18, 2025 @ 14:37:18.642",4624,"LAB3-09",Negotiate,1060,"2025-04-18T09:38:29.8520523Z",5,Advapi,SYSTEM
"Apr 18, 2025 @ 14:37:18.641",4625,"LAB3-09",Negotiate,1060,"2025-04-18T09:38:29.3945167Z",2,User32,"bsit22f.0020"
"Apr 18, 2025 @ 14:37:09.266",4625,"LAB3-09",Negotiate,1060,"2025-04-18T09:38:20.0116507Z",2,User32,"22fbsit.0020"
"Apr 18, 2025 @ 14:37:00.019",4624,"LAB3-09",Negotiate,1060,"2025-04-18T09:38:11.3719499Z",5,Advapi,SYSTEM
"Apr 18, 2025 @ 14:37:00.003",4624,"LAB3-09",Kerberos,1060,"2025-04-18T09:38:10.8168517Z",3,Kerberos,"ADMANAGER$"
"Apr 18, 2025 @ 14:36:59.988",4624,"LAB3-09",NTLM,1060,"2025-04-18T09:38:10.8123547Z",3,NtLmSsp,"ADMANAGER$"
"Apr 18, 2025 @ 14:36:59.973",4624,"LAB3-09",Kerberos,1060,"2025-04-18T09:38:10.7951351Z",3,Kerberos,Administrator
"Apr 18, 2025 @ 14:36:59.972",4624,"LAB3-09",Kerberos,1060,"2025-04-18T09:38:10.7273718Z",3,Kerberos,Administrator
"Apr 18, 2025 @ 14:36:59.073",4624,"LAB3-11",Negotiate,988,"2025-04-18T09:36:57.9068156Z",5,Advapi,SYSTEM
"Apr 18, 2025 @ 14:36:59.073",4624,"LAB3-11",Negotiate,988,"2025-04-18T09:36:57.9210713Z",5,Advapi,SYSTEM
"Apr 18, 2025 @ 14:36:57.712",4624,"LAB3-11",Negotiate,988,"2025-04-18T09:36:56.5346802Z",5,Advapi,SYSTEM
"Apr 18, 2025 @ 14:36:55.849",4624,"LAB3-09",Negotiate,1060,"2025-04-18T09:38:06.6202583Z",5,Advapi,SYSTEM
"Apr 18, 2025 @ 14:36:55.848",4624,"LAB3-09",Negotiate,1060,"2025-04-18T09:38:06.6065577Z",5,Advapi,SYSTEM
"Apr 18, 2025 @ 14:36:54.747",4624,"CP-AKT-000210",Kerberos,1044,"2025-04-18T09:38:05.9627950Z",3,Kerberos,"CP-AKT-000210$"
"Apr 18, 2025 @ 14:36:54.718",4624,"CP-AKT-000210",Kerberos,1044,"2025-04-18T09:38:05.6579558Z",3,Kerberos,"CP-AKT-000210$"
"Apr 18, 2025 @ 14:36:54.717",4624,"CP-AKT-000210",Negotiate,1044,"2025-04-18T09:38:05.6158720Z",5,Advapi,SYSTEM
"Apr 18, 2025 @ 14:36:54.306",4624,"LAB3-11",Negotiate,988,"2025-04-18T09:36:53.2464726Z",5,Advapi,SYSTEM
"Apr 18, 2025 @ 14:36:54.296",4624,"LAB3-11",Negotiate,988,"2025-04-18T09:36:53.2424419Z",5,Advapi,SYSTEM
"Apr 18, 2025 @ 14:36:54.291",4624,"LAB3-11",Negotiate,988,"2025-04-18T09:36:53.1178585Z",5,Advapi,SYSTEM
"Apr 18, 2025 @ 14:36:54.095",4624,"LAB3-11",Negotiate,988,"2025-04-18T09:36:49.5576772Z",5,Advapi,SYSTEM
"Apr 18, 2025 @ 14:36:54.095",4624,"LAB3-11",Negotiate,988,"2025-04-18T09:36:49.6236128Z",5,Advapi,SYSTEM
"Apr 18, 2025 @ 14:36:54.095",4624,"LAB3-11",Negotiate,988,"2025-04-18T09:36:51.1794783Z",5,Advapi,SYSTEM
"Apr 18, 2025 @ 14:36:49.584",4624,"LAB3-11",Negotiate,988,"2025-04-18T09:36:48.4052783Z",2,User32,"bsit22f.0013"
"Apr 18, 2025 @ 14:36:48.317",4624,"LAB3-11",Negotiate,988,"2025-04-18T09:36:47.2302833Z",5,Advapi,SYSTEM
"Apr 18, 2025 @ 14:36:48.305",4624,"LAB3-11",Negotiate,988,"2025-04-18T09:36:47.1992636Z",5,Advapi,SYSTEM
"Apr 18, 2025 @ 14:36:48.303",4624,"LAB3-11",Negotiate,988,"2025-04-18T09:36:47.1368607Z",5,Advapi,SYSTEM
"Apr 18, 2025 @ 14:36:45.539",4624,"LAB3-09",Negotiate,1060,"2025-04-18T09:37:56.8035004Z",5,Advapi,SYSTEM
"Apr 18, 2025 @ 14:36:45.538",4624,"LAB3-09",Negotiate,1060,"2025-04-18T09:37:56.2864836Z",5,Advapi,SYSTEM
"Apr 18, 2025 @ 14:36:44.476",4624,"LAB3-09",Negotiate,1060,"2025-04-18T09:37:55.2286002Z",5,Advapi,SYSTEM
"Apr 18, 2025 @ 14:36:43.429",4624,"LAB3-09",Negotiate,1060,"2025-04-18T09:37:54.1733138Z",5,Advapi,SYSTEM
"Apr 18, 2025 @ 14:36:42.662",4624,"LAB3-09",Negotiate,1060,"2025-04-18T09:37:53.2504919Z",5,Advapi,SYSTEM
"Apr 18, 2025 @ 14:36:42.646",4624,"LAB3-09",Negotiate,1060,"2025-04-18T09:37:53.2485671Z",5,Advapi,SYSTEM
"Apr 18, 2025 @ 14:36:42.631",4624,"LAB3-09",Negotiate,1060,"2025-04-18T09:37:53.2482208Z",5,Advapi,SYSTEM
"Apr 18, 2025 @ 14:36:42.616",4624,"LAB3-09",Negotiate,1060,"2025-04-18T09:37:53.2471996Z",5,Advapi,SYSTEM
"Apr 18, 2025 @ 14:36:42.600",4624,"LAB3-09",Negotiate,1060,"2025-04-18T09:37:53.2468394Z",5,Advapi,SYSTEM
"Apr 18, 2025 @ 14:36:42.584",4624,"LAB3-09",Negotiate,1060,"2025-04-18T09:37:53.2459144Z",5,Advapi,SYSTEM
"Apr 18, 2025 @ 14:36:42.568",4624,"LAB3-09",Negotiate,1060,"2025-04-18T09:37:52.9305247Z",5,Advapi,SYSTEM
"Apr 18, 2025 @ 14:36:42.553",4624,"LAB3-09",Negotiate,1060,"2025-04-18T09:37:52.0733313Z",5,Advapi,SYSTEM
"Apr 18, 2025 @ 14:36:42.537",4624,"LAB3-09",Negotiate,1060,"2025-04-18T09:37:51.2247199Z",5,Advapi,SYSTEM
"Apr 18, 2025 @ 14:36:42.521",4624,"LAB3-09",Negotiate,1060,"2025-04-18T09:37:51.2216097Z",5,Advapi,SYSTEM
"Apr 18, 2025 @ 14:36:42.505",4624,"LAB3-09",Negotiate,1060,"2025-04-18T09:37:51.2212040Z",5,Advapi,SYSTEM
"Apr 18, 2025 @ 14:36:42.490",4624,"LAB3-09",Negotiate,1060,"2025-04-18T09:37:51.2199444Z",5,Advapi,SYSTEM
"Apr 18, 2025 @ 14:36:42.474",4624,"LAB3-09",Negotiate,1060,"2025-04-18T09:37:51.2195493Z",5,Advapi,SYSTEM
"Apr 18, 2025 @ 14:36:42.459",4624,"LAB3-09",Negotiate,1060,"2025-04-18T09:37:51.2176778Z",5,Advapi,SYSTEM
"Apr 18, 2025 @ 14:36:42.443",4624,"LAB3-09",Negotiate,1060,"2025-04-18T09:37:47.9866324Z",5,Advapi,SYSTEM
"Apr 18, 2025 @ 14:36:42.430",4624,"LAB3-09",Negotiate,1060,"2025-04-18T09:37:47.9240308Z",5,Advapi,SYSTEM
"Apr 18, 2025 @ 14:36:42.412",4624,"LAB3-09",Negotiate,1060,"2025-04-18T09:37:47.2134553Z",5,Advapi,SYSTEM
"Apr 18, 2025 @ 14:36:42.397",4624,"LAB3-09",Negotiate,1060,"2025-04-18T09:37:46.7388705Z",5,Advapi,SYSTEM
"Apr 18, 2025 @ 14:36:42.255",4624,"LAB3-09",Kerberos,1060,"2025-04-18T09:37:46.2767289Z",3,Kerberos,"LAB3-09$"
"Apr 18, 2025 @ 14:36:42.224",4624,"LAB3-09",Negotiate,1060,"2025-04-18T09:37:46.2678647Z",5,Advapi,SYSTEM
"Apr 18, 2025 @ 14:36:42.194",4624,"LAB3-09",Kerberos,1060,"2025-04-18T09:37:46.1006508Z",3,Kerberos,"LAB3-09$"
"Apr 18, 2025 @ 14:36:42.164",4624,"LAB3-09",Kerberos,1060,"2025-04-18T09:37:46.0969536Z",3,Kerberos,"LAB3-09$"
"Apr 18, 2025 @ 14:36:42.131",4624,"LAB3-09",Kerberos,1060,"2025-04-18T09:37:46.0531357Z",3,Kerberos,"LAB3-09$"
"Apr 18, 2025 @ 14:36:42.100",4624,"LAB3-09",Negotiate,1060,"2025-04-18T09:37:46.0396010Z",5,Advapi,SYSTEM
"Apr 18, 2025 @ 14:36:42.084",4624,"LAB3-09",Negotiate,1060,"2025-04-18T09:37:45.9752500Z",5,Advapi,SYSTEM
"Apr 18, 2025 @ 14:36:42.068",4624,"LAB3-09",Negotiate,1060,"2025-04-18T09:37:45.9715402Z",5,Advapi,SYSTEM
"Apr 18, 2025 @ 14:36:42.052",4624,"LAB3-09",Negotiate,1060,"2025-04-18T09:37:45.9131331Z",5,Advapi,SYSTEM
"Apr 18, 2025 @ 14:36:42.037",4624,"LAB3-09",Negotiate,1060,"2025-04-18T09:37:45.9054636Z",5,Advapi,SYSTEM
"Apr 18, 2025 @ 14:36:41.990",4624,"LAB3-09",Negotiate,1060,"2025-04-17T17:15:01.1661434Z",5,Advapi,SYSTEM
"Apr 18, 2025 @ 14:36:41.974",4624,"LAB3-09",Negotiate,1060,"2025-04-17T17:15:01.1164071Z",5,Advapi,SYSTEM
"Apr 18, 2025 @ 14:36:41.959",4624,"LAB3-09",Negotiate,1060,"2025-04-17T17:15:01.1162735Z",5,Advapi,SYSTEM
"Apr 18, 2025 @ 14:36:41.943",4624,"LAB3-09",Negotiate,1060,"2025-04-17T17:14:41.0044866Z",5,Advapi,SYSTEM
"Apr 18, 2025 @ 14:36:41.928",4624,"LAB3-09",Negotiate,1060,"2025-04-17T17:14:22.5328248Z",5,Advapi,SYSTEM
"Apr 18, 2025 @ 14:36:41.912",4625,"LAB3-09",Negotiate,1060,"2025-04-17T17:14:14.1465333Z",2,User32,"bsit22f.0020"
"Apr 18, 2025 @ 14:36:41.898",4624,"LAB3-09",Negotiate,1060,"2025-04-17T17:13:59.2251040Z",5,Advapi,SYSTEM
"Apr 18, 2025 @ 14:36:41.881",4624,"LAB3-09",Negotiate,1060,"2025-04-17T17:13:58.5424253Z",5,Advapi,SYSTEM
"Apr 18, 2025 @ 14:36:41.865",4624,"LAB3-09",Negotiate,1060,"2025-04-17T17:13:57.4430064Z",5,Advapi,SYSTEM
"Apr 18, 2025 @ 14:36:41.849",4624,"LAB3-09",Negotiate,1060,"2025-04-17T17:13:57.3832595Z",5,Advapi,SYSTEM
"Apr 18, 2025 @ 14:36:41.834",4624,"LAB3-09",Negotiate,1060,"2025-04-17T17:13:57.3684689Z",5,Advapi,SYSTEM
"Apr 18, 2025 @ 14:36:41.818",4624,"LAB3-09",Negotiate,1060,"2025-04-17T17:13:57.3682903Z",5,Advapi,SYSTEM
"Apr 18, 2025 @ 14:36:41.803",4624,"LAB3-09",Negotiate,1060,"2025-04-17T17:13:57.3656170Z",5,Advapi,SYSTEM
"Apr 18, 2025 @ 14:36:41.787",4624,"LAB3-09",Negotiate,1060,"2025-04-17T17:13:57.3645827Z",5,Advapi,SYSTEM
"Apr 18, 2025 @ 14:36:41.771",4624,"LAB3-09",Negotiate,1060,"2025-04-17T17:13:57.3637501Z",5,Advapi,SYSTEM
"Apr 18, 2025 @ 14:36:41.755",4624,"LAB3-09",Negotiate,1060,"2025-04-17T17:13:57.3626914Z",5,Advapi,SYSTEM
"Apr 18, 2025 @ 14:36:41.741",4624,"LAB3-09",Negotiate,1060,"2025-04-17T17:13:57.2860401Z",5,Advapi,SYSTEM
"Apr 18, 2025 @ 14:36:35.507",4624,"LAB3-11",Negotiate,988,"2025-04-18T09:36:34.3293849Z",5,Advapi,SYSTEM
"Apr 18, 2025 @ 14:36:31.836",4625,"LAB3-11",Negotiate,988,"2025-04-18T09:36:29.6085084Z",2,User32,"bsit22f.0013"
"Apr 18, 2025 @ 14:36:26.318",4624,"LAB3-11",Negotiate,988,"2025-04-18T09:36:17.0282076Z",5,Advapi,SYSTEM
"Apr 18, 2025 @ 14:36:26.302",4624,"LAB3-11",Negotiate,988,"2025-04-18T09:36:16.9797661Z",5,Advapi,SYSTEM
"Apr 18, 2025 @ 14:36:26.288",4624,"LAB3-11",Negotiate,988,"2025-04-18T09:36:16.9796984Z",5,Advapi,SYSTEM
"Apr 18, 2025 @ 14:36:26.255",4624,"LAB3-11",Kerberos,988,"2025-04-18T09:36:16.9546099Z",3,Kerberos,"LAB3-11$"
"Apr 18, 2025 @ 14:36:26.223",4624,"LAB3-11",Kerberos,988,"2025-04-18T09:36:16.5504832Z",3,Kerberos,"LAB3-11$"
"Apr 18, 2025 @ 14:36:26.212",4624,"LAB3-11",Negotiate,988,"2025-04-18T09:35:45.6923613Z",5,Advapi,SYSTEM
"Apr 18, 2025 @ 14:36:26.210",4624,"LAB3-11",Negotiate,988,"2025-04-18T09:35:44.9939433Z",5,Advapi,SYSTEM
"Apr 18, 2025 @ 14:36:25.990",4624,"CP-AKT-002912",Negotiate,1048,"2025-04-18T09:37:38.1883431Z",5,Advapi,SYSTEM
"Apr 18, 2025 @ 14:36:19.658",4624,"CP-AKT-002912",Negotiate,1048,"2025-04-18T09:37:31.8557197Z",5,Advapi,SYSTEM
"Apr 18, 2025 @ 14:35:20.078",4624,"LAB3-10",Negotiate,1088,"2025-04-18T09:35:17.2282922Z",5,Advapi,SYSTEM
"Apr 18, 2025 @ 14:35:20.078",4624,"LAB3-10",Negotiate,1088,"2025-04-18T09:35:17.2474138Z",5,Advapi,SYSTEM
"Apr 18, 2025 @ 14:35:09.456",4624,"LAB3-10",Negotiate,1088,"2025-04-18T09:35:06.6298091Z",5,Advapi,SYSTEM
"Apr 18, 2025 @ 14:35:02.874",4624,"LAB3-10",Negotiate,1088,"2025-04-18T09:35:00.4661637Z",5,Advapi,SYSTEM
"Apr 18, 2025 @ 14:35:02.860",4624,"LAB3-10",Negotiate,1088,"2025-04-18T09:35:00.2900307Z",5,Advapi,SYSTEM
"Apr 18, 2025 @ 14:35:02.859",4624,"LAB3-10",Negotiate,1088,"2025-04-18T09:35:00.0684262Z",5,Advapi,SYSTEM
"Apr 18, 2025 @ 14:34:54.274",4624,"LAB3-10",Negotiate,1088,"2025-04-18T09:34:51.9747296Z",5,Advapi,SYSTEM
"Apr 18, 2025 @ 14:34:54.260",4624,"LAB3-10",Negotiate,1088,"2025-04-18T09:34:51.4462911Z",2,Advapi,"DWM-2"
"Apr 18, 2025 @ 14:34:54.244",4624,"LAB3-10",Negotiate,1088,"2025-04-18T09:34:51.4462753Z",2,Advapi,"DWM-2"
"Apr 18, 2025 @ 14:34:54.213",4624,"LAB3-10",Negotiate,1088,"2025-04-18T09:34:51.4132749Z",2,Advapi,"UMFD-2"
"Apr 18, 2025 @ 14:34:54.182",4624,"LAB3-10",Negotiate,1088,"2025-04-18T09:34:51.3652034Z",2,User32,"bsit22f.0001"
"Apr 18, 2025 @ 14:34:26.120",4624,"LAB3-11",Negotiate,1052,"2025-04-18T09:34:22.8722626Z",5,Advapi,SYSTEM
"Apr 18, 2025 @ 14:34:26.118",4624,"LAB3-11",Negotiate,1052,"2025-04-18T09:34:22.7921052Z",2,Advapi,"DWM-2"
"Apr 18, 2025 @ 14:34:26.118",4624,"LAB3-11",Negotiate,1052,"2025-04-18T09:34:22.7921185Z",2,Advapi,"DWM-2"
"Apr 18, 2025 @ 14:34:26.059",4624,"LAB3-11",Negotiate,1052,"2025-04-18T09:34:22.7568187Z",2,Advapi,"UMFD-2"
"Apr 18, 2025 @ 14:34:25.696",4624,"LAB3-10",Negotiate,1088,"2025-04-18T09:34:22.9313715Z",5,Advapi,SYSTEM
"Apr 18, 2025 @ 14:34:25.694",4624,"LAB3-10",Negotiate,1088,"2025-04-18T09:34:22.8948626Z",5,Advapi,SYSTEM
"Apr 18, 2025 @ 14:33:59.205",4624,"LAB3-18",Negotiate,1056,"2025-04-18T09:35:09.2976488Z",5,Advapi,SYSTEM
"Apr 18, 2025 @ 14:33:59.200",4624,"LAB3-18",Negotiate,1056,"2025-04-18T09:35:09.2842770Z",2,User32,"bsit22f.0005"
"Apr 18, 2025 @ 14:33:43.799",4625,"LAB3-18",Negotiate,1056,"2025-04-18T09:34:53.8826545Z",2,User32,"bsit22f.0005"
"Apr 18, 2025 @ 14:33:36.145",4624,"LAB3-10",Negotiate,1088,"2025-04-18T09:33:33.3492581Z",5,Advapi,SYSTEM
"Apr 18, 2025 @ 14:32:51.043",4624,"LAB3-18",Negotiate,1056,"2025-04-18T09:34:01.1517628Z",5,Advapi,SYSTEM
"Apr 18, 2025 @ 14:32:37.386",4624,"DESKTOP-5JEIKFF",Negotiate,1012,"2025-04-18T09:32:37.7691989Z",5,Advapi,SYSTEM
"Apr 18, 2025 @ 14:32:37.384",4624,"DESKTOP-5JEIKFF",Negotiate,1012,"2025-04-18T09:32:37.7460177Z",5,Advapi,SYSTEM
"Apr 18, 2025 @ 14:32:10.739",4624,"CP-AKT-002912",Negotiate,1048,"2025-04-18T09:33:23.0359837Z",5,Advapi,SYSTEM
"Apr 18, 2025 @ 14:32:10.123",4624,"CP-AKT-000210",Negotiate,1044,"2025-04-18T09:33:21.2948048Z",5,Advapi,SYSTEM
"Apr 18, 2025 @ 14:32:06.974",4624,"CP-AKT-002912",Negotiate,1048,"2025-04-18T09:33:19.2651132Z",5,Advapi,SYSTEM
"Apr 18, 2025 @ 14:32:03.565",4624,"LAB3-18",Kerberos,1056,"2025-04-18T09:33:13.6748782Z",3,Kerberos,"LAB3-18$"
"Apr 18, 2025 @ 14:32:03.527",4624,"LAB3-18",Kerberos,1056,"2025-04-18T09:33:13.6201536Z",3,Kerberos,"LAB3-18$"
"Apr 18, 2025 @ 14:31:43.021",4624,"LAB3-11",Negotiate,1052,"2025-04-18T09:31:39.7251519Z",5,Advapi,SYSTEM
"Apr 18, 2025 @ 14:31:37.234",4624,"CP-AKT-000210",Negotiate,1044,"2025-04-18T09:32:48.4198653Z",2,User32,"ack.user"
"Apr 18, 2025 @ 14:31:35.444",4624,"CP-AKT-000210",Negotiate,1044,"2025-04-18T09:32:06.5393924Z",5,Advapi,SYSTEM
"Apr 18, 2025 @ 14:31:22.027",4624,"CP-AKT-002912",Negotiate,1048,"2025-04-18T09:32:34.3301104Z",5,Advapi,SYSTEM
"Apr 18, 2025 @ 14:31:13.768",4624,"LAB3-18",Negotiate,1056,"2025-04-18T09:32:23.8980282Z",5,Advapi,SYSTEM
"Apr 18, 2025 @ 14:30:54.228",4624,"LAB3-10",Negotiate,1088,"2025-04-18T09:30:51.4706059Z",5,Advapi,SYSTEM
"Apr 18, 2025 @ 14:30:51.265",4624,"LAB3-10",Negotiate,1088,"2025-04-18T09:30:48.5193524Z",5,Advapi,SYSTEM
"Apr 18, 2025 @ 14:29:48.301",4624,"DESKTOP-5JEIKFF",Negotiate,1012,"2025-04-18T09:29:48.6594643Z",5,Advapi,SYSTEM
"Apr 18, 2025 @ 14:29:19.055",4625,"LAB3-18",Negotiate,1056,"2025-04-18T09:30:29.1965126Z",2,User32,"bsit22f.0005"
"Apr 18, 2025 @ 14:29:09.489",4624,"LAB3-18",Negotiate,1056,"2025-04-18T09:30:19.6465492Z",5,Advapi,SYSTEM
"Apr 18, 2025 @ 14:29:01.822",4624,"LAB3-18",Negotiate,1056,"2025-04-18T09:30:11.9727992Z",5,Advapi,SYSTEM
"Apr 18, 2025 @ 14:28:16.070",4624,"DESKTOP-5JEIKFF",Negotiate,1012,"2025-04-18T09:28:16.4266273Z",5,Advapi,SYSTEM
"Apr 18, 2025 @ 14:28:05.184",4624,"LAB3-18",Negotiate,1056,"2025-04-18T09:29:15.3795532Z",5,Advapi,SYSTEM
"Apr 18, 2025 @ 14:28:05.182",4624,"LAB3-18",Negotiate,1056,"2025-04-18T09:29:15.3340178Z",5,Advapi,SYSTEM
"Apr 18, 2025 @ 14:26:34.260",4624,"LAB3-10",Negotiate,1088,"2025-04-18T09:26:31.5557076Z",5,Advapi,SYSTEM
"Apr 18, 2025 @ 14:25:49.561",4624,"DESKTOP-5JEIKFF",Negotiate,1012,"2025-04-18T09:25:49.9221299Z",5,Advapi,SYSTEM
"Apr 18, 2025 @ 14:25:18.654",4624,"CP-AKT-002912",Negotiate,1048,"2025-04-18T09:26:31.0780422Z",5,Advapi,SYSTEM
"Apr 18, 2025 @ 14:23:13.491",4624,"DESKTOP-5JEIKFF",Negotiate,1012,"2025-04-18T09:23:13.8527858Z",5,Advapi,SYSTEM
"Apr 18, 2025 @ 14:23:11.243",4624,"DESKTOP-5JEIKFF",Negotiate,1012,"2025-04-18T09:23:11.6005286Z",5,Advapi,SYSTEM
"Apr 18, 2025 @ 14:22:06.072",4624,"CP-AKT-002912",Negotiate,1048,"2025-04-18T09:23:26.9342199Z",5,Advapi,SYSTEM
"Apr 18, 2025 @ 14:21:06.306",4624,"LAB3-18",Negotiate,1056,"2025-04-18T09:22:16.0692131Z",5,Advapi,SYSTEM
"Apr 18, 2025 @ 14:20:01.026",4624,"LAB3-18",Negotiate,1056,"2025-04-18T09:21:10.7639869Z",5,Advapi,SYSTEM
"Apr 18, 2025 @ 14:19:43.923",4624,"LAB3-10",Negotiate,1088,"2025-04-18T09:19:50.0410230Z",5,Advapi,SYSTEM
"Apr 18, 2025 @ 14:19:43.918",4624,"LAB3-10",Negotiate,1088,"2025-04-18T09:19:49.7639954Z",5,Advapi,SYSTEM
"Apr 18, 2025 @ 14:19:43.912",4624,"LAB3-10",Negotiate,1088,"2025-04-18T09:19:49.7435244Z",5,Advapi,SYSTEM
"Apr 18, 2025 @ 14:19:40.674",4624,"CP-AKT-002912",Negotiate,1048,"2025-04-18T09:21:12.3438102Z",5,Advapi,SYSTEM
"Apr 18, 2025 @ 14:19:36.508",4624,"CP-AKT-002912",Negotiate,1048,"2025-04-18T09:21:08.6308043Z",5,Advapi,SYSTEM
"Apr 18, 2025 @ 14:19:36.507",4624,"CP-AKT-002912",Negotiate,1048,"2025-04-18T09:21:08.4937794Z",5,Advapi,SYSTEM
"Apr 18, 2025 @ 14:19:29.640",4624,"LAB3-10",Negotiate,1088,"2025-04-18T09:19:36.5725424Z",5,Advapi,SYSTEM
"Apr 18, 2025 @ 14:19:29.635",4624,"LAB3-10",Negotiate,1088,"2025-04-18T09:19:36.1436536Z",5,Advapi,SYSTEM
"Apr 18, 2025 @ 14:18:41.551",4624,"LAB3-10",Negotiate,1088,"2025-04-18T09:18:50.4224727Z",5,Advapi,SYSTEM
"Apr 18, 2025 @ 14:18:41.548",4624,"LAB3-10",Negotiate,1088,"2025-04-18T09:18:50.3483084Z",5,Advapi,SYSTEM
"Apr 18, 2025 @ 14:18:07.250",4624,"LAB3-11",Negotiate,1052,"2025-04-18T09:18:03.9699817Z",5,Advapi,SYSTEM
"Apr 18, 2025 @ 14:18:04.858",4624,"DESKTOP-5JEIKFF",Negotiate,1012,"2025-04-18T09:18:05.2123434Z",5,Advapi,SYSTEM
"Apr 18, 2025 @ 14:17:14.500",4624,"LAB3-10",Negotiate,1088,"2025-04-18T09:17:26.4041268Z",5,Advapi,SYSTEM
"Apr 18, 2025 @ 14:17:14.496",4624,"LAB3-10",Negotiate,1088,"2025-04-18T09:17:26.3784632Z",5,Advapi,SYSTEM
"Apr 18, 2025 @ 14:17:14.490",4624,"LAB3-10",Negotiate,1088,"2025-04-18T09:17:26.1170686Z",5,Advapi,SYSTEM
"Apr 18, 2025 @ 14:16:39.100",4624,"CP-AKT-002912",Negotiate,1048,"2025-04-18T09:18:13.8755079Z",5,Advapi,SYSTEM
"Apr 18, 2025 @ 14:16:24.953",4624,"LAB3-10",Negotiate,1088,"2025-04-18T09:16:36.5727959Z",5,Advapi,SYSTEM
"Apr 18, 2025 @ 14:15:24.361",4624,"LAB3-10",Negotiate,1088,"2025-04-18T09:15:36.1558267Z",5,Advapi,SYSTEM
"Apr 18, 2025 @ 14:15:24.355",4624,"LAB3-10",Negotiate,1088,"2025-04-18T09:15:35.9834477Z",5,Advapi,SYSTEM
"Apr 18, 2025 @ 14:13:40.598",4624,"LAB3-10",Negotiate,1088,"2025-04-18T09:13:52.2361047Z",5,Advapi,SYSTEM
"Apr 18, 2025 @ 14:11:42.275",4624,"LAB3-10",Negotiate,1088,"2025-04-18T09:11:53.9037359Z",5,Advapi,SYSTEM
"Apr 18, 2025 @ 14:11:27.710",4624,"CP-AKT-002912",Negotiate,1048,"2025-04-18T09:12:49.3048790Z",5,Advapi,SYSTEM
"Apr 18, 2025 @ 14:11:10.170",4624,"CP-AKT-002912",Negotiate,1048,"2025-04-18T09:12:26.3932171Z",5,Advapi,SYSTEM
"Apr 18, 2025 @ 14:11:10.169",4624,"CP-AKT-002912",Negotiate,1048,"2025-04-18T09:12:26.0340286Z",5,Advapi,SYSTEM
"Apr 18, 2025 @ 14:11:07.839",4624,"LAB3-11",Negotiate,1052,"2025-04-18T09:11:04.6223799Z",5,Advapi,SYSTEM
"Apr 18, 2025 @ 14:09:51.155",4624,"DESKTOP-5JEIKFF",Negotiate,1012,"2025-04-18T09:09:51.5231442Z",5,Advapi,SYSTEM
"Apr 18, 2025 @ 14:09:48.413",4624,"CP-AKT-002912",Negotiate,1048,"2025-04-18T09:10:37.6690625Z",5,Advapi,SYSTEM
"Apr 18, 2025 @ 14:09:14.981",4624,"LAB3-11",Negotiate,1052,"2025-04-18T09:09:11.7995670Z",5,Advapi,SYSTEM
"Apr 18, 2025 @ 14:08:46.987",4624,"LAB3-10",Negotiate,1088,"2025-04-18T09:09:08.8792795Z",5,Advapi,SYSTEM
"Apr 18, 2025 @ 14:08:34.670",4624,"DESKTOP-5JEIKFF",Negotiate,1012,"2025-04-18T09:08:35.0479390Z",5,Advapi,SYSTEM
"Apr 18, 2025 @ 14:08:02.511",4624,"LAB3-10",Negotiate,1088,"2025-04-18T09:08:33.2641637Z",5,Advapi,SYSTEM
"Apr 18, 2025 @ 14:07:13.852",4624,"CP-AKT-002912",Negotiate,1048,"2025-04-18T09:07:12.8456982Z",5,Advapi,SYSTEM
"Apr 18, 2025 @ 14:07:07.360",4624,"CP-AKT-002912",Negotiate,1048,"2025-04-18T09:07:04.5748548Z",5,Advapi,SYSTEM
"Apr 18, 2025 @ 14:06:13.582",4624,"LAB3-18",Negotiate,1056,"2025-04-18T09:07:23.7499045Z",5,Advapi,SYSTEM
"Apr 18, 2025 @ 14:04:47.853",4624,"LAB3-18",Negotiate,1056,"2025-04-18T09:05:58.0770920Z",5,Advapi,SYSTEM
"Apr 18, 2025 @ 14:04:46.121",4625,"LAB3-18",Negotiate,1056,"2025-04-18T09:05:56.3329522Z",2,User32,"bsit22f.0005"
"Apr 18, 2025 @ 14:04:38.319",4624,"LAB3-18",Negotiate,1056,"2025-04-18T09:05:48.6018001Z",5,Advapi,SYSTEM
"Apr 18, 2025 @ 14:04:38.318",4624,"LAB3-18",Negotiate,1056,"2025-04-18T09:05:48.5541174Z",5,Advapi,SYSTEM
"Apr 18, 2025 @ 14:04:33.945",4624,"LAB3-18",Negotiate,1056,"2025-04-18T09:05:44.1554146Z",5,Advapi,SYSTEM
"Apr 18, 2025 @ 14:04:24.445",4624,"LAB3-10",Negotiate,1088,"2025-04-18T09:05:35.8734718Z",5,Advapi,SYSTEM
"Apr 18, 2025 @ 14:03:47.188",4624,"CP-AKT-002912",Kerberos,1048,"2025-04-18T09:03:44.4022839Z",3,Kerberos,"ADMANAGER$"
"Apr 18, 2025 @ 14:03:19.811",4624,"LAB3-10",Negotiate,1088,"2025-04-18T09:04:31.4714493Z",5,Advapi,SYSTEM
"Apr 18, 2025 @ 14:03:19.806",4624,"LAB3-10",Negotiate,1088,"2025-04-18T09:04:31.2102500Z",5,Advapi,SYSTEM
"Apr 18, 2025 @ 14:03:18.832",4624,"DESKTOP-5JEIKFF",Negotiate,1012,"2025-04-18T09:03:19.2265191Z",5,Advapi,SYSTEM
"Apr 18, 2025 @ 14:03:01.514",4624,"LAB3-10",Negotiate,1088,"2025-04-18T09:04:13.4861033Z",5,Advapi,SYSTEM
"Apr 18, 2025 @ 14:03:01.513",4624,"LAB3-10",Negotiate,1088,"2025-04-18T09:04:12.5954951Z",5,Advapi,SYSTEM
"Apr 18, 2025 @ 14:02:46.667",4624,"DESKTOP-5JEIKFF",Negotiate,1012,"2025-04-18T09:02:47.0642223Z",5,Advapi,SYSTEM
"Apr 18, 2025 @ 14:02:09.552",4624,"CP-AKT-002912",Negotiate,1048,"2025-04-18T09:02:06.7567147Z",5,Advapi,SYSTEM
"Apr 18, 2025 @ 14:01:57.554",4624,"CP-AKT-002912",Negotiate,1048,"2025-04-18T09:01:54.7614894Z",2,User32,"bsit22f.0038"
"Apr 18, 2025 @ 14:01:54.991",4624,"CP-AKT-002912",Kerberos,1048,"2025-04-18T09:01:49.4378620Z",3,Kerberos,"ADMANAGER$"
"Apr 18, 2025 @ 14:01:54.976",4624,"CP-AKT-002912",NTLM,1048,"2025-04-18T09:01:49.4288288Z",3,NtLmSsp,"ADMANAGER$"
"Apr 18, 2025 @ 14:01:54.960",4625,"CP-AKT-002912",Negotiate,1048,"2025-04-18T09:01:43.2610673Z",2,User32,"bsit22f.0038"
"Apr 18, 2025 @ 14:01:54.945",4624,"CP-AKT-002912",Kerberos,1048,"2025-04-18T09:01:42.7210060Z",3,Kerberos,Administrator
"Apr 18, 2025 @ 14:01:54.930",4624,"CP-AKT-002912",Kerberos,1048,"2025-04-18T09:01:42.6451026Z",3,Kerberos,Administrator
"Apr 18, 2025 @ 14:01:54.916",4624,"CP-AKT-002912",Negotiate,1048,"2025-04-18T09:01:08.3913183Z",5,Advapi,SYSTEM
"Apr 18, 2025 @ 14:01:17.126",4624,"DESKTOP-5JEIKFF",Negotiate,1012,"2025-04-18T09:01:17.5163116Z",5,Advapi,SYSTEM
"Apr 18, 2025 @ 14:00:45.424",4624,"LAB3-10",Negotiate,1088,"2025-04-18T09:01:57.1124960Z",5,Advapi,"SQLTELEMETRY$SQLEXPRESS"
"Apr 18, 2025 @ 14:00:45.403",4624,"LAB3-10",Negotiate,1088,"2025-04-18T09:01:56.8319398Z",5,Advapi,SQLTELEMETRY
"Apr 18, 2025 @ 14:00:44.087",4624,"LAB3-10",Negotiate,1088,"2025-04-18T09:01:55.4929786Z",5,Advapi,SYSTEM
"Apr 18, 2025 @ 14:00:42.829",4624,"LAB3-10",Negotiate,1088,"2025-04-18T09:01:54.1905289Z",5,Advapi,MSSQLSERVER
"Apr 18, 2025 @ 14:00:41.751",4624,"LAB3-10",Negotiate,1088,"2025-04-18T09:01:53.1237983Z",5,Advapi,"MSSQL$SQLEXPRESS"
"Apr 18, 2025 @ 14:00:32.351",4624,"LAB3-10",Negotiate,1088,"2025-04-18T09:01:43.7581858Z",5,Advapi,SYSTEM
"Apr 18, 2025 @ 14:00:27.624",4624,"LAB3-10",Negotiate,1088,"2025-04-18T09:01:39.1215161Z",5,Advapi,SYSTEM
"Apr 18, 2025 @ 14:00:27.618",4624,"LAB3-10",Negotiate,1088,"2025-04-18T09:01:39.0497103Z",5,Advapi,SYSTEM
"Apr 18, 2025 @ 14:00:21.512",4625,"LAB3-10",Negotiate,1088,"2025-04-18T09:01:32.9870630Z",2,CredPro,administrator
"Apr 18, 2025 @ 14:00:21.511",4625,"LAB3-10",Negotiate,1088,"2025-04-18T09:01:32.9386595Z",11,CredPro,administrator
"Apr 18, 2025 @ 14:00:16.092",4624,"LAB3-10",Negotiate,1088,"2025-04-18T09:01:27.5153654Z",11,CredPro,"bsit22f.0020"
"Apr 18, 2025 @ 13:59:49.427",4624,"LAB3-10",Negotiate,1088,"2025-04-18T09:01:00.8396453Z",5,Advapi,SYSTEM
"Apr 18, 2025 @ 13:59:35.930",4624,"LAB3-10",Negotiate,1088,"2025-04-18T09:00:47.3425704Z",5,Advapi,SYSTEM
"Apr 18, 2025 @ 13:59:32.426",4624,"LAB3-10",Negotiate,1088,"2025-04-18T09:00:42.7027626Z",5,Advapi,SYSTEM
"Apr 18, 2025 @ 13:59:28.942",4624,"LAB3-10",Negotiate,1088,"2025-04-18T09:00:40.3372727Z",5,Advapi,SYSTEM
"Apr 18, 2025 @ 13:59:27.444",4624,"LAB3-10",Negotiate,1088,"2025-04-18T09:00:39.0920685Z",5,Advapi,SYSTEM
"Apr 18, 2025 @ 13:59:27.443",4624,"LAB3-10",Negotiate,1088,"2025-04-18T09:00:38.8561046Z",5,Advapi,SYSTEM
"Apr 18, 2025 @ 13:59:25.820",4624,"LAB3-10",Negotiate,1088,"2025-04-18T09:00:37.3610695Z",5,Advapi,SYSTEM
"Apr 18, 2025 @ 13:59:25.819",4624,"LAB3-10",Negotiate,1088,"2025-04-18T09:00:37.2454742Z",5,Advapi,SYSTEM
"Apr 18, 2025 @ 13:59:24.201",4624,"LAB3-10",Negotiate,1088,"2025-04-18T09:00:35.6141740Z",5,Advapi,SYSTEM
"Apr 18, 2025 @ 13:59:21.277",4624,"LAB3-10",Negotiate,1088,"2025-04-18T09:00:30.7384911Z",5,Advapi,SYSTEM
"Apr 18, 2025 @ 13:59:21.261",4624,"LAB3-10",Negotiate,1088,"2025-04-18T09:00:30.7384284Z",5,Advapi,SYSTEM
"Apr 18, 2025 @ 13:59:21.230",4624,"LAB3-10",Kerberos,1088,"2025-04-18T09:00:30.7018962Z",3,Kerberos,"LAB3-10$"
"Apr 18, 2025 @ 13:59:21.199",4624,"LAB3-10",Kerberos,1088,"2025-04-18T09:00:30.4862910Z",3,Kerberos,"ADMANAGER$"
"Apr 18, 2025 @ 13:59:21.186",4624,"LAB3-10",NTLM,1088,"2025-04-18T09:00:30.4838777Z",3,NtLmSsp,"ADMANAGER$"
"Apr 18, 2025 @ 13:59:21.168",4624,"LAB3-10",Kerberos,1088,"2025-04-18T09:00:30.4714282Z",3,Kerberos,Administrator
"Apr 18, 2025 @ 13:59:21.152",4624,"LAB3-10",NTLM,1088,"2025-04-18T09:00:30.4285486Z",3,NtLmSsp,Administrator
"Apr 18, 2025 @ 13:59:21.146",4624,"LAB3-10",Negotiate,1088,"2025-04-18T08:59:58.1243809Z",5,Advapi,SYSTEM
"Apr 18, 2025 @ 13:59:21.146",4624,"LAB3-10",Negotiate,1088,"2025-04-18T08:59:53.9817467Z",5,Advapi,SYSTEM
"Apr 18, 2025 @ 13:59:21.146",4624,"LAB3-10",Negotiate,1088,"2025-04-18T08:59:53.2924919Z",5,Advapi,SYSTEM
"Apr 18, 2025 @ 13:59:21.146",4624,"LAB3-10",Negotiate,1088,"2025-04-18T08:59:54.4192098Z",5,Advapi,SYSTEM
"Apr 18, 2025 @ 13:59:21.146",4624,"LAB3-10",Kerberos,1088,"2025-04-18T09:00:30.2861066Z",3,Kerberos,"LAB3-10$"
"Apr 18, 2025 @ 13:59:21.146",4624,"LAB3-10",Negotiate,1088,"2025-04-18T08:59:52.8105010Z",5,Advapi,SYSTEM
"Apr 18, 2025 @ 13:59:21.146",4624,"LAB3-10",Negotiate,1088,"2025-04-18T08:59:58.2180520Z",5,Advapi,SYSTEM
"Apr 18, 2025 @ 13:59:21.146",4624,"LAB3-10",Negotiate,1088,"2025-04-18T09:00:13.4187577Z",11,User32,"bsit22f.0020"
"Apr 18, 2025 @ 13:59:20.996",4624,"LAB3-10",Negotiate,1088,"2025-04-18T08:59:52.3870878Z",5,Advapi,SYSTEM
"Apr 18, 2025 @ 13:59:20.980",4624,"LAB3-10",Negotiate,1088,"2025-04-18T08:59:52.2730117Z",5,Advapi,SYSTEM
"Apr 18, 2025 @ 13:59:20.965",4624,"LAB3-10",Negotiate,1088,"2025-04-18T08:59:52.2348183Z",5,Advapi,SYSTEM
"Apr 18, 2025 @ 13:59:20.949",4624,"LAB3-10",Negotiate,1088,"2025-04-18T08:59:52.2345008Z",5,Advapi,SYSTEM
"Apr 18, 2025 @ 13:59:20.933",4624,"LAB3-10",Negotiate,1088,"2025-04-18T08:59:52.2342801Z",5,Advapi,SYSTEM
"Apr 18, 2025 @ 13:59:20.918",4624,"LAB3-10",Negotiate,1088,"2025-04-18T08:59:52.2338844Z",5,Advapi,SYSTEM
"Apr 18, 2025 @ 13:59:20.902",4624,"LAB3-10",Negotiate,1088,"2025-04-18T08:59:52.2331519Z",5,Advapi,SYSTEM
"Apr 18, 2025 @ 13:59:20.891",4624,"LAB3-10",Negotiate,1088,"2025-04-18T08:59:52.2329852Z",5,Advapi,SYSTEM
"Apr 18, 2025 @ 13:59:20.891",4624,"LAB3-10",Negotiate,1088,"2025-04-18T08:59:52.2326771Z",5,Advapi,SYSTEM
"Apr 18, 2025 @ 13:59:05.100",4624,"LAB3-11",Negotiate,1052,"2025-04-18T08:59:01.9357640Z",5,Advapi,SYSTEM
"Apr 18, 2025 @ 13:59:05.100",4624,"LAB3-11",Negotiate,1052,"2025-04-18T08:59:01.9157933Z",5,Advapi,SYSTEM
"Apr 18, 2025 @ 13:58:05.190",4624,"LAB3-18",Negotiate,1056,"2025-04-18T08:59:15.5418401Z",5,Advapi,SYSTEM
"Apr 18, 2025 @ 13:58:01.008",4624,"LAB3-18",Negotiate,1056,"2025-04-18T08:59:11.3560523Z",5,Advapi,SYSTEM
"Apr 18, 2025 @ 13:57:35.448",4624,"LAB3-18",Negotiate,1056,"2025-04-18T08:58:45.8044186Z",5,Advapi,SYSTEM
"Apr 18, 2025 @ 13:57:34.134",4624,"LAB3-11",Negotiate,1052,"2025-04-18T08:57:30.9496189Z",5,Advapi,SYSTEM
"Apr 18, 2025 @ 13:57:00.654",4624,"DESKTOP-5JEIKFF",Negotiate,1012,"2025-04-18T08:57:01.0449097Z",5,Advapi,SYSTEM
"Apr 18, 2025 @ 13:55:56.976",4624,"DESKTOP-5JEIKFF",Negotiate,1012,"2025-04-18T08:55:57.3695560Z",5,Advapi,SYSTEM
"Apr 18, 2025 @ 13:54:08.183",4624,"CP-AKT-002912",Negotiate,1048,"2025-04-18T08:54:04.5392006Z",5,Advapi,SYSTEM
"Apr 18, 2025 @ 13:54:05.041",4624,"CP-AKT-002912",Negotiate,1048,"2025-04-18T08:54:01.9489785Z",5,Advapi,SYSTEM
"Apr 18, 2025 @ 13:54:05.026",4624,"CP-AKT-002912",Negotiate,1048,"2025-04-18T08:54:01.8742381Z",2,Advapi,"DWM-3"
"Apr 18, 2025 @ 13:54:05.009",4624,"CP-AKT-002912",Negotiate,1048,"2025-04-18T08:54:01.8742270Z",2,Advapi,"DWM-3"
"Apr 18, 2025 @ 13:54:04.979",4624,"CP-AKT-002912",Negotiate,1048,"2025-04-18T08:54:01.8360371Z",2,Advapi,"UMFD-3"
"Apr 18, 2025 @ 13:54:00.308",4624,"CP-AKT-002912",Negotiate,1048,"2025-04-18T08:53:57.1488165Z",5,Advapi,SYSTEM
"Apr 18, 2025 @ 13:53:39.491",4624,"CP-AKT-000210",Negotiate,1044,"2025-04-18T08:54:50.4133555Z",5,Advapi,SYSTEM
"Apr 18, 2025 @ 13:53:39.490",4624,"CP-AKT-000210",Negotiate,1044,"2025-04-18T08:54:50.3759015Z",5,Advapi,SYSTEM
"Apr 18, 2025 @ 13:53:37.811",4624,"CP-AKT-000210",Negotiate,1044,"2025-04-18T08:54:48.7680566Z",5,Advapi,SYSTEM
"Apr 18, 2025 @ 13:53:37.796",4624,"CP-AKT-000210",Negotiate,1044,"2025-04-18T08:54:48.7679526Z",2,Advapi,"DWM-2"
"Apr 18, 2025 @ 13:53:37.780",4624,"CP-AKT-000210",Negotiate,1044,"2025-04-18T08:54:48.7679366Z",2,Advapi,"DWM-2"
"Apr 18, 2025 @ 13:53:37.748",4624,"CP-AKT-000210",Negotiate,1044,"2025-04-18T08:54:48.7664682Z",5,Advapi,SYSTEM
"Apr 18, 2025 @ 13:53:37.735",4624,"CP-AKT-000210",Negotiate,1044,"2025-04-18T08:54:48.6131156Z",2,Advapi,"UMFD-2"
"Apr 18, 2025 @ 13:53:35.953",4624,"LAB3-10",Negotiate,1056,"2025-04-18T08:54:46.9342833Z",5,Advapi,SYSTEM
"Apr 18, 2025 @ 13:53:33.782",4624,"CP-AKT-000210",Negotiate,1044,"2025-04-18T08:54:44.6574906Z",5,Advapi,SYSTEM
"Apr 18, 2025 @ 13:53:10.854",4624,"LAB3-11",Negotiate,1052,"2025-04-18T08:53:07.6949658Z",5,Advapi,SYSTEM
"Apr 18, 2025 @ 13:53:00.703",4624,"CP-AKT-002912",Negotiate,1048,"2025-04-18T08:52:57.5589546Z",5,Advapi,SYSTEM
"Apr 18, 2025 @ 13:52:52.023",4624,"DESKTOP-5JEIKFF",Negotiate,1012,"2025-04-18T08:52:52.4172987Z",5,Advapi,SYSTEM
"Apr 18, 2025 @ 13:52:36.674",4624,"CP-AKT-002912",Negotiate,1048,"2025-04-18T08:52:33.5436713Z",5,Advapi,SYSTEM
"Apr 18, 2025 @ 13:52:19.882",4624,"DESKTOP-5JEIKFF",Negotiate,1012,"2025-04-18T08:52:20.2746597Z",5,Advapi,SYSTEM
"Apr 18, 2025 @ 13:51:29.246",4624,"CP-AKT-002912",Negotiate,1048,"2025-04-18T08:51:26.1158617Z",5,Advapi,SYSTEM
"Apr 18, 2025 @ 13:51:09.108",4624,"DESKTOP-5JEIKFF",Negotiate,1012,"2025-04-18T08:51:09.5013257Z",5,Advapi,SYSTEM
"Apr 18, 2025 @ 13:50:54.495",4624,"DESKTOP-5JEIKFF",Negotiate,1012,"2025-04-18T08:50:54.8873012Z",5,Advapi,SYSTEM
"Apr 18, 2025 @ 13:50:51.175",4624,"DESKTOP-5JEIKFF",Negotiate,1012,"2025-04-18T08:50:51.5669761Z",5,Advapi,SYSTEM
"Apr 18, 2025 @ 13:50:43.542",4624,"DESKTOP-5JEIKFF",Negotiate,1012,"2025-04-18T08:50:44.0121014Z",5,Advapi,SYSTEM
"Apr 18, 2025 @ 13:50:43.533",4624,"DESKTOP-5JEIKFF",Negotiate,1012,"2025-04-18T08:50:43.9206842Z",5,Advapi,SYSTEM
"Apr 18, 2025 @ 13:48:40.710",4624,"CP-AKT-002912",Negotiate,1048,"2025-04-18T08:46:32.0511301Z",5,Advapi,SYSTEM
"Apr 18, 2025 @ 13:48:40.692",4624,"CP-AKT-002912",Negotiate,1048,"2025-04-18T08:43:17.6156664Z",5,Advapi,SYSTEM
"Apr 18, 2025 @ 13:48:40.677",4624,"CP-AKT-002912",Negotiate,1048,"2025-04-18T08:36:50.6872708Z",5,Advapi,SYSTEM
"Apr 18, 2025 @ 13:48:40.663",4624,"CP-AKT-002912",Negotiate,1048,"2025-04-18T08:35:48.3257726Z",5,Advapi,SYSTEM
"Apr 18, 2025 @ 13:48:40.647",4624,"CP-AKT-002912",Negotiate,1048,"2025-04-18T08:35:48.1667178Z",5,Advapi,SYSTEM
"Apr 18, 2025 @ 13:48:40.642",4624,"CP-AKT-002912",Negotiate,1048,"2025-04-18T08:35:47.8336425Z",5,Advapi,SYSTEM
"Apr 18, 2025 @ 13:48:40.626",4624,"CP-AKT-002912",Negotiate,1048,"2025-04-18T08:32:35.0368007Z",5,Advapi,SYSTEM
"Apr 18, 2025 @ 13:48:40.624",4624,"CP-AKT-002912",Negotiate,1048,"2025-04-18T08:31:07.5080452Z",5,Advapi,SYSTEM
"Apr 18, 2025 @ 13:48:40.608",4624,"CP-AKT-002912",Negotiate,1048,"2025-04-18T08:31:07.4466372Z",5,Advapi,SYSTEM
"Apr 18, 2025 @ 13:48:40.605",4624,"CP-AKT-002912",Negotiate,1048,"2025-04-18T08:25:53.6372220Z",5,Advapi,SYSTEM
"Apr 18, 2025 @ 13:48:40.591",4624,"CP-AKT-002912",Negotiate,1048,"2025-04-18T08:25:51.4713563Z",5,Advapi,SYSTEM
"Apr 18, 2025 @ 13:48:40.576",4624,"CP-AKT-002912",Negotiate,1048,"2025-04-18T08:25:47.3033082Z",5,Advapi,SYSTEM
"Apr 18, 2025 @ 13:48:40.542",4624,"CP-AKT-002912",Kerberos,1048,"2025-04-18T08:25:16.5190113Z",3,Kerberos,"CP-AKT-002912$"
"Apr 18, 2025 @ 13:48:40.518",4624,"CP-AKT-002912",Kerberos,1048,"2025-04-18T08:25:15.3819703Z",3,Kerberos,"CP-AKT-002912$"
"Apr 18, 2025 @ 13:48:40.493",4624,"CP-AKT-002912",Negotiate,1048,"2025-04-18T08:21:10.5217700Z",5,Advapi,SYSTEM
"Apr 18, 2025 @ 13:48:40.477",4624,"CP-AKT-002912",Negotiate,1048,"2025-04-18T08:21:01.4514997Z",5,Advapi,SYSTEM
"Apr 18, 2025 @ 13:48:40.462",4624,"CP-AKT-002912",Negotiate,1048,"2025-04-18T08:21:01.4250510Z",5,Advapi,SYSTEM
"Apr 18, 2025 @ 13:48:40.460",4624,"CP-AKT-002912",Negotiate,1048,"2025-04-18T08:20:55.1319188Z",5,Advapi,SYSTEM
"Apr 18, 2025 @ 13:48:40.443",4624,"CP-AKT-002912",Negotiate,1048,"2025-04-18T08:20:52.5217322Z",5,Advapi,SYSTEM
"Apr 18, 2025 @ 13:48:40.428",4624,"CP-AKT-002912",Negotiate,1048,"2025-04-18T08:20:52.4762124Z",5,Advapi,SYSTEM
"Apr 18, 2025 @ 13:48:40.414",4624,"CP-AKT-002912",Negotiate,1048,"2025-04-18T08:20:48.5115399Z",5,Advapi,SYSTEM
"Apr 18, 2025 @ 13:48:40.410",4624,"CP-AKT-002912",Negotiate,1048,"2025-04-18T08:20:47.5842071Z",5,Advapi,SYSTEM
"Apr 18, 2025 @ 13:48:40.392",4624,"CP-AKT-002912",Negotiate,1048,"2025-04-18T08:20:47.3887222Z",5,Advapi,SYSTEM
"Apr 18, 2025 @ 13:48:40.377",4624,"CP-AKT-002912",Negotiate,1048,"2025-04-18T08:20:45.9426677Z",5,Advapi,SYSTEM
"Apr 18, 2025 @ 13:48:40.361",4624,"CP-AKT-002912",Negotiate,1048,"2025-04-18T08:20:45.4559410Z",2,Advapi,"DWM-2"
"Apr 18, 2025 @ 13:48:40.345",4624,"CP-AKT-002912",Negotiate,1048,"2025-04-18T08:20:45.4559303Z",2,Advapi,"DWM-2"
"Apr 18, 2025 @ 13:48:40.341",4624,"CP-AKT-002912",Negotiate,1048,"2025-04-18T08:20:45.4556296Z",5,Advapi,SYSTEM
"Apr 18, 2025 @ 13:48:40.310",4624,"CP-AKT-002912",Negotiate,1048,"2025-04-18T08:20:45.4153654Z",2,Advapi,"UMFD-2"
"Apr 18, 2025 @ 13:48:40.272",4624,"CP-AKT-002912",Negotiate,1048,"2025-04-18T08:20:45.3177001Z",2,User32,"fscmed24f.0056"
"Apr 18, 2025 @ 13:48:40.219",4624,"CP-AKT-002912",Negotiate,1048,"2025-04-18T08:20:43.1674846Z",5,Advapi,SYSTEM
"Apr 18, 2025 @ 13:48:40.178",4624,"CP-AKT-002912",Negotiate,1048,"2025-04-18T08:20:42.9108662Z",2,Advapi,"fscmed24f.0056"
"Apr 18, 2025 @ 13:48:40.134",4625,"CP-AKT-002912",Negotiate,1048,"2025-04-18T08:19:55.1765566Z",2,User32,"fscmed24f.0056"
"Apr 18, 2025 @ 13:48:40.110",4624,"CP-AKT-002912",Negotiate,1048,"2025-04-18T08:19:20.7101369Z",5,Advapi,SYSTEM
"Apr 18, 2025 @ 13:48:40.076",4624,"CP-AKT-002912",Negotiate,1048,"2025-04-18T08:18:10.8270104Z",5,Advapi,SYSTEM
"Apr 18, 2025 @ 13:48:40.045",4624,"CP-AKT-002912",Negotiate,1048,"2025-04-18T08:16:27.7963389Z",5,Advapi,SYSTEM
"Apr 18, 2025 @ 13:48:39.949",4624,"CP-AKT-002912",Negotiate,1048,"2025-04-18T08:07:09.2664333Z",5,Advapi,SYSTEM
"Apr 18, 2025 @ 13:48:39.878",4624,"CP-AKT-002912",Negotiate,1048,"2025-04-18T08:04:33.1800980Z",5,Advapi,SYSTEM
"Apr 18, 2025 @ 13:48:39.827",4624,"CP-AKT-002912",Negotiate,1048,"2025-04-18T07:40:01.9752939Z",5,Advapi,SYSTEM
"Apr 18, 2025 @ 13:48:39.797",4624,"CP-AKT-002912",Negotiate,1048,"2025-04-18T07:40:01.9325622Z",5,Advapi,SYSTEM
"Apr 18, 2025 @ 13:48:39.778",4624,"CP-AKT-002912",Negotiate,1048,"2025-04-18T07:40:01.4904444Z",5,Advapi,SYSTEM
"Apr 18, 2025 @ 13:48:39.761",4624,"CP-AKT-002912",Negotiate,1048,"2025-04-18T07:40:00.5089542Z",5,Advapi,SYSTEM
"Apr 18, 2025 @ 13:48:39.720",4624,"CP-AKT-002912",Negotiate,1048,"2025-04-18T07:38:32.7340149Z",5,Advapi,SYSTEM
"Apr 18, 2025 @ 13:48:39.706",4624,"CP-AKT-002912",Negotiate,1048,"2025-04-18T07:38:14.4896696Z",5,Advapi,SYSTEM
"Apr 18, 2025 @ 13:48:39.691",4624,"CP-AKT-002912",Negotiate,1048,"2025-04-18T07:35:55.6074875Z",5,Advapi,SYSTEM
"Apr 18, 2025 @ 13:48:39.658",4624,"CP-AKT-002912",Negotiate,1048,"2025-04-18T07:33:44.1063757Z",5,Advapi,SYSTEM
"Apr 18, 2025 @ 13:48:39.618",4624,"CP-AKT-002912",Negotiate,1048,"2025-04-18T06:55:31.4122027Z",5,Advapi,SYSTEM
"Apr 18, 2025 @ 13:48:39.559",4624,"CP-AKT-002912",Negotiate,1048,"2025-04-18T06:55:27.2372825Z",5,Advapi,SYSTEM
"Apr 18, 2025 @ 13:48:39.511",4624,"CP-AKT-002912",Negotiate,1048,"2025-04-18T06:47:04.1076169Z",5,Advapi,SYSTEM
"Apr 18, 2025 @ 13:48:39.475",4624,"CP-AKT-002912",Negotiate,1048,"2025-04-18T06:45:17.1338923Z",5,Advapi,SYSTEM
"Apr 18, 2025 @ 13:48:39.410",4624,"CP-AKT-002912",Negotiate,1048,"2025-04-18T06:44:13.2465430Z",5,Advapi,SYSTEM
"Apr 18, 2025 @ 13:48:39.381",4624,"CP-AKT-002912",Negotiate,1048,"2025-04-18T06:44:13.2000098Z",5,Advapi,SYSTEM
"Apr 18, 2025 @ 13:48:39.329",4624,"CP-AKT-002912",Negotiate,1048,"2025-04-18T06:41:10.1441663Z",5,Advapi,SYSTEM
"Apr 18, 2025 @ 13:48:39.260",4624,"CP-AKT-002912",Negotiate,1048,"2025-04-18T06:39:34.7721490Z",5,Advapi,SYSTEM
"Apr 18, 2025 @ 13:48:39.197",4624,"CP-AKT-002912",Negotiate,1048,"2025-04-18T06:35:32.4124268Z",5,Advapi,SYSTEM
"Apr 18, 2025 @ 13:48:39.158",4624,"CP-AKT-002912",Negotiate,1048,"2025-04-18T06:34:40.8134912Z",5,Advapi,SYSTEM
"Apr 18, 2025 @ 13:48:39.115",4624,"CP-AKT-002912",Negotiate,1048,"2025-04-18T06:34:36.9206592Z",5,Advapi,SYSTEM
"Apr 18, 2025 @ 13:48:39.094",4624,"CP-AKT-002912",Negotiate,1048,"2025-04-18T06:34:35.0756042Z",5,Advapi,SYSTEM
"Apr 18, 2025 @ 13:48:39.059",4624,"CP-AKT-002912",Negotiate,1048,"2025-04-18T06:31:33.7507255Z",5,Advapi,SYSTEM
"Apr 18, 2025 @ 13:48:38.995",4624,"CP-AKT-002912",Kerberos,1048,"2025-04-18T06:30:15.1369093Z",3,Kerberos,"CP-AKT-002912$"
"Apr 18, 2025 @ 13:48:38.926",4624,"CP-AKT-002912",Kerberos,1048,"2025-04-18T06:30:14.7889186Z",3,Kerberos,"CP-AKT-002912$"
"Apr 18, 2025 @ 13:48:38.844",4624,"CP-AKT-002912",Negotiate,1048,"2025-04-18T06:26:10.3421149Z",2,User32,"bsit22f.0038"
"Apr 18, 2025 @ 13:48:38.759",4624,"CP-AKT-002912",Negotiate,1048,"2025-04-18T06:25:58.3023027Z",5,Advapi,SYSTEM
"Apr 18, 2025 @ 13:48:38.709",4624,"CP-AKT-002912",Negotiate,1048,"2025-04-18T06:25:58.2207623Z",5,Advapi,SYSTEM
"Apr 18, 2025 @ 13:48:38.660",4624,"CP-AKT-002912",Negotiate,1048,"2025-04-18T06:16:32.2746692Z",5,Advapi,SYSTEM
"Apr 18, 2025 @ 13:48:38.625",4624,"CP-AKT-002912",Negotiate,1048,"2025-04-18T06:16:32.1585936Z",5,Advapi,SYSTEM
"Apr 18, 2025 @ 13:48:38.549",4624,"CP-AKT-002912",Negotiate,1048,"2025-04-18T06:16:16.9198330Z",5,Advapi,SYSTEM
"Apr 18, 2025 @ 13:48:38.510",4624,"CP-AKT-002912",Negotiate,1048,"2025-04-18T06:12:28.7506400Z",5,Advapi,SYSTEM
"Apr 18, 2025 @ 13:48:38.465",4624,"CP-AKT-002912",Negotiate,1048,"2025-04-18T06:11:58.7653328Z",5,Advapi,SYSTEM
"Apr 18, 2025 @ 13:48:38.419",4624,"CP-AKT-002912",Negotiate,1048,"2025-04-18T06:11:57.6817845Z",5,Advapi,SYSTEM
"Apr 18, 2025 @ 13:48:38.356",4624,"CP-AKT-002912",Negotiate,1048,"2025-04-18T06:10:32.5942486Z",5,Advapi,SYSTEM
"Apr 18, 2025 @ 13:48:38.309",4624,"CP-AKT-002912",Negotiate,1048,"2025-04-18T05:46:32.0835023Z",5,Advapi,SYSTEM
"Apr 18, 2025 @ 13:48:38.274",4624,"CP-AKT-002912",Negotiate,1048,"2025-04-18T05:31:11.4091496Z",5,Advapi,SYSTEM
"Apr 18, 2025 @ 13:48:38.242",4624,"CP-AKT-002912",Negotiate,1048,"2025-04-18T05:31:11.3590889Z",5,Advapi,SYSTEM
"Apr 18, 2025 @ 13:48:38.202",4624,"CP-AKT-002912",Negotiate,1048,"2025-04-18T05:30:58.2164503Z",5,Advapi,SYSTEM
"Apr 18, 2025 @ 13:48:38.159",4624,"CP-AKT-002912",Negotiate,1048,"2025-04-18T05:30:51.8070158Z",5,Advapi,SYSTEM
"Apr 18, 2025 @ 13:48:38.109",4624,"CP-AKT-002912",Negotiate,1048,"2025-04-18T05:30:45.1512391Z",5,Advapi,SYSTEM
"Apr 18, 2025 @ 13:48:38.075",4624,"CP-AKT-002912",Negotiate,1048,"2025-04-18T05:30:39.0127554Z",5,Advapi,SYSTEM
"Apr 18, 2025 @ 13:48:38.039",4624,"CP-AKT-002912",Negotiate,1048,"2025-04-18T05:30:23.9095568Z",5,Advapi,SYSTEM
"Apr 18, 2025 @ 13:48:37.992",4624,"CP-AKT-002912",Negotiate,1048,"2025-04-18T05:29:14.5807114Z",5,Advapi,SYSTEM
"Apr 18, 2025 @ 13:48:37.957",4624,"CP-AKT-002912",Negotiate,1048,"2025-04-18T05:29:14.4581608Z",5,Advapi,SYSTEM
"Apr 18, 2025 @ 13:48:37.908",4624,"CP-AKT-002912",Negotiate,1048,"2025-04-18T05:29:14.0981931Z",5,Advapi,SYSTEM
"Apr 18, 2025 @ 13:48:37.873",4624,"CP-AKT-002912",Negotiate,1048,"2025-04-18T05:06:28.3138079Z",5,Advapi,SYSTEM
"Apr 18, 2025 @ 13:48:37.807",4624,"CP-AKT-002912",Negotiate,1048,"2025-04-18T05:03:12.3978448Z",5,Advapi,SYSTEM
"Apr 18, 2025 @ 13:48:37.758",4624,"CP-AKT-002912",Negotiate,1048,"2025-04-18T05:01:01.2851072Z",5,Advapi,SYSTEM
"Apr 18, 2025 @ 13:48:37.705",4624,"CP-AKT-002912",Negotiate,1048,"2025-04-18T04:59:13.5665367Z",5,Advapi,SYSTEM
"Apr 18, 2025 @ 13:48:37.643",4624,"CP-AKT-002912",Negotiate,1048,"2025-04-18T04:59:13.3598530Z",5,Advapi,SYSTEM
"Apr 18, 2025 @ 13:48:37.625",4624,"CP-AKT-002912",Negotiate,1048,"2025-04-18T04:57:26.2119580Z",5,Advapi,SYSTEM
"Apr 18, 2025 @ 13:48:37.572",4624,"CP-AKT-002912",Negotiate,1048,"2025-04-18T04:53:27.1726744Z",5,Advapi,SYSTEM
"Apr 18, 2025 @ 13:48:37.525",4624,"CP-AKT-002912",Negotiate,1048,"2025-04-18T04:52:35.0625478Z",5,Advapi,SYSTEM
"Apr 18, 2025 @ 13:48:37.488",4624,"CP-AKT-002912",Negotiate,1048,"2025-04-18T04:51:29.5393496Z",5,Advapi,SYSTEM
"Apr 18, 2025 @ 13:48:37.441",4624,"CP-AKT-002912",Negotiate,1048,"2025-04-18T04:50:17.9443367Z",5,Advapi,SYSTEM
"Apr 18, 2025 @ 13:48:37.403",4624,"CP-AKT-002912",Negotiate,1048,"2025-04-18T04:50:17.9438597Z",5,Advapi,SYSTEM
"Apr 18, 2025 @ 13:48:37.356",4624,"CP-AKT-002912",Negotiate,1048,"2025-04-18T04:47:40.3406880Z",5,Advapi,SYSTEM
"Apr 18, 2025 @ 13:48:37.309",4624,"CP-AKT-002912",Negotiate,1048,"2025-04-18T04:46:10.9405202Z",5,Advapi,SYSTEM
"Apr 18, 2025 @ 13:48:37.272",4624,"CP-AKT-002912",Negotiate,1048,"2025-04-18T04:46:10.7407654Z",5,Advapi,SYSTEM
"Apr 18, 2025 @ 13:48:37.225",4624,"CP-AKT-002912",Negotiate,1048,"2025-04-18T04:46:10.4756624Z",5,Advapi,SYSTEM
"Apr 18, 2025 @ 13:48:37.190",4624,"CP-AKT-002912",Negotiate,1048,"2025-04-18T04:45:26.8274170Z",5,Advapi,SYSTEM
"Apr 18, 2025 @ 13:48:37.127",4624,"CP-AKT-002912",Negotiate,1048,"2025-04-18T04:45:17.1869695Z",5,Advapi,SYSTEM
"Apr 18, 2025 @ 13:48:37.059",4624,"CP-AKT-002912",Negotiate,1048,"2025-04-18T04:44:42.1349773Z",5,Advapi,SYSTEM
"Apr 18, 2025 @ 13:48:37.025",4624,"CP-AKT-002912",Negotiate,1048,"2025-04-18T04:44:42.0395638Z",5,Advapi,SYSTEM
"Apr 18, 2025 @ 13:48:36.992",4624,"CP-AKT-002912",Negotiate,1048,"2025-04-18T04:44:41.9624671Z",5,Advapi,SYSTEM
"Apr 18, 2025 @ 13:48:36.927",4624,"CP-AKT-002912",Negotiate,1048,"2025-04-18T04:44:41.7055883Z",5,Advapi,"SQLTELEMETRY$SQLEXPRESS"
"Apr 18, 2025 @ 13:48:36.842",4624,"CP-AKT-002912",Negotiate,1048,"2025-04-18T04:44:41.5011755Z",5,Advapi,SQLTELEMETRY
"Apr 18, 2025 @ 13:48:36.708",4624,"CP-AKT-002912",Negotiate,1048,"2025-04-18T04:44:38.8414699Z",5,Advapi,MSSQLSERVER
"Apr 18, 2025 @ 13:48:36.645",4624,"CP-AKT-002912",Negotiate,1048,"2025-04-18T04:44:37.5569397Z",5,Advapi,"MSSQL$SQLEXPRESS"
"Apr 18, 2025 @ 13:48:36.592",4624,"CP-AKT-002912",Negotiate,1048,"2025-04-18T04:44:26.3868901Z",5,Advapi,SYSTEM
"Apr 18, 2025 @ 13:48:36.565",4624,"CP-AKT-002912",Negotiate,1048,"2025-04-18T04:44:21.9326433Z",5,Advapi,SYSTEM
"Apr 18, 2025 @ 13:48:36.509",4624,"CP-AKT-002912",Negotiate,1048,"2025-04-18T04:44:21.9174000Z",5,Advapi,SYSTEM
"Apr 18, 2025 @ 13:48:36.472",4624,"CP-AKT-002912",Negotiate,1048,"2025-04-18T04:44:20.6046816Z",5,Advapi,SYSTEM
"Apr 18, 2025 @ 13:48:36.409",4624,"CP-AKT-002912",Negotiate,1048,"2025-04-18T04:44:19.1436494Z",5,Advapi,SYSTEM
"Apr 18, 2025 @ 13:48:36.358",4624,"CP-AKT-002912",Negotiate,1048,"2025-04-18T04:44:17.0341757Z",5,Advapi,SYSTEM
"Apr 18, 2025 @ 13:48:36.292",4624,"CP-AKT-002912",Negotiate,1048,"2025-04-18T04:44:15.2669746Z",5,Advapi,SYSTEM
"Apr 18, 2025 @ 13:48:36.242",4624,"CP-AKT-002912",Negotiate,1048,"2025-04-18T04:44:13.0669348Z",5,Advapi,SYSTEM
"Apr 18, 2025 @ 13:48:36.189",4624,"CP-AKT-002912",Negotiate,1048,"2025-04-18T04:44:13.0353705Z",5,Advapi,SYSTEM
"Apr 18, 2025 @ 13:48:36.142",4624,"CP-AKT-002912",Negotiate,1048,"2025-04-18T04:44:11.5903624Z",2,User32,"bsit22f.0038"
"Apr 18, 2025 @ 13:48:36.042",4625,"CP-AKT-002912",Negotiate,1048,"2025-04-18T04:44:04.8351082Z",2,User32,"bsit22f.0038"
"Apr 18, 2025 @ 13:48:36.025",4624,"CP-AKT-002912",Negotiate,1048,"2025-04-18T04:43:47.6177321Z",5,Advapi,SYSTEM
"Apr 18, 2025 @ 13:48:35.959",4624,"CP-AKT-002912",Negotiate,1048,"2025-04-18T04:43:47.5901292Z",5,Advapi,SYSTEM
"Apr 18, 2025 @ 13:48:35.925",4624,"CP-AKT-002912",Negotiate,1048,"2025-04-18T04:43:47.5275871Z",5,Advapi,SYSTEM
"Apr 18, 2025 @ 13:48:35.791",4624,"CP-AKT-002912",Negotiate,1048,"2025-04-18T04:35:27.6788665Z",5,Advapi,SYSTEM
"Apr 18, 2025 @ 13:48:35.741",4624,"CP-AKT-002912",Negotiate,1048,"2025-04-18T04:35:14.5125105Z",5,Advapi,SYSTEM
"Apr 18, 2025 @ 13:48:35.689",4624,"CP-AKT-002912",Negotiate,1048,"2025-04-18T04:35:14.4604217Z",5,Advapi,SYSTEM
"Apr 18, 2025 @ 13:48:35.673",4624,"LAB3-11",Negotiate,1052,"2025-04-18T08:46:29.2085393Z",5,Advapi,SYSTEM
"Apr 18, 2025 @ 13:48:35.657",4624,"LAB3-11",Negotiate,1052,"2025-04-18T08:37:21.4051068Z",5,Advapi,SYSTEM
"Apr 18, 2025 @ 13:48:35.656",4624,"CP-AKT-002912",Negotiate,1048,"2025-04-18T04:35:14.4602030Z",5,Advapi,SYSTEM
"Apr 18, 2025 @ 13:48:35.641",4624,"LAB3-11",Negotiate,1052,"2025-04-18T08:32:19.7989882Z",5,Advapi,SYSTEM
"Apr 18, 2025 @ 13:48:35.593",4624,"LAB3-11",Negotiate,1052,"2025-04-18T08:28:59.6244355Z",5,Advapi,SYSTEM
"Apr 18, 2025 @ 13:48:35.574",4624,"CP-AKT-002912",Kerberos,1048,"2025-04-18T04:35:14.4276684Z",3,Kerberos,"CP-AKT-002912$"
"Apr 18, 2025 @ 13:48:35.563",4624,"LAB3-11",Negotiate,1052,"2025-04-18T08:27:14.6274287Z",5,Advapi,SYSTEM
"Apr 18, 2025 @ 13:48:35.531",4624,"LAB3-11",Negotiate,1052,"2025-04-18T08:27:00.4233192Z",5,Advapi,SYSTEM
"Apr 18, 2025 @ 13:48:35.484",4624,"LAB3-11",Negotiate,1052,"2025-04-18T08:23:41.5241018Z",5,Advapi,SYSTEM
"Apr 18, 2025 @ 13:48:35.475",4624,"CP-AKT-002912",Kerberos,1048,"2025-04-18T04:35:13.4449604Z",3,Kerberos,"CP-AKT-002912$"
"Apr 18, 2025 @ 13:48:35.440",4624,"CP-AKT-002912",Negotiate,1048,"2025-04-18T04:34:35.8891389Z",5,Advapi,SYSTEM
"Apr 18, 2025 @ 13:48:35.432",4624,"LAB3-11",Negotiate,1052,"2025-04-18T08:19:16.9136126Z",5,Advapi,SYSTEM
"Apr 18, 2025 @ 13:48:35.399",4624,"LAB3-11",Negotiate,1052,"2025-04-18T08:19:16.8973629Z",2,User32,"ack.user"
"Apr 18, 2025 @ 13:48:35.374",4624,"CP-AKT-002912",Negotiate,1048,"2025-04-18T04:34:35.1404243Z",5,Advapi,SYSTEM
"Apr 18, 2025 @ 13:48:35.337",4625,"LAB3-11",Negotiate,1052,"2025-04-18T08:19:10.1596258Z",2,User32,"ack.user"
"Apr 18, 2025 @ 13:48:35.305",4624,"LAB3-11",Negotiate,1052,"2025-04-18T08:19:05.0961015Z",5,Advapi,SYSTEM
"Apr 18, 2025 @ 13:48:35.119",4624,"LAB3-11",Negotiate,1052,"2025-04-18T08:18:27.7595303Z",5,Advapi,SYSTEM
"Apr 18, 2025 @ 13:48:35.087",4624,"LAB3-11",Negotiate,1052,"2025-04-18T08:18:27.6740998Z",5,Advapi,SYSTEM
"Apr 18, 2025 @ 13:48:35.055",4624,"LAB3-11",Kerberos,1052,"2025-04-18T08:18:23.4128647Z",3,Kerberos,"ADMANAGER$"
"Apr 18, 2025 @ 13:48:35.024",4624,"LAB3-11",NTLM,1052,"2025-04-18T08:18:23.4100755Z",3,NtLmSsp,"ADMANAGER$"
"Apr 18, 2025 @ 13:48:34.993",4624,"LAB3-11",Kerberos,1052,"2025-04-18T08:18:23.3842102Z",3,Kerberos,Administrator
"Apr 18, 2025 @ 13:48:34.962",4624,"LAB3-11",Kerberos,1052,"2025-04-18T08:18:23.3622964Z",3,Kerberos,Administrator
"Apr 18, 2025 @ 13:48:34.931",4624,"LAB3-11",Negotiate,1052,"2025-04-18T08:18:03.4395628Z",5,Advapi,SYSTEM
"Apr 18, 2025 @ 13:48:34.869",4624,"LAB3-11",Negotiate,1052,"2025-04-18T07:57:53.8345483Z",5,Advapi,SYSTEM
"Apr 18, 2025 @ 13:48:34.822",4624,"LAB3-11",Negotiate,1052,"2025-04-18T07:57:40.6221617Z",5,Advapi,SYSTEM
"Apr 18, 2025 @ 13:48:34.730",4624,"LAB3-11",Negotiate,1052,"2025-04-18T07:47:37.7936261Z",5,Advapi,SYSTEM
"Apr 18, 2025 @ 13:48:34.649",4624,"LAB3-11",Negotiate,1052,"2025-04-18T07:39:47.5094275Z",5,Advapi,SYSTEM
"Apr 18, 2025 @ 13:48:34.617",4624,"LAB3-11",Negotiate,1052,"2025-04-18T07:39:47.4034801Z",5,Advapi,SYSTEM
"Apr 18, 2025 @ 13:48:34.464",4624,"LAB3-11",Negotiate,1052,"2025-04-18T07:26:01.4292812Z",5,Advapi,SYSTEM
"Apr 18, 2025 @ 13:48:34.414",4624,"LAB3-11",Negotiate,1052,"2025-04-18T07:22:59.6681572Z",5,Advapi,SYSTEM
"Apr 18, 2025 @ 13:48:34.214",4624,"LAB3-11",Kerberos,1052,"2025-04-18T07:16:01.1214052Z",3,Kerberos,"ADMANAGER$"
"Apr 18, 2025 @ 13:48:34.185",4624,"LAB3-11",NTLM,1052,"2025-04-18T07:16:01.1163879Z",3,NtLmSsp,"ADMANAGER$"
"Apr 18, 2025 @ 13:48:34.177",4624,"LAB3-11",Negotiate,1052,"2025-04-18T07:16:00.8209249Z",5,Advapi,SYSTEM
"Apr 18, 2025 @ 13:48:34.147",4624,"LAB3-11",Kerberos,1052,"2025-04-18T07:15:57.8650606Z",3,Kerberos,Administrator
"Apr 18, 2025 @ 13:48:34.103",4624,"LAB3-11",Kerberos,1052,"2025-04-18T07:15:57.8048788Z",3,Kerberos,Administrator
"Apr 18, 2025 @ 13:48:34.056",4624,"LAB3-11",Negotiate,1052,"2025-04-18T07:13:55.5709728Z",5,Advapi,SYSTEM
"Apr 18, 2025 @ 13:48:34.025",4624,"LAB3-11",Negotiate,1052,"2025-04-18T07:13:08.2039701Z",5,Advapi,SYSTEM
"Apr 18, 2025 @ 13:48:33.994",4624,"LAB3-11",Negotiate,1052,"2025-04-18T07:06:00.1144124Z",5,Advapi,SYSTEM
"Apr 18, 2025 @ 13:48:33.948",4624,"LAB3-11",Negotiate,1052,"2025-04-18T06:45:04.2114399Z",5,Advapi,SYSTEM
"Apr 18, 2025 @ 13:48:33.908",4624,"LAB3-11",Negotiate,1052,"2025-04-18T06:45:02.9970372Z",5,Advapi,SYSTEM
"Apr 18, 2025 @ 13:48:33.877",4624,"LAB3-11",Negotiate,1052,"2025-04-18T06:12:58.8982498Z",5,Advapi,SYSTEM
"Apr 18, 2025 @ 13:48:33.817",4624,"LAB3-11",Kerberos,1052,"2025-04-18T06:12:31.8529435Z",3,Kerberos,"LAB3-11$"
"Apr 18, 2025 @ 13:48:33.749",4624,"LAB3-11",Kerberos,1052,"2025-04-18T06:12:31.2582940Z",3,Kerberos,"LAB3-11$"
"Apr 18, 2025 @ 13:48:33.712",4624,"LAB3-11",Negotiate,1052,"2025-04-18T05:51:37.6147684Z",5,Advapi,SYSTEM
"Apr 18, 2025 @ 13:48:33.664",4624,"LAB3-11",Negotiate,1052,"2025-04-18T05:51:37.5186565Z",5,Advapi,SYSTEM
"Apr 18, 2025 @ 13:48:33.603",4624,"LAB3-11",Negotiate,1052,"2025-04-18T05:45:03.1229119Z",5,Advapi,SYSTEM
"Apr 18, 2025 @ 13:48:33.557",4624,"LAB3-11",Negotiate,1052,"2025-04-18T05:34:37.1466086Z",5,Advapi,SYSTEM
"Apr 18, 2025 @ 13:48:33.496",4624,"LAB3-11",Negotiate,1052,"2025-04-18T05:32:21.0700313Z",5,Advapi,SYSTEM
"Apr 18, 2025 @ 13:48:33.434",4624,"LAB3-11",Negotiate,1052,"2025-04-18T05:17:20.9265279Z",5,Advapi,SYSTEM
"Apr 18, 2025 @ 13:48:33.387",4624,"LAB3-11",Negotiate,1052,"2025-04-18T05:12:49.1651164Z",5,Advapi,SYSTEM
"Apr 18, 2025 @ 13:48:33.338",4624,"LAB3-11",Negotiate,1052,"2025-04-18T05:04:18.0694905Z",5,Advapi,SYSTEM
"Apr 18, 2025 @ 13:48:33.292",4624,"LAB3-11",Negotiate,1052,"2025-04-18T05:02:32.4721253Z",5,Advapi,SYSTEM
"Apr 18, 2025 @ 13:48:33.230",4624,"LAB3-11",Negotiate,1052,"2025-04-18T05:02:23.3335546Z",5,Advapi,SYSTEM
"Apr 18, 2025 @ 13:48:33.183",4624,"LAB3-11",Negotiate,1052,"2025-04-18T05:01:16.0341960Z",5,Advapi,SYSTEM
"Apr 18, 2025 @ 13:48:33.162",4624,"LAB3-11",Negotiate,1052,"2025-04-18T04:53:47.2783558Z",5,Advapi,SYSTEM
"Apr 18, 2025 @ 13:48:33.085",4624,"LAB3-11",Negotiate,1052,"2025-04-18T04:52:10.2328536Z",5,Advapi,SYSTEM
"Apr 18, 2025 @ 13:48:33.008",4624,"LAB3-11",Negotiate,1052,"2025-04-18T04:45:03.5116250Z",5,Advapi,SYSTEM
"Apr 18, 2025 @ 13:48:32.962",4624,"LAB3-11",Negotiate,1052,"2025-04-18T04:41:51.7201377Z",5,Advapi,SYSTEM
"Apr 18, 2025 @ 13:48:32.915",4624,"LAB3-11",Negotiate,1052,"2025-04-18T04:18:06.0053606Z",5,Advapi,SYSTEM
"Apr 18, 2025 @ 13:48:32.806",4624,"LAB3-11",Kerberos,1052,"2025-04-18T04:17:32.0129342Z",3,Kerberos,"LAB3-11$"
"Apr 18, 2025 @ 13:48:32.730",4624,"LAB3-11",Kerberos,1052,"2025-04-18T04:17:31.8272673Z",3,Kerberos,"LAB3-11$"
"Apr 18, 2025 @ 13:48:32.683",4624,"LAB3-11",Negotiate,1052,"2025-04-18T04:09:57.8920432Z",5,Advapi,SYSTEM
"Apr 18, 2025 @ 13:48:32.637",4624,"LAB3-11",Negotiate,1052,"2025-04-18T04:06:37.6634311Z",5,Advapi,SYSTEM
"Apr 18, 2025 @ 13:48:32.561",4624,"LAB3-11",Negotiate,1052,"2025-04-18T04:06:37.5094913Z",5,Advapi,SYSTEM
"Apr 18, 2025 @ 13:48:32.474",4624,"LAB3-11",Negotiate,1052,"2025-04-18T04:06:37.1680818Z",5,Advapi,SYSTEM
"Apr 18, 2025 @ 13:48:32.427",4624,"LAB3-11",Negotiate,1052,"2025-04-18T04:06:23.2261506Z",5,Advapi,SYSTEM
"Apr 18, 2025 @ 13:48:32.396",4624,"LAB3-11",Negotiate,1052,"2025-04-18T04:01:25.1897700Z",5,Advapi,SYSTEM
"Apr 18, 2025 @ 13:48:32.356",4624,"LAB3-11",Negotiate,1052,"2025-04-18T04:01:25.1399393Z",5,Advapi,SYSTEM
"Apr 18, 2025 @ 13:48:32.293",4624,"LAB3-11",Negotiate,1052,"2025-04-18T04:01:25.0898640Z",5,Advapi,SYSTEM
"Apr 18, 2025 @ 13:48:32.232",4624,"LAB3-11",Negotiate,1052,"2025-04-18T04:01:09.6492380Z",5,Advapi,SYSTEM
"Apr 18, 2025 @ 13:48:32.188",4624,"LAB3-11",Negotiate,1052,"2025-04-18T04:01:09.6014528Z",5,Advapi,SYSTEM
"Apr 18, 2025 @ 13:48:32.111",4624,"LAB3-11",Negotiate,1052,"2025-04-18T04:00:12.1625056Z",5,Advapi,SYSTEM
"Apr 18, 2025 @ 13:48:32.066",4624,"LAB3-11",Negotiate,1052,"2025-04-18T03:56:37.2182841Z",5,Advapi,SYSTEM
"Apr 18, 2025 @ 13:48:32.022",4624,"LAB3-11",Negotiate,1052,"2025-04-18T03:53:28.7731023Z",5,Advapi,SYSTEM
"Apr 18, 2025 @ 13:48:31.975",4624,"LAB3-11",Negotiate,1052,"2025-04-18T03:52:42.8333111Z",5,Advapi,SYSTEM
"Apr 18, 2025 @ 13:48:31.945",4624,"LAB3-11",Negotiate,1052,"2025-04-18T03:52:29.3582909Z",5,Advapi,SYSTEM
"Apr 18, 2025 @ 13:48:31.911",4624,"LAB3-11",Negotiate,1052,"2025-04-18T03:52:14.6924365Z",5,Advapi,SYSTEM
"Apr 18, 2025 @ 13:48:31.866",4624,"LAB3-11",Negotiate,1052,"2025-04-18T03:51:46.3471015Z",5,Advapi,SYSTEM
"Apr 18, 2025 @ 13:48:31.816",4624,"LAB3-11",Negotiate,1052,"2025-04-18T03:51:45.5033692Z",5,Advapi,SYSTEM
"Apr 18, 2025 @ 13:48:31.778",4624,"LAB3-11",Negotiate,1052,"2025-04-18T03:51:41.4824769Z",5,Advapi,SYSTEM
"Apr 18, 2025 @ 13:48:31.733",4624,"LAB3-11",Negotiate,1052,"2025-04-18T03:51:38.8382376Z",5,Advapi,SYSTEM
"Apr 18, 2025 @ 13:48:31.685",4624,"LAB3-11",Negotiate,1052,"2025-04-18T03:51:37.1898075Z",5,Advapi,SYSTEM
"Apr 18, 2025 @ 13:48:31.639",4624,"LAB3-11",Negotiate,1052,"2025-04-18T03:51:36.6248798Z",5,Advapi,SYSTEM
"Apr 18, 2025 @ 13:48:31.591",4624,"LAB3-11",Negotiate,1052,"2025-04-18T03:51:36.6247948Z",5,Advapi,SYSTEM
"Apr 18, 2025 @ 13:48:31.544",4624,"LAB3-11",Negotiate,1052,"2025-04-18T03:51:36.4160480Z",5,Advapi,SYSTEM
"Apr 18, 2025 @ 13:48:31.498",4624,"LAB3-11",Negotiate,1052,"2025-04-18T03:51:12.1589668Z",5,Advapi,SYSTEM
"Apr 18, 2025 @ 13:48:31.467",4624,"LAB3-11",Negotiate,1052,"2025-04-18T03:51:06.1933725Z",5,Advapi,SYSTEM
"Apr 18, 2025 @ 13:48:31.404",4624,"LAB3-11",Negotiate,1052,"2025-04-18T03:50:55.2497450Z",5,Advapi,SYSTEM
"Apr 18, 2025 @ 13:48:31.358",4624,"LAB3-11",Negotiate,1052,"2025-04-18T03:50:54.7576877Z",5,Advapi,SYSTEM
"Apr 18, 2025 @ 13:48:31.297",4624,"LAB3-11",Negotiate,1052,"2025-04-18T03:50:54.0971075Z",5,Advapi,SYSTEM
"Apr 18, 2025 @ 13:48:31.251",4624,"LAB3-11",Negotiate,1052,"2025-04-18T03:47:34.5687309Z",5,Advapi,SYSTEM
"Apr 18, 2025 @ 13:48:31.206",4624,"LAB3-11",Negotiate,1052,"2025-04-18T03:47:25.4842067Z",5,Advapi,SYSTEM
"Apr 18, 2025 @ 13:48:31.145",4624,"LAB3-11",Negotiate,1052,"2025-04-18T03:47:25.4601465Z",5,Advapi,SYSTEM
"Apr 18, 2025 @ 13:48:31.098",4624,"LAB3-11",Negotiate,1052,"2025-04-18T03:47:20.9785257Z",5,Advapi,SYSTEM
"Apr 18, 2025 @ 13:48:31.037",4624,"LAB3-11",Negotiate,1052,"2025-04-18T03:45:24.4076571Z",5,Advapi,SYSTEM
"Apr 18, 2025 @ 13:48:30.990",4624,"LAB3-11",Negotiate,1052,"2025-04-18T03:45:24.3839799Z",5,Advapi,SYSTEM
"Apr 18, 2025 @ 13:48:30.942",4624,"LAB3-11",Negotiate,1052,"2025-04-18T03:45:19.6473121Z",5,Advapi,SYSTEM
"Apr 18, 2025 @ 13:48:30.896",4624,"LAB3-11",Negotiate,1052,"2025-04-18T03:45:11.8748405Z",5,Advapi,SYSTEM
"Apr 18, 2025 @ 13:48:30.868",4624,"LAB3-11",Negotiate,1052,"2025-04-18T03:45:11.6978896Z",5,Advapi,SYSTEM
"Apr 18, 2025 @ 13:48:30.817",4624,"LAB3-11",Negotiate,1052,"2025-04-18T03:43:10.5925613Z",5,Advapi,"SQLTELEMETRY$SQLEXPRESS"
"Apr 18, 2025 @ 13:48:30.713",4624,"LAB3-11",Negotiate,1052,"2025-04-18T03:43:10.3738714Z",5,Advapi,SQLTELEMETRY
"Apr 18, 2025 @ 13:48:30.629",4624,"LAB3-11",Negotiate,1052,"2025-04-18T03:43:09.2235437Z",5,Advapi,SYSTEM
"Apr 18, 2025 @ 13:48:30.552",4624,"LAB3-11",Negotiate,1052,"2025-04-18T03:43:07.9055296Z",5,Advapi,MSSQLSERVER
"Apr 18, 2025 @ 13:48:30.456",4624,"LAB3-11",Negotiate,1052,"2025-04-18T03:43:06.8284743Z",5,Advapi,"MSSQL$SQLEXPRESS"
"Apr 18, 2025 @ 13:48:30.362",4624,"LAB3-11",Negotiate,1052,"2025-04-18T03:42:54.8672693Z",5,Advapi,SYSTEM
"Apr 18, 2025 @ 13:48:30.319",4624,"LAB3-11",Negotiate,1052,"2025-04-18T03:42:24.2360953Z",5,Advapi,SYSTEM
"Apr 18, 2025 @ 13:48:30.286",4624,"LAB3-11",Negotiate,1052,"2025-04-18T03:42:23.2201357Z",5,Advapi,SYSTEM
"Apr 18, 2025 @ 13:48:30.235",4624,"LAB3-11",Negotiate,1052,"2025-04-18T03:42:22.2883953Z",5,Advapi,SYSTEM
"Apr 18, 2025 @ 13:48:30.173",4624,"LAB3-11",Negotiate,1052,"2025-04-18T03:42:22.2861391Z",5,Advapi,SYSTEM
"Apr 18, 2025 @ 13:48:30.095",4624,"LAB3-11",Negotiate,1052,"2025-04-18T03:42:22.2857308Z",5,Advapi,SYSTEM
"Apr 18, 2025 @ 13:48:30.016",4624,"LAB3-11",Negotiate,1052,"2025-04-18T03:42:22.2844755Z",5,Advapi,SYSTEM
"Apr 18, 2025 @ 13:48:29.970",4624,"LAB3-11",Negotiate,1052,"2025-04-18T03:42:22.2840895Z",5,Advapi,SYSTEM
"Apr 18, 2025 @ 13:48:29.939",4624,"LAB3-11",Negotiate,1052,"2025-04-18T03:42:22.2824109Z",5,Advapi,SYSTEM
"Apr 18, 2025 @ 13:48:29.892",4624,"LAB3-11",Negotiate,1052,"2025-04-18T03:42:21.7698729Z",5,Advapi,SYSTEM
"Apr 18, 2025 @ 13:48:29.830",4624,"LAB3-11",Negotiate,1052,"2025-04-18T03:42:20.5615824Z",5,Advapi,SYSTEM
"Apr 18, 2025 @ 13:48:29.788",4624,"LAB3-11",Negotiate,1052,"2025-04-18T03:42:06.7233249Z",5,Advapi,SYSTEM
"Apr 18, 2025 @ 13:48:29.756",4624,"LAB3-11",Negotiate,1052,"2025-04-18T03:42:06.6957373Z",5,Advapi,SYSTEM
"Apr 18, 2025 @ 13:48:29.710",4624,"LAB3-11",Negotiate,1052,"2025-04-18T03:42:03.1109149Z",5,Advapi,SYSTEM
"Apr 18, 2025 @ 13:48:29.667",4624,"LAB3-11",Negotiate,1052,"2025-04-18T03:42:01.7584719Z",5,Advapi,SYSTEM
"Apr 18, 2025 @ 13:48:29.620",4624,"LAB3-11",Negotiate,1052,"2025-04-18T03:41:58.4599458Z",5,Advapi,SYSTEM
"Apr 18, 2025 @ 13:48:29.542",4624,"LAB3-11",Negotiate,1052,"2025-04-18T03:41:58.4561261Z",5,Advapi,SYSTEM
"Apr 18, 2025 @ 13:48:29.512",4624,"LAB3-11",Negotiate,1052,"2025-04-18T03:41:58.4557351Z",5,Advapi,SYSTEM
"Apr 18, 2025 @ 13:48:29.465",4624,"LAB3-11",Negotiate,1052,"2025-04-18T03:41:58.4545519Z",5,Advapi,SYSTEM
"Apr 18, 2025 @ 13:48:29.450",4624,"LAB3-11",Negotiate,1052,"2025-04-18T03:41:58.4541515Z",5,Advapi,SYSTEM
"Apr 18, 2025 @ 13:48:29.449",4624,"CP-AKT-000210",Negotiate,1044,"2025-04-18T08:49:18.0617570Z",5,Advapi,SYSTEM
"Apr 18, 2025 @ 13:48:29.448",4624,"CP-AKT-000210",Negotiate,1044,"2025-04-18T08:35:15.2535269Z",5,Advapi,SYSTEM
"Apr 18, 2025 @ 13:48:29.448",4624,"LAB3-11",Negotiate,1052,"2025-04-18T03:41:54.4553220Z",5,Advapi,SYSTEM
"Apr 18, 2025 @ 13:48:29.448",4624,"LAB3-11",Negotiate,1052,"2025-04-18T03:41:58.4507986Z",5,Advapi,SYSTEM
"Apr 18, 2025 @ 13:48:29.447",4624,"LAB3-11",Negotiate,1052,"2025-04-18T03:41:54.2894310Z",5,Advapi,SYSTEM
"Apr 18, 2025 @ 13:48:29.447",4624,"CP-AKT-000210",Negotiate,1044,"2025-04-18T08:34:17.7788430Z",5,Advapi,SYSTEM
"Apr 18, 2025 @ 13:48:29.446",4624,"CP-AKT-000210",Negotiate,1044,"2025-04-18T08:26:59.7856696Z",5,Advapi,SYSTEM
"Apr 18, 2025 @ 13:48:29.446",4624,"LAB3-11",Negotiate,1052,"2025-04-18T03:41:54.1803410Z",5,Advapi,SYSTEM
"Apr 18, 2025 @ 13:48:29.445",4624,"LAB3-11",Negotiate,1052,"2025-04-18T03:41:53.9818005Z",5,Advapi,SYSTEM
"Apr 18, 2025 @ 13:48:29.445",4624,"CP-AKT-000210",Negotiate,1044,"2025-04-18T08:26:55.4227539Z",5,Advapi,SYSTEM
"Apr 18, 2025 @ 13:48:29.444",4624,"CP-AKT-000210",Negotiate,1044,"2025-04-18T08:16:38.0318249Z",5,Advapi,SYSTEM
"Apr 18, 2025 @ 13:48:29.443",4624,"CP-AKT-000210",Negotiate,1044,"2025-04-18T08:16:37.1687266Z",5,Advapi,SYSTEM
"Apr 18, 2025 @ 13:48:29.443",4624,"CP-AKT-000210",Negotiate,1044,"2025-04-18T08:15:47.4658927Z",5,Advapi,SYSTEM
"Apr 18, 2025 @ 13:48:29.443",4624,"LAB3-11",Kerberos,1052,"2025-04-18T03:41:53.8351799Z",3,Kerberos,"LAB3-11$"
"Apr 18, 2025 @ 13:48:28.968",4624,"CP-AKT-000210",Negotiate,1044,"2025-04-18T08:15:04.9475266Z",5,Advapi,SYSTEM
"Apr 18, 2025 @ 13:48:28.918",4624,"CP-AKT-000210",Negotiate,1044,"2025-04-18T08:13:18.9449050Z",5,Advapi,SYSTEM
"Apr 18, 2025 @ 13:48:28.869",4624,"CP-AKT-000210",Negotiate,1044,"2025-04-18T08:13:03.2700155Z",5,Advapi,SYSTEM
"Apr 18, 2025 @ 13:48:28.851",4624,"CP-AKT-000210",Negotiate,1044,"2025-04-18T08:13:02.5272949Z",5,Advapi,SYSTEM
"Apr 18, 2025 @ 13:48:28.802",4624,"CP-AKT-000210",Negotiate,1044,"2025-04-18T08:10:36.5926669Z",5,Advapi,SYSTEM
"Apr 18, 2025 @ 13:48:28.752",4624,"CP-AKT-000210",Negotiate,1044,"2025-04-18T07:59:19.4205885Z",5,Advapi,SYSTEM
"Apr 18, 2025 @ 13:48:28.721",4624,"CP-AKT-000210",Negotiate,1044,"2025-04-18T07:56:36.9764589Z",5,Advapi,SYSTEM
"Apr 18, 2025 @ 13:48:28.695",4624,"LAB3-11",Kerberos,1052,"2025-04-18T03:41:53.5150261Z",3,Kerberos,"LAB3-11$"
"Apr 18, 2025 @ 13:48:28.685",4624,"CP-AKT-000210",Negotiate,1044,"2025-04-18T07:56:03.8130113Z",5,Advapi,SYSTEM
"Apr 18, 2025 @ 13:48:28.635",4624,"CP-AKT-000210",Negotiate,1044,"2025-04-18T07:54:59.8890924Z",5,Advapi,SYSTEM
"Apr 18, 2025 @ 13:48:28.600",4624,"LAB3-11",Negotiate,1052,"2025-04-18T03:41:53.4033244Z",5,Advapi,SYSTEM
"Apr 18, 2025 @ 13:48:28.569",4624,"CP-AKT-000210",Negotiate,1044,"2025-04-18T07:54:59.7178296Z",5,Advapi,SYSTEM
"Apr 18, 2025 @ 13:48:28.523",4624,"CP-AKT-000210",Negotiate,1044,"2025-04-18T07:54:59.4010797Z",5,Advapi,SYSTEM
"Apr 18, 2025 @ 13:48:28.522",4624,"LAB3-11",Kerberos,1052,"2025-04-18T03:41:53.2412745Z",3,Kerberos,"LAB3-11$"
"Apr 18, 2025 @ 13:48:28.500",4624,"CP-AKT-000210",Negotiate,1044,"2025-04-18T07:50:21.0474330Z",5,Advapi,SYSTEM
"Apr 18, 2025 @ 13:48:28.435",4624,"CP-AKT-000210",Negotiate,1044,"2025-04-18T07:50:21.0071870Z",5,Advapi,SYSTEM
"Apr 18, 2025 @ 13:48:28.426",4624,"LAB3-11",Negotiate,1052,"2025-04-18T03:41:53.1492828Z",5,Advapi,SYSTEM
"Apr 18, 2025 @ 13:48:28.385",4624,"CP-AKT-000210",Negotiate,1044,"2025-04-18T07:47:30.9944522Z",5,Advapi,SYSTEM
"Apr 18, 2025 @ 13:48:28.378",4624,"LAB3-11",Negotiate,1052,"2025-04-18T03:41:52.8237424Z",5,Advapi,SYSTEM
"Apr 18, 2025 @ 13:48:28.351",4624,"CP-AKT-000210",Negotiate,1044,"2025-04-18T07:45:39.7205575Z",5,Advapi,SYSTEM
"Apr 18, 2025 @ 13:48:28.344",4624,"LAB3-11",Kerberos,1052,"2025-04-18T03:41:52.8016234Z",3,Kerberos,"LAB3-11$"
"Apr 18, 2025 @ 13:48:28.319",4624,"CP-AKT-000210",Negotiate,1044,"2025-04-18T07:45:04.2642235Z",5,Advapi,SYSTEM
"Apr 18, 2025 @ 13:48:28.296",4624,"LAB3-11",Negotiate,1052,"2025-04-18T03:41:52.7274131Z",5,Advapi,SYSTEM
"Apr 18, 2025 @ 13:48:28.286",4624,"CP-AKT-000210",Negotiate,1044,"2025-04-18T07:44:59.4069851Z",5,Advapi,SYSTEM
"Apr 18, 2025 @ 13:48:28.255",4624,"LAB3-11",Negotiate,1052,"2025-04-18T03:41:52.6720413Z",5,Advapi,SYSTEM
"Apr 18, 2025 @ 13:48:28.252",4624,"CP-AKT-000210",Negotiate,1044,"2025-04-18T07:41:59.8042469Z",5,Advapi,SYSTEM
"Apr 18, 2025 @ 13:48:28.207",4624,"LAB3-11",Negotiate,1052,"2025-04-18T03:41:52.6716399Z",5,Advapi,SYSTEM
"Apr 18, 2025 @ 13:48:28.152",4624,"CP-AKT-000210",Negotiate,1044,"2025-04-18T07:40:31.4042043Z",5,Advapi,SYSTEM
"Apr 18, 2025 @ 13:48:28.086",4624,"CP-AKT-000210",Negotiate,1044,"2025-04-18T07:40:31.3786926Z",5,Advapi,SYSTEM
"Apr 18, 2025 @ 13:48:28.067",4624,"LAB3-11",Negotiate,1052,"2025-04-17T11:02:30.4848736Z",5,Advapi,SYSTEM
"Apr 18, 2025 @ 13:48:28.053",4624,"CP-AKT-000210",Negotiate,1044,"2025-04-18T07:40:29.1656892Z",5,Advapi,SYSTEM
"Apr 18, 2025 @ 13:48:28.020",4624,"LAB3-11",Negotiate,1052,"2025-04-17T11:02:30.4330998Z",5,Advapi,SYSTEM
"Apr 18, 2025 @ 13:48:28.001",4624,"CP-AKT-000210",Negotiate,1044,"2025-04-18T07:40:22.4960037Z",5,Advapi,SYSTEM
"Apr 18, 2025 @ 13:48:27.974",4624,"LAB3-11",Negotiate,1052,"2025-04-17T11:02:30.4330597Z",5,Advapi,SYSTEM
"Apr 18, 2025 @ 13:48:27.971",4624,"CP-AKT-000210",Negotiate,1044,"2025-04-18T07:40:22.0028392Z",5,Advapi,SYSTEM
"Apr 18, 2025 @ 13:48:27.935",4624,"CP-AKT-000210",Negotiate,1044,"2025-04-18T07:40:07.0118282Z",5,Advapi,SYSTEM
"Apr 18, 2025 @ 13:48:27.927",4624,"LAB3-11",Negotiate,1052,"2025-04-17T11:02:02.6897062Z",5,Advapi,SYSTEM
"Apr 18, 2025 @ 13:48:27.885",4624,"CP-AKT-000210",Negotiate,1044,"2025-04-18T07:40:06.2760138Z",5,Advapi,SYSTEM
"Apr 18, 2025 @ 13:48:27.865",4624,"LAB3-11",Negotiate,1052,"2025-04-17T11:02:02.1167634Z",5,Advapi,SYSTEM
"Apr 18, 2025 @ 13:48:27.835",4624,"CP-AKT-000210",Negotiate,1044,"2025-04-18T07:40:03.9104497Z",5,Advapi,SYSTEM
"Apr 18, 2025 @ 13:48:27.818",4624,"LAB3-11",Negotiate,1052,"2025-04-17T11:02:02.0843225Z",11,User32,"ack.user"
"Apr 18, 2025 @ 13:48:27.784",4624,"CP-AKT-000210",Negotiate,1044,"2025-04-18T07:40:03.8562757Z",5,Advapi,SYSTEM
"Apr 18, 2025 @ 13:48:27.735",4624,"CP-AKT-000210",Negotiate,1044,"2025-04-18T07:40:01.0114556Z",5,Advapi,SYSTEM
"Apr 18, 2025 @ 13:48:27.711",4624,"LAB3-11",Negotiate,1052,"2025-04-17T11:02:01.3651214Z",5,Advapi,SYSTEM
"Apr 18, 2025 @ 13:48:27.685",4624,"CP-AKT-000210",Negotiate,1044,"2025-04-18T07:39:59.9404890Z",5,Advapi,SYSTEM
"Apr 18, 2025 @ 13:48:27.635",4624,"CP-AKT-000210",Negotiate,1044,"2025-04-18T07:39:59.2176154Z",5,Advapi,SYSTEM
"Apr 18, 2025 @ 13:48:27.602",4624,"CP-AKT-000210",Negotiate,1044,"2025-04-18T07:39:59.0311554Z",5,Advapi,SYSTEM
"Apr 18, 2025 @ 13:48:27.551",4624,"CP-AKT-000210",Negotiate,1044,"2025-04-18T07:39:58.8742807Z",5,Advapi,SYSTEM
"Apr 18, 2025 @ 13:48:27.519",4624,"CP-AKT-000210",Negotiate,1044,"2025-04-18T07:39:58.7586122Z",5,Advapi,SYSTEM
"Apr 18, 2025 @ 13:48:27.485",4624,"CP-AKT-000210",Negotiate,1044,"2025-04-18T07:39:57.9931681Z",2,User32,"ics24f.0075"
"Apr 18, 2025 @ 13:48:27.368",4624,"CP-AKT-000210",Negotiate,1044,"2025-04-18T07:39:54.8731732Z",5,Advapi,SYSTEM
"Apr 18, 2025 @ 13:48:27.318",4624,"CP-AKT-000210",Negotiate,1044,"2025-04-18T07:39:54.6761205Z",2,Advapi,"ics24f.0075"
"Apr 18, 2025 @ 13:48:27.268",4625,"CP-AKT-000210",Negotiate,1044,"2025-04-18T07:39:34.2300035Z",2,User32,"ics24f.0075"
"Apr 18, 2025 @ 13:48:27.185",4624,"CP-AKT-000210",Negotiate,1044,"2025-04-18T07:30:33.5169824Z",5,Advapi,SYSTEM
"Apr 18, 2025 @ 13:48:27.152",4624,"CP-AKT-000210",Negotiate,1044,"2025-04-18T07:27:57.0497697Z",5,Advapi,SYSTEM
"Apr 18, 2025 @ 13:48:27.068",4624,"CP-AKT-000210",Kerberos,1044,"2025-04-18T07:27:05.3819073Z",3,Kerberos,"CP-AKT-000210$"
"Apr 18, 2025 @ 13:48:26.986",4624,"CP-AKT-000210",Kerberos,1044,"2025-04-18T07:27:05.1959131Z",3,Kerberos,"CP-AKT-000210$"
"Apr 18, 2025 @ 13:48:26.952",4624,"CP-AKT-000210",Negotiate,1044,"2025-04-18T07:25:53.1306084Z",5,Advapi,SYSTEM
"Apr 18, 2025 @ 13:48:26.918",4625,"CP-AKT-000210",Negotiate,1044,"2025-04-18T07:23:17.7176894Z",2,User32,"amsht23f.0019"
"Apr 18, 2025 @ 13:48:26.883",4625,"CP-AKT-000210",Negotiate,1044,"2025-04-18T07:23:16.7354308Z",2,User32,"amsht23f.0019"
"Apr 18, 2025 @ 13:48:26.836",4625,"CP-AKT-000210",Negotiate,1044,"2025-04-18T07:23:15.4741322Z",2,User32,"amsht23f.0019"
"Apr 18, 2025 @ 13:48:26.785",4625,"CP-AKT-000210",Negotiate,1044,"2025-04-18T07:23:14.1153722Z",2,User32,"amsht23f.0019"
"Apr 18, 2025 @ 13:48:26.752",4624,"CP-AKT-000210",Negotiate,1044,"2025-04-18T07:17:53.4904562Z",5,Advapi,SYSTEM
"Apr 18, 2025 @ 13:48:26.716",4625,"CP-AKT-000210",Negotiate,1044,"2025-04-18T07:16:20.5342994Z",2,User32,"amsht23f.0019"
"Apr 18, 2025 @ 13:48:26.668",4625,"CP-AKT-000210",Negotiate,1044,"2025-04-18T07:16:19.5168006Z",2,User32,"amsht23f.0019"
"Apr 18, 2025 @ 13:48:26.619",4625,"CP-AKT-000210",Negotiate,1044,"2025-04-18T07:16:18.7299498Z",2,User32,"amsht23f.0019"
"Apr 18, 2025 @ 13:48:26.586",4624,"CP-AKT-000210",Negotiate,1044,"2025-04-18T07:16:00.9690644Z",5,Advapi,SYSTEM
"Apr 18, 2025 @ 13:48:26.520",4625,"CP-AKT-000210",Negotiate,1044,"2025-04-18T07:15:49.0757232Z",2,User32,"amsht23f.0019"
"Apr 18, 2025 @ 13:48:26.486",4625,"CP-AKT-000210",Negotiate,1044,"2025-04-18T07:15:47.7403865Z",2,User32,"amsht23f.0019"
"Apr 18, 2025 @ 13:48:26.468",4625,"CP-AKT-000210",Negotiate,1044,"2025-04-18T07:15:45.9648762Z",2,User32,"amsht23f.0019"
"Apr 18, 2025 @ 13:48:26.419",4624,"CP-AKT-000210",Negotiate,1044,"2025-04-18T07:12:59.1784463Z",5,Advapi,SYSTEM
"Apr 18, 2025 @ 13:48:26.351",4624,"CP-AKT-000210",Negotiate,1044,"2025-04-18T07:10:41.7819895Z",5,Advapi,SYSTEM
"Apr 18, 2025 @ 13:48:26.301",4624,"CP-AKT-000210",Negotiate,1044,"2025-04-18T07:08:08.8850826Z",5,Advapi,SYSTEM
"Apr 18, 2025 @ 13:48:26.236",4625,"CP-AKT-000210",Negotiate,1044,"2025-04-18T07:04:07.6659051Z",2,User32,"CP-AKT-000210"
"Apr 18, 2025 @ 13:48:26.219",4624,"CP-AKT-000210",Negotiate,1044,"2025-04-18T07:04:02.4857723Z",5,Advapi,SYSTEM
"Apr 18, 2025 @ 13:48:26.186",4624,"CP-AKT-000210",Negotiate,1044,"2025-04-18T06:56:52.3925216Z",5,Advapi,SYSTEM
"Apr 18, 2025 @ 13:48:26.118",4624,"CP-AKT-000210",Negotiate,1044,"2025-04-18T06:54:46.9165754Z",5,Advapi,SYSTEM
"Apr 18, 2025 @ 13:48:26.069",4624,"CP-AKT-000210",Negotiate,1044,"2025-04-18T06:51:27.6643986Z",5,Advapi,SYSTEM
"Apr 18, 2025 @ 13:48:26.018",4624,"CP-AKT-000210",Negotiate,1044,"2025-04-18T06:50:46.0194950Z",5,Advapi,SYSTEM
"Apr 18, 2025 @ 13:48:25.969",4624,"CP-AKT-000210",Negotiate,1044,"2025-04-18T06:50:45.9698626Z",5,Advapi,SYSTEM
"Apr 18, 2025 @ 13:48:25.701",4624,"CP-AKT-000210",Kerberos,1044,"2025-04-18T06:49:21.2673703Z",3,Kerberos,"ADMANAGER$"
"Apr 18, 2025 @ 13:48:25.668",4624,"CP-AKT-000210",NTLM,1044,"2025-04-18T06:49:21.2607588Z",3,NtLmSsp,"ADMANAGER$"
"Apr 18, 2025 @ 13:48:25.620",4624,"CP-AKT-000210",Kerberos,1044,"2025-04-18T06:49:21.1200591Z",3,Kerberos,Administrator
"Apr 18, 2025 @ 13:48:25.586",4624,"CP-AKT-000210",Kerberos,1044,"2025-04-18T06:49:21.1035969Z",3,Kerberos,Administrator
"Apr 18, 2025 @ 13:48:25.418",4624,"CP-AKT-000210",Negotiate,1044,"2025-04-18T06:38:18.4366467Z",5,Advapi,SYSTEM
"Apr 18, 2025 @ 13:48:25.336",4624,"CP-AKT-000210",Negotiate,1044,"2025-04-18T06:34:37.3796045Z",5,Advapi,SYSTEM
"Apr 18, 2025 @ 13:48:25.317",4624,"CP-AKT-000210",Negotiate,1044,"2025-04-18T06:32:48.3105200Z",5,Advapi,SYSTEM
"Apr 18, 2025 @ 13:48:25.204",4624,"CP-AKT-000210",Negotiate,1044,"2025-04-18T06:19:18.6344637Z",5,Advapi,SYSTEM
"Apr 18, 2025 @ 13:48:25.185",4624,"CP-AKT-000210",Negotiate,1044,"2025-04-18T06:14:12.8578356Z",5,Advapi,SYSTEM
"Apr 18, 2025 @ 13:48:25.102",4624,"CP-AKT-000210",Negotiate,1044,"2025-04-18T06:12:15.4009116Z",5,Advapi,SYSTEM
"Apr 18, 2025 @ 13:48:25.069",4624,"CP-AKT-000210",NTLM,1044,"2025-04-18T05:47:59.2917085Z",3,NtLmSsp,Administrator
"Apr 18, 2025 @ 13:48:25.069",4625,"LAB3-10",Negotiate,1056,"2025-04-18T08:32:26.6351478Z",2,User32,"ics23f.0104"
"Apr 18, 2025 @ 13:48:25.068",4625,"LAB3-10",Negotiate,1056,"2025-04-18T08:31:58.9783074Z",2,User32,"ics23f.0104"
"Apr 18, 2025 @ 13:48:25.053",4625,"LAB3-10",Negotiate,1056,"2025-04-18T08:31:36.5436170Z",2,User32,"ics23f.0104"
"Apr 18, 2025 @ 13:48:25.051",4624,"CP-AKT-000210",Negotiate,1044,"2025-04-18T06:12:13.9006624Z",5,Advapi,SYSTEM
"Apr 18, 2025 @ 13:48:25.036",4625,"LAB3-10",Negotiate,1056,"2025-04-18T08:31:27.8451961Z",2,User32,"ics23f.0104"
"Apr 18, 2025 @ 13:48:25.033",4624,"LAB3-10",Negotiate,1056,"2025-04-18T08:28:08.1099840Z",5,Advapi,SYSTEM
"Apr 18, 2025 @ 13:48:25.018",4625,"LAB3-10",Negotiate,1056,"2025-04-18T08:19:54.6404597Z",2,User32,"Akhuwat@123"
"Apr 18, 2025 @ 13:48:25.017",4624,"CP-AKT-000210",Negotiate,1044,"2025-04-18T06:09:51.6619685Z",5,Advapi,SYSTEM
"Apr 18, 2025 @ 13:48:25.001",4625,"LAB3-10",Negotiate,1056,"2025-04-18T08:19:53.9367855Z",2,User32,"Akhuwat@123"
"Apr 18, 2025 @ 13:48:24.985",4625,"LAB3-10",Negotiate,1056,"2025-04-18T08:19:53.4406030Z",2,User32,"Akhuwat@123"
"Apr 18, 2025 @ 13:48:24.982",4625,"LAB3-10",Negotiate,1056,"2025-04-18T08:19:51.3754152Z",2,User32,"Akhuwat@123"
"Apr 18, 2025 @ 13:48:24.971",4624,"CP-AKT-000210",Negotiate,1044,"2025-04-18T06:09:29.5014859Z",5,Advapi,SYSTEM
"Apr 18, 2025 @ 13:48:24.966",4625,"LAB3-10",Negotiate,1056,"2025-04-18T08:19:50.7409016Z",2,User32,"Akhuwat@123"
"Apr 18, 2025 @ 13:48:24.935",4624,"CP-AKT-000210",Negotiate,1044,"2025-04-18T06:06:37.7367730Z",5,Advapi,SYSTEM
"Apr 18, 2025 @ 13:48:24.902",4624,"CP-AKT-000210",Negotiate,1044,"2025-04-18T06:06:09.7928391Z",5,Advapi,SYSTEM
"Apr 18, 2025 @ 13:48:24.901",4624,"LAB3-10",NTLM,1056,"2025-04-18T08:19:35.4223497Z",3,NtLmSsp,"ADMANAGER$"
"Apr 18, 2025 @ 13:48:24.901",4624,"LAB3-10",Kerberos,1056,"2025-04-18T08:19:35.4290784Z",3,Kerberos,"ADMANAGER$"
"Apr 18, 2025 @ 13:48:24.901",4624,"LAB3-10",Kerberos,1056,"2025-04-18T08:19:35.2845146Z",3,Kerberos,Administrator
"Apr 18, 2025 @ 13:48:24.884",4624,"LAB3-10",Kerberos,1056,"2025-04-18T08:19:35.2612655Z",3,Kerberos,Administrator
"Apr 18, 2025 @ 13:48:24.868",4625,"LAB3-10",Negotiate,1056,"2025-04-18T08:19:34.4599715Z",2,User32,"Akhuwat@123"
"Apr 18, 2025 @ 13:48:24.868",4625,"CP-AKT-000210",Negotiate,1044,"2025-04-18T06:05:50.2367593Z",2,User32,"amsht23f.0019"
"Apr 18, 2025 @ 13:48:24.867",4625,"LAB3-10",Negotiate,1056,"2025-04-18T08:17:31.4578889Z",2,User32,"bseco23f.0057"
"Apr 18, 2025 @ 13:48:24.851",4625,"LAB3-10",Negotiate,1056,"2025-04-18T08:17:15.9984611Z",2,User32,"bseco23f.0057"
"Apr 18, 2025 @ 13:48:24.835",4624,"CP-AKT-000210",Negotiate,1044,"2025-04-18T04:48:46.4993136Z",5,Advapi,SYSTEM
"Apr 18, 2025 @ 13:48:24.835",4625,"CP-AKT-000210",Negotiate,1044,"2025-04-18T06:05:49.9343325Z",2,User32,"amsht23f.0019"
"Apr 18, 2025 @ 13:48:24.834",4625,"LAB3-10",Negotiate,1056,"2025-04-18T08:16:35.1792769Z",2,User32,"bseco23f.0057"
"Apr 18, 2025 @ 13:48:24.817",4624,"LAB3-10",Negotiate,1056,"2025-04-18T08:14:15.2703341Z",5,Advapi,SYSTEM
"Apr 18, 2025 @ 13:48:24.800",4625,"LAB3-10",Negotiate,1056,"2025-04-18T08:13:45.2036196Z",2,User32,AKHUWAT
"Apr 18, 2025 @ 13:48:24.786",4625,"CP-AKT-000210",Negotiate,1044,"2025-04-18T06:05:49.6867291Z",2,User32,"amsht23f.0019"
"Apr 18, 2025 @ 13:48:24.785",4625,"LAB3-10",Negotiate,1056,"2025-04-18T08:13:31.8402782Z",2,User32,AKHUWAT
"Apr 18, 2025 @ 13:48:24.767",4625,"LAB3-10",Negotiate,1056,"2025-04-18T08:13:10.7267670Z",2,User32,"bseco23f.0057"
"Apr 18, 2025 @ 13:48:24.767",4625,"LAB3-10",Negotiate,1056,"2025-04-18T08:12:33.3505021Z",2,User32,"bseco23f.0057"
"Apr 18, 2025 @ 13:48:24.752",4625,"CP-AKT-000210",Negotiate,1044,"2025-04-18T06:05:49.3326547Z",2,User32,"amsht23f.0019"
"Apr 18, 2025 @ 13:48:24.751",4624,"LAB3-10",Negotiate,1056,"2025-04-18T08:12:21.9432146Z",5,Advapi,SYSTEM
"Apr 18, 2025 @ 13:48:24.736",4625,"LAB3-10",Negotiate,1056,"2025-04-18T08:08:20.5234864Z",2,User32,"bseco23f.0057"
"Apr 18, 2025 @ 13:48:24.732",4624,"LAB3-10",Negotiate,1056,"2025-04-18T07:46:16.7208174Z",5,Advapi,SYSTEM
"Apr 18, 2025 @ 13:48:24.719",4624,"LAB3-10",Negotiate,1056,"2025-04-18T07:39:19.1882104Z",5,Advapi,SYSTEM
"Apr 18, 2025 @ 13:48:24.702",4625,"CP-AKT-000210",Negotiate,1044,"2025-04-18T06:05:49.0850022Z",2,User32,"amsht23f.0019"
"Apr 18, 2025 @ 13:48:24.685",4624,"LAB3-10",Negotiate,1056,"2025-04-18T07:35:01.0694907Z",5,Advapi,SYSTEM
"Apr 18, 2025 @ 13:48:24.670",4624,"CP-AKT-000210",Kerberos,1044,"2025-04-18T04:45:18.4630208Z",3,Kerberos,"ADMANAGER$"
"Apr 18, 2025 @ 13:48:24.666",4624,"LAB3-10",Negotiate,1056,"2025-04-18T07:29:27.8147307Z",5,Advapi,SYSTEM
"Apr 18, 2025 @ 13:48:24.653",4625,"CP-AKT-000210",Negotiate,1044,"2025-04-18T06:05:48.7380395Z",2,User32,"amsht23f.0019"
"Apr 18, 2025 @ 13:48:24.652",4624,"LAB3-10",Negotiate,1056,"2025-04-18T07:28:50.1723241Z",5,Advapi,SYSTEM
"Apr 18, 2025 @ 13:48:24.620",4624,"CP-AKT-000210",NTLM,1044,"2025-04-18T04:45:18.4531773Z",3,NtLmSsp,"ADMANAGER$"
"Apr 18, 2025 @ 13:48:24.619",4624,"LAB3-10",Kerberos,1056,"2025-04-18T07:19:05.1505230Z",3,Kerberos,"LAB3-10$"
"Apr 18, 2025 @ 13:48:24.601",4624,"LAB3-10",Kerberos,1056,"2025-04-18T07:19:04.6937881Z",3,Kerberos,"LAB3-10$"
"Apr 18, 2025 @ 13:48:24.595",4624,"CP-AKT-000210",Kerberos,1044,"2025-04-18T04:45:18.4057978Z",3,Kerberos,Administrator
"Apr 18, 2025 @ 13:48:24.586",4624,"CP-AKT-000210",Kerberos,1044,"2025-04-18T04:45:18.2963155Z",3,Kerberos,Administrator
"Apr 18, 2025 @ 13:48:24.586",4625,"CP-AKT-000210",Negotiate,1044,"2025-04-18T06:04:35.8906529Z",2,User32,"amsht23f.0019"
"Apr 18, 2025 @ 13:48:24.569",4624,"CP-AKT-000210",Negotiate,1044,"2025-04-18T04:41:07.7494241Z",5,Advapi,SYSTEM
"Apr 18, 2025 @ 13:48:24.553",4625,"CP-AKT-000210",Negotiate,1044,"2025-04-18T06:04:34.4158174Z",2,User32,"amsht23f.0019"
"Apr 18, 2025 @ 13:48:24.551",4624,"LAB3-10",Kerberos,1056,"2025-04-18T07:17:11.7132532Z",3,Kerberos,"ADMANAGER$"
"Apr 18, 2025 @ 13:48:24.535",4624,"LAB3-10",NTLM,1056,"2025-04-18T07:17:11.7060130Z",3,NtLmSsp,"ADMANAGER$"
"Apr 18, 2025 @ 13:48:24.519",4624,"LAB3-10",Kerberos,1056,"2025-04-18T07:17:11.5755409Z",3,Kerberos,Administrator
"Apr 18, 2025 @ 13:48:24.519",4625,"CP-AKT-000210",Negotiate,1044,"2025-04-18T06:04:33.6249830Z",2,User32,"amsht23f.0019"
"Apr 18, 2025 @ 13:48:24.518",4624,"CP-AKT-000210",Negotiate,1044,"2025-04-18T04:37:19.6408318Z",5,Advapi,SYSTEM
"Apr 18, 2025 @ 13:48:24.517",4624,"LAB3-10",Kerberos,1056,"2025-04-18T07:17:11.5570510Z",3,Kerberos,Administrator
"Apr 18, 2025 @ 13:48:24.501",4624,"LAB3-10",Negotiate,1056,"2025-04-18T06:45:23.6807896Z",5,Advapi,SYSTEM
"Apr 18, 2025 @ 13:48:24.486",4625,"CP-AKT-000210",Negotiate,1044,"2025-04-18T06:04:32.7850719Z",2,User32,"amsht23f.0019"
"Apr 18, 2025 @ 13:48:24.473",4624,"CP-AKT-000210",Negotiate,1044,"2025-04-18T04:33:41.1640811Z",5,Advapi,SYSTEM
"Apr 18, 2025 @ 13:48:24.453",4625,"CP-AKT-000210",Negotiate,1044,"2025-04-18T06:04:29.4255553Z",2,User32,"amsht23f.0019"
"Apr 18, 2025 @ 13:48:24.419",4625,"CP-AKT-000210",Negotiate,1044,"2025-04-18T06:04:14.1415382Z",2,User32,"amsht23f.0019"
"Apr 18, 2025 @ 13:48:24.418",4624,"LAB3-10",Kerberos,1056,"2025-04-18T06:16:01.9525828Z",3,Kerberos,"ADMANAGER$"
"Apr 18, 2025 @ 13:48:24.418",4624,"CP-AKT-000210",Negotiate,1044,"2025-04-18T04:33:14.1999196Z",5,Advapi,SYSTEM
"Apr 18, 2025 @ 13:48:24.403",4624,"LAB3-10",NTLM,1056,"2025-04-18T06:16:01.9429253Z",3,NtLmSsp,"ADMANAGER$"
"Apr 18, 2025 @ 13:48:24.400",4624,"LAB3-10",Kerberos,1056,"2025-04-18T06:16:01.8173346Z",3,Kerberos,Administrator
"Apr 18, 2025 @ 13:48:24.385",4624,"LAB3-10",Kerberos,1056,"2025-04-18T06:16:01.7974363Z",3,Kerberos,Administrator
"Apr 18, 2025 @ 13:48:24.382",4624,"LAB3-10",Negotiate,1056,"2025-04-18T05:45:23.7907101Z",5,Advapi,SYSTEM
"Apr 18, 2025 @ 13:48:24.370",4624,"LAB3-10",Negotiate,1056,"2025-04-18T05:37:49.2201504Z",5,Advapi,SYSTEM
"Apr 18, 2025 @ 13:48:24.369",4624,"CP-AKT-000210",Negotiate,1044,"2025-04-18T06:02:53.4272617Z",5,Advapi,SYSTEM
"Apr 18, 2025 @ 13:48:24.368",4624,"LAB3-10",Negotiate,1056,"2025-04-18T05:37:44.8180684Z",5,Advapi,SYSTEM
"Apr 18, 2025 @ 13:48:24.367",4624,"CP-AKT-000210",Negotiate,1044,"2025-04-18T04:31:43.0840376Z",5,Advapi,SYSTEM
"Apr 18, 2025 @ 13:48:24.353",4624,"CP-AKT-000210",Negotiate,1044,"2025-04-18T06:02:51.0135480Z",5,Advapi,SYSTEM
"Apr 18, 2025 @ 13:48:24.352",4624,"LAB3-10",Negotiate,1056,"2025-04-18T05:37:27.4212217Z",5,Advapi,SYSTEM
"Apr 18, 2025 @ 13:48:24.336",4624,"CP-AKT-000210",Negotiate,1044,"2025-04-18T05:59:21.0790453Z",5,Advapi,SYSTEM
"Apr 18, 2025 @ 13:48:24.333",4624,"LAB3-10",Kerberos,1056,"2025-04-18T05:21:05.4662804Z",3,Kerberos,"LAB3-10$"
"Apr 18, 2025 @ 13:48:24.319",4624,"CP-AKT-000210",Negotiate,1044,"2025-04-18T04:27:04.3440282Z",5,Advapi,SYSTEM
"Apr 18, 2025 @ 13:48:24.315",4624,"LAB3-10",Kerberos,1056,"2025-04-18T05:21:05.0418885Z",3,Kerberos,"LAB3-10$"
"Apr 18, 2025 @ 13:48:24.270",4624,"LAB3-10",Kerberos,1056,"2025-04-18T05:13:41.8783585Z",3,Kerberos,"ADMANAGER$"
"Apr 18, 2025 @ 13:48:24.265",4624,"LAB3-10",NTLM,1056,"2025-04-18T05:13:41.8726678Z",3,NtLmSsp,"ADMANAGER$"
"Apr 18, 2025 @ 13:48:24.253",4624,"CP-AKT-000210",Kerberos,1044,"2025-04-18T05:58:50.8281208Z",3,Kerberos,"CP-AKT-000210$"
"Apr 18, 2025 @ 13:48:24.250",4624,"LAB3-10",Kerberos,1056,"2025-04-18T05:13:41.8500815Z",3,Kerberos,Administrator
"Apr 18, 2025 @ 13:48:24.235",4624,"LAB3-10",Kerberos,1056,"2025-04-18T05:13:41.8317320Z",3,Kerberos,Administrator
"Apr 18, 2025 @ 13:48:24.232",4624,"LAB3-10",Negotiate,1056,"2025-04-18T04:49:27.8351774Z",5,Advapi,SYSTEM
"Apr 18, 2025 @ 13:48:24.218",4624,"LAB3-10",Negotiate,1056,"2025-04-18T04:45:24.0123918Z",5,Advapi,SYSTEM
"Apr 18, 2025 @ 13:48:24.218",4624,"CP-AKT-000210",Negotiate,1044,"2025-04-18T04:27:04.2801347Z",5,Advapi,SYSTEM
"Apr 18, 2025 @ 13:48:24.198",4624,"LAB3-10",Negotiate,1056,"2025-04-18T04:31:35.7958129Z",5,Advapi,SYSTEM
"Apr 18, 2025 @ 13:48:24.174",4624,"CP-AKT-000210",Kerberos,1044,"2025-04-18T05:58:50.6109435Z",3,Kerberos,"CP-AKT-000210$"
"Apr 18, 2025 @ 13:48:24.169",4624,"CP-AKT-000210",Negotiate,1044,"2025-04-18T04:26:35.4655529Z",5,Advapi,SYSTEM
"Apr 18, 2025 @ 13:48:24.156",4624,"CP-AKT-000210",Negotiate,1044,"2025-04-18T05:58:50.5883650Z",5,Advapi,SYSTEM
"Apr 18, 2025 @ 13:48:24.151",4624,"LAB3-10",Kerberos,1056,"2025-04-18T04:12:43.7504730Z",3,Kerberos,"ADMANAGER$"
"Apr 18, 2025 @ 13:48:24.137",4624,"LAB3-10",NTLM,1056,"2025-04-18T04:12:43.7454755Z",3,NtLmSsp,"ADMANAGER$"
"Apr 18, 2025 @ 13:48:24.135",4624,"CP-AKT-000210",Negotiate,1044,"2025-04-18T05:56:52.7555397Z",5,Advapi,SYSTEM
"Apr 18, 2025 @ 13:48:24.118",4624,"LAB3-10",Kerberos,1056,"2025-04-18T04:12:43.7216585Z",3,Kerberos,Administrator
"Apr 18, 2025 @ 13:48:24.103",4624,"LAB3-10",Kerberos,1056,"2025-04-18T04:12:43.6234017Z",3,Kerberos,Administrator
"Apr 18, 2025 @ 13:48:24.100",4624,"LAB3-10",Negotiate,1056,"2025-04-18T04:00:17.3418801Z",5,Advapi,SYSTEM
"Apr 18, 2025 @ 13:48:24.087",4624,"LAB3-10",Negotiate,1056,"2025-04-18T03:57:42.4614679Z",5,Advapi,SYSTEM
"Apr 18, 2025 @ 13:48:24.087",4624,"LAB3-10",Negotiate,1056,"2025-04-18T08:49:13.8486668Z",5,Advapi,SYSTEM
"Apr 18, 2025 @ 13:48:24.085",4624,"CP-AKT-000210",Negotiate,1044,"2025-04-18T05:52:54.0630927Z",5,Advapi,SYSTEM
"Apr 18, 2025 @ 13:48:24.082",4624,"LAB3-10",Negotiate,1056,"2025-04-18T08:49:13.7794095Z",5,Advapi,SYSTEM
"Apr 18, 2025 @ 13:48:24.082",4624,"LAB3-10",Negotiate,1056,"2025-04-18T03:57:23.7365206Z",5,Advapi,SYSTEM
"Apr 18, 2025 @ 13:48:24.069",4624,"CP-AKT-000210",Negotiate,1044,"2025-04-18T04:18:05.3759350Z",5,Advapi,SYSTEM
"Apr 18, 2025 @ 13:48:24.069",4624,"LAB3-10",Negotiate,1056,"2025-04-18T03:56:12.5071028Z",5,Advapi,SYSTEM
"Apr 18, 2025 @ 13:48:24.068",4624,"LAB3-10",Negotiate,1056,"2025-04-18T08:48:10.1759891Z",5,Advapi,SYSTEM
"Apr 18, 2025 @ 13:48:24.065",4624,"LAB3-10",Negotiate,1056,"2025-04-18T03:56:11.5756472Z",5,Advapi,SYSTEM
"Apr 18, 2025 @ 13:48:24.053",4624,"LAB3-10",Negotiate,1056,"2025-04-18T08:48:09.7752160Z",5,Advapi,SYSTEM
"Apr 18, 2025 @ 13:48:24.052",4624,"CP-AKT-000210",Negotiate,1044,"2025-04-18T05:52:50.7708630Z",5,Advapi,SYSTEM
"Apr 18, 2025 @ 13:48:24.051",4624,"LAB3-10",Negotiate,1056,"2025-04-18T08:48:09.7208708Z",5,Advapi,SYSTEM
"Apr 18, 2025 @ 13:48:24.051",4624,"LAB3-10",Negotiate,1056,"2025-04-18T08:43:31.1696430Z",5,Advapi,SYSTEM
"Apr 18, 2025 @ 13:48:24.048",4624,"LAB3-10",Negotiate,1056,"2025-04-18T03:54:34.5971994Z",5,Advapi,SYSTEM
"Apr 18, 2025 @ 13:48:24.035",4624,"LAB3-10",Negotiate,1056,"2025-04-18T08:43:31.1085431Z",5,Advapi,SYSTEM
"Apr 18, 2025 @ 13:48:24.034",4624,"LAB3-10",Negotiate,1056,"2025-04-18T03:50:16.4655452Z",5,Advapi,SYSTEM
"Apr 18, 2025 @ 13:48:24.019",4624,"LAB3-10",Negotiate,1056,"2025-04-18T08:42:05.2541079Z",5,Advapi,SYSTEM
"Apr 18, 2025 @ 13:48:24.019",4624,"LAB3-10",Negotiate,1056,"2025-04-18T03:50:15.3095448Z",5,Advapi,SYSTEM
"Apr 18, 2025 @ 13:48:24.018",4624,"LAB3-10",Negotiate,1056,"2025-04-18T03:49:45.7590624Z",5,Advapi,SYSTEM
"Apr 18, 2025 @ 13:48:24.017",4624,"LAB3-10",Negotiate,1056,"2025-04-18T08:38:49.4914462Z",5,Advapi,SYSTEM
"Apr 18, 2025 @ 13:48:24.004",4624,"CP-AKT-000210",Negotiate,1044,"2025-04-18T04:10:28.1753887Z",5,Advapi,SYSTEM
"Apr 18, 2025 @ 13:48:24.002",4624,"LAB3-10",Negotiate,1056,"2025-04-18T03:49:45.4486777Z",5,Advapi,SYSTEM
"Apr 18, 2025 @ 13:48:24.002",4624,"LAB3-10",Negotiate,1056,"2025-04-18T08:38:36.5621451Z",5,Advapi,SYSTEM
"Apr 18, 2025 @ 13:48:23.987",4624,"LAB3-10",Negotiate,1056,"2025-04-18T03:49:43.3149529Z",5,Advapi,SYSTEM
"Apr 18, 2025 @ 13:48:23.986",4624,"LAB3-10",Negotiate,1056,"2025-04-18T08:38:14.3912370Z",5,Advapi,SYSTEM
"Apr 18, 2025 @ 13:48:23.982",4624,"LAB3-10",Negotiate,1056,"2025-04-18T03:47:57.6723317Z",5,Advapi,SYSTEM
"Apr 18, 2025 @ 13:48:23.970",4624,"LAB3-10",Negotiate,1056,"2025-04-18T08:38:09.6785751Z",5,Advapi,SYSTEM
"Apr 18, 2025 @ 13:48:23.968",4624,"CP-AKT-000210",Negotiate,1044,"2025-04-18T04:07:19.8539323Z",5,Advapi,SYSTEM
"Apr 18, 2025 @ 13:48:23.968",4624,"LAB3-10",Negotiate,1056,"2025-04-18T03:45:54.2037519Z",5,Advapi,SYSTEM
"Apr 18, 2025 @ 13:48:23.968",4624,"LAB3-10",Negotiate,1056,"2025-04-18T08:36:30.5567325Z",5,Advapi,SYSTEM
"Apr 18, 2025 @ 13:48:23.953",4624,"LAB3-10",Negotiate,1056,"2025-04-18T03:45:46.8096609Z",5,Advapi,SYSTEM
"Apr 18, 2025 @ 13:48:23.952",4624,"LAB3-10",Negotiate,1056,"2025-04-18T08:34:24.9757693Z",5,Advapi,SYSTEM
"Apr 18, 2025 @ 13:48:23.948",4624,"LAB3-10",Negotiate,1056,"2025-04-18T03:45:23.4924969Z",5,Advapi,SYSTEM
"Apr 18, 2025 @ 13:48:23.935",4624,"LAB3-10",Negotiate,1056,"2025-04-18T08:34:19.7391179Z",5,Advapi,SYSTEM
"Apr 18, 2025 @ 13:48:23.935",4624,"LAB3-10",Negotiate,1056,"2025-04-18T08:34:24.9536159Z",5,Advapi,SYSTEM
"Apr 18, 2025 @ 13:48:23.933",4624,"LAB3-10",Negotiate,1056,"2025-04-18T03:45:23.2273226Z",5,Advapi,SYSTEM
"Apr 18, 2025 @ 13:48:23.918",4624,"CP-AKT-000210",Negotiate,1044,"2025-04-18T04:07:14.3775167Z",5,Advapi,SYSTEM
"Apr 18, 2025 @ 13:48:23.916",4624,"LAB3-10",Negotiate,1056,"2025-04-18T03:42:01.8092542Z",5,Advapi,SYSTEM
"Apr 18, 2025 @ 13:48:23.911",4624,"LAB3-10",Negotiate,1056,"2025-04-18T03:42:01.2406381Z",5,Advapi,"SQLTELEMETRY$SQLEXPRESS"
"Apr 18, 2025 @ 13:48:23.903",4624,"LAB3-10",Negotiate,1056,"2025-04-18T08:33:32.1472374Z",5,Advapi,SYSTEM
"Apr 18, 2025 @ 13:48:23.901",4624,"LAB3-10",Negotiate,1056,"2025-04-18T08:33:31.7298571Z",5,Advapi,SYSTEM
"Apr 18, 2025 @ 13:48:23.901",4624,"LAB3-10",Negotiate,1056,"2025-04-18T08:33:17.0086107Z",5,Advapi,SYSTEM
"Apr 18, 2025 @ 13:48:23.899",4624,"LAB3-10",Negotiate,1056,"2025-04-18T03:42:01.0062546Z",5,Advapi,SQLTELEMETRY
"Apr 18, 2025 @ 13:48:23.885",4624,"LAB3-10",Negotiate,1056,"2025-04-18T08:33:15.6226593Z",5,Advapi,SYSTEM
"Apr 18, 2025 @ 13:48:23.883",4624,"CP-AKT-000210",Negotiate,1044,"2025-04-18T04:06:30.0607028Z",5,Advapi,SYSTEM
"Apr 18, 2025 @ 13:48:23.868",4624,"LAB3-10",Negotiate,1056,"2025-04-18T08:33:14.0742610Z",5,Advapi,SYSTEM
"Apr 18, 2025 @ 13:48:23.864",4624,"LAB3-10",Negotiate,1056,"2025-04-18T03:41:59.6525319Z",5,Advapi,SYSTEM
"Apr 18, 2025 @ 13:48:23.852",4624,"LAB3-10",Negotiate,1056,"2025-04-18T08:33:13.9194361Z",5,Advapi,SYSTEM
"Apr 18, 2025 @ 13:48:23.849",4624,"LAB3-10",Negotiate,1056,"2025-04-18T08:33:13.8822985Z",5,Advapi,SYSTEM
"Apr 18, 2025 @ 13:48:23.847",4624,"LAB3-10",Negotiate,1056,"2025-04-18T03:41:58.3343038Z",5,Advapi,MSSQLSERVER
"Apr 18, 2025 @ 13:48:23.836",4624,"LAB3-10",Negotiate,1056,"2025-04-18T08:33:11.2484487Z",5,Advapi,SYSTEM
"Apr 18, 2025 @ 13:48:23.834",4624,"LAB3-10",Negotiate,1056,"2025-04-18T08:33:10.2582421Z",5,Advapi,SYSTEM
"Apr 18, 2025 @ 13:48:23.822",4624,"CP-AKT-000210",Kerberos,1044,"2025-04-18T05:47:59.3207174Z",3,Kerberos,"ADMANAGER$"
"Apr 18, 2025 @ 13:48:23.819",4624,"CP-AKT-000210",Negotiate,1044,"2025-04-18T04:06:24.9929868Z",5,Advapi,SYSTEM
"Apr 18, 2025 @ 13:48:23.818",4624,"LAB3-10",Negotiate,1056,"2025-04-18T08:33:09.4753626Z",5,Advapi,SYSTEM
"Apr 18, 2025 @ 13:48:23.814",4624,"LAB3-10",Negotiate,1056,"2025-04-18T03:41:57.0710027Z",5,Advapi,"MSSQL$SQLEXPRESS"
"Apr 18, 2025 @ 13:48:23.803",4624,"LAB3-10",Negotiate,1056,"2025-04-18T08:33:09.2849361Z",5,Advapi,SYSTEM
"Apr 18, 2025 @ 13:48:23.801",4624,"LAB3-10",Negotiate,1056,"2025-04-18T08:33:09.1360185Z",5,Advapi,SYSTEM
"Apr 18, 2025 @ 13:48:23.788",4624,"CP-AKT-000210",NTLM,1044,"2025-04-18T05:47:59.3166892Z",3,NtLmSsp,"ADMANAGER$"
"Apr 18, 2025 @ 13:48:23.787",4624,"CP-AKT-000210",Negotiate,1044,"2025-04-18T04:06:23.7610103Z",5,Advapi,SYSTEM
"Apr 18, 2025 @ 13:48:23.787",4624,"LAB3-10",Negotiate,1056,"2025-04-18T08:33:09.0220591Z",5,Advapi,SYSTEM
"Apr 18, 2025 @ 13:48:23.784",4624,"LAB3-10",Negotiate,1056,"2025-04-18T08:33:08.3249200Z",2,User32,"ics23f.0104"
"Apr 18, 2025 @ 13:48:23.781",4624,"LAB3-10",Negotiate,1056,"2025-04-18T03:41:47.2324445Z",5,Advapi,SYSTEM
"Apr 18, 2025 @ 13:48:23.771",4625,"LAB3-10",Negotiate,1056,"2025-04-18T03:41:19.0360526Z",2,User32,"Test User"
"Apr 18, 2025 @ 13:48:23.764",4625,"LAB3-10",Negotiate,1056,"2025-04-18T03:41:04.2280672Z",2,User32,"Test User"
"Apr 18, 2025 @ 13:48:23.752",4624,"LAB3-10",Negotiate,1056,"2025-04-18T08:33:06.1670297Z",5,Advapi,SYSTEM
"Apr 18, 2025 @ 13:48:23.752",4624,"CP-AKT-000210",Kerberos,1044,"2025-04-18T05:47:59.3080027Z",3,Kerberos,Administrator
"Apr 18, 2025 @ 13:48:23.751",4624,"CP-AKT-000210",Negotiate,1044,"2025-04-18T04:00:29.3790246Z",5,Advapi,SYSTEM
"Apr 18, 2025 @ 13:48:23.747",4624,"LAB3-10",Negotiate,1056,"2025-04-18T03:40:55.6549448Z",5,Advapi,SYSTEM
"Apr 18, 2025 @ 13:48:23.732",4624,"LAB3-10",Negotiate,1056,"2025-04-18T08:33:05.7292372Z",2,Advapi,"ics23f.0104"
"Apr 18, 2025 @ 13:48:23.730",4624,"LAB3-10",Negotiate,1056,"2025-04-18T03:40:55.6265702Z",5,Advapi,SYSTEM
"Apr 18, 2025 @ 13:48:23.714",4624,"LAB3-10",Negotiate,1056,"2025-04-18T03:40:54.3299547Z",5,Advapi,SYSTEM
"Apr 18, 2025 @ 13:48:23.702",4624,"CP-AKT-000210",Negotiate,1044,"2025-04-18T04:00:02.2476402Z",5,Advapi,SYSTEM
"Apr 18, 2025 @ 13:48:23.698",4624,"LAB3-10",Negotiate,1056,"2025-04-18T03:40:47.8755691Z",5,Advapi,SYSTEM
"Apr 18, 2025 @ 13:48:23.694",4624,"LAB3-10",Negotiate,1056,"2025-04-18T03:40:47.7663679Z",5,Advapi,SYSTEM
"Apr 18, 2025 @ 13:48:23.679",4624,"LAB3-10",Negotiate,1056,"2025-04-18T03:40:47.4003462Z",5,Advapi,SYSTEM
"Apr 18, 2025 @ 13:48:23.652",4624,"CP-AKT-000210",Negotiate,1044,"2025-04-18T04:00:01.7366850Z",5,Advapi,SYSTEM
"Apr 18, 2025 @ 13:48:23.617",4624,"CP-AKT-000210",Negotiate,1044,"2025-04-18T03:58:45.6901361Z",5,Advapi,SYSTEM
"Apr 18, 2025 @ 13:48:23.568",4624,"CP-AKT-000210",Negotiate,1044,"2025-04-18T03:58:45.4429224Z",5,Advapi,SYSTEM
"Apr 18, 2025 @ 13:48:23.565",4624,"LAB3-10",Kerberos,1056,"2025-04-18T03:40:46.3292050Z",3,Kerberos,"LAB3-10$"
"Apr 18, 2025 @ 13:48:23.530",4624,"LAB3-10",Kerberos,1056,"2025-04-18T03:40:46.2945365Z",3,Kerberos,"LAB3-10$"
"Apr 18, 2025 @ 13:48:23.520",4624,"CP-AKT-000210",Negotiate,1044,"2025-04-18T03:58:45.2541377Z",5,Advapi,SYSTEM
"Apr 18, 2025 @ 13:48:23.497",4624,"LAB3-10",Kerberos,1056,"2025-04-18T03:40:46.0914728Z",3,Kerberos,"LAB3-10$"
"Apr 18, 2025 @ 13:48:23.463",4624,"LAB3-10",Negotiate,1056,"2025-04-18T03:40:46.0016623Z",5,Advapi,SYSTEM
"Apr 18, 2025 @ 13:48:23.453",4624,"CP-AKT-000210",Negotiate,1044,"2025-04-18T03:58:44.8739884Z",5,Advapi,"SQLTELEMETRY$SQLEXPRESS"
"Apr 18, 2025 @ 13:48:23.448",4624,"LAB3-10",Kerberos,1056,"2025-04-18T03:40:45.9099823Z",3,Kerberos,"LAB3-10$"
"Apr 18, 2025 @ 13:48:23.428",4624,"LAB3-10",Negotiate,1056,"2025-04-18T03:40:45.9076018Z",5,Advapi,SYSTEM
"Apr 18, 2025 @ 13:48:23.418",4624,"CP-AKT-000210",Negotiate,1044,"2025-04-18T03:58:44.6472129Z",5,Advapi,"SQLTELEMETRY$MSSQLSERVER01"
"Apr 18, 2025 @ 13:48:23.413",4624,"LAB3-10",Negotiate,1056,"2025-04-18T03:40:45.8491373Z",5,Advapi,SYSTEM
"Apr 18, 2025 @ 13:48:23.397",4624,"LAB3-10",Negotiate,1056,"2025-04-18T03:40:45.8397404Z",5,Advapi,SYSTEM
"Apr 18, 2025 @ 13:48:23.364",4625,"LAB3-10",Negotiate,1056,"2025-04-17T17:33:21.0712069Z",2,User32,"bseco23f.0057"
"Apr 18, 2025 @ 13:48:23.352",4624,"CP-AKT-000210",Negotiate,1044,"2025-04-18T03:58:44.4030336Z",5,Advapi,SQLTELEMETRY
"Apr 18, 2025 @ 13:48:23.348",4624,"LAB3-10",Negotiate,1056,"2025-04-17T17:33:21.0443822Z",5,Advapi,SYSTEM
"Apr 18, 2025 @ 13:48:23.332",4624,"LAB3-10",Negotiate,1056,"2025-04-17T17:33:03.4417844Z",5,Advapi,SYSTEM
"Apr 18, 2025 @ 13:48:23.317",4624,"LAB3-10",Negotiate,1056,"2025-04-17T17:33:03.3979104Z",5,Advapi,SYSTEM
"Apr 18, 2025 @ 13:48:23.301",4624,"LAB3-10",Negotiate,1056,"2025-04-17T17:33:03.3978189Z",5,Advapi,SYSTEM
"Apr 18, 2025 @ 13:48:23.285",4625,"LAB3-10",Negotiate,1056,"2025-04-17T17:32:52.7034125Z",2,User32,"bseco23f.0057"
"Apr 18, 2025 @ 13:48:23.282",4625,"LAB3-10",Negotiate,1056,"2025-04-17T17:32:42.7813364Z",2,User32,"bseco23f.0057"
"Apr 18, 2025 @ 13:48:23.274",4624,"LAB3-10",Negotiate,1056,"2025-04-17T17:32:36.6453657Z",5,Advapi,SYSTEM
"Apr 18, 2025 @ 13:48:23.272",4624,"LAB3-10",Negotiate,1056,"2025-04-17T17:32:36.4020099Z",5,Advapi,SYSTEM
"Apr 18, 2025 @ 13:48:23.269",4624,"CP-AKT-000210",Negotiate,1044,"2025-04-18T03:58:43.0030703Z",5,Advapi,SYSTEM
"Apr 18, 2025 @ 13:48:23.266",4624,"LAB3-10",Negotiate,1056,"2025-04-17T17:32:35.6694985Z",5,Advapi,SYSTEM
"Apr 18, 2025 @ 13:48:23.202",4624,"CP-AKT-000210",Negotiate,1044,"2025-04-18T03:58:41.2789306Z",5,Advapi,MSSQLSERVER
"Apr 18, 2025 @ 13:48:23.101",4624,"CP-AKT-000210",Negotiate,1044,"2025-04-18T03:58:39.6853757Z",5,Advapi,"MSSQL$SQLEXPRESS"
"Apr 18, 2025 @ 13:48:23.002",4624,"CP-AKT-000210",Negotiate,1044,"2025-04-18T03:58:38.1640088Z",5,Advapi,"MSSQL$MSSQLSERVER01"
"Apr 18, 2025 @ 13:48:22.919",4624,"CP-AKT-000210",Negotiate,1044,"2025-04-18T03:57:36.7501484Z",5,Advapi,SYSTEM
"Apr 18, 2025 @ 13:48:22.884",4624,"CP-AKT-000210",Negotiate,1044,"2025-04-18T03:57:33.3896273Z",5,Advapi,SYSTEM
"Apr 18, 2025 @ 13:48:22.836",4624,"CP-AKT-000210",Negotiate,1044,"2025-04-18T03:57:33.3557717Z",5,Advapi,SYSTEM
"Apr 18, 2025 @ 13:48:22.818",4624,"CP-AKT-000210",Negotiate,1044,"2025-04-18T03:57:33.2934061Z",5,Advapi,SYSTEM
"Apr 18, 2025 @ 13:48:22.752",4624,"CP-AKT-000210",Negotiate,1044,"2025-04-18T03:57:23.3314960Z",5,Advapi,SYSTEM
"Apr 18, 2025 @ 13:48:22.703",4624,"CP-AKT-000210",Negotiate,1044,"2025-04-18T03:57:03.1830724Z",5,Advapi,SYSTEM
"Apr 18, 2025 @ 13:48:22.657",4624,"CP-AKT-000210",Negotiate,1044,"2025-04-18T03:57:03.1315760Z",5,Advapi,SYSTEM
"Apr 18, 2025 @ 13:48:22.620",4624,"CP-AKT-000210",Negotiate,1044,"2025-04-18T03:57:03.1314667Z",5,Advapi,SYSTEM
"Apr 18, 2025 @ 13:48:22.535",4624,"CP-AKT-000210",Kerberos,1044,"2025-04-18T03:57:03.0944226Z",3,Kerberos,"CP-AKT-000210$"
"Apr 18, 2025 @ 13:48:22.437",4624,"CP-AKT-000210",Kerberos,1044,"2025-04-18T03:57:02.6924340Z",3,Kerberos,"CP-AKT-000210$"
"Apr 18, 2025 @ 13:48:22.419",4624,"CP-AKT-000210",Negotiate,1044,"2025-04-18T03:56:40.0832154Z",5,Advapi,SYSTEM
"Apr 18, 2025 @ 13:48:22.368",4624,"CP-AKT-000210",Negotiate,1044,"2025-04-18T03:56:38.3775430Z",5,Advapi,SYSTEM
"Apr 18, 2025 @ 13:48:22.302",4624,"CP-AKT-000210",Negotiate,1044,"2025-04-18T03:56:37.6532430Z",5,Advapi,SYSTEM
"Apr 18, 2025 @ 13:48:22.017",4624,"LAB3-18",Negotiate,1056,"2025-04-18T08:40:42.0189132Z",5,Advapi,SYSTEM
"Apr 18, 2025 @ 13:48:22.015",4624,"LAB3-18",Negotiate,1056,"2025-04-18T08:20:31.1419840Z",5,Advapi,SYSTEM
"Apr 18, 2025 @ 13:48:22.000",4624,"LAB3-18",Negotiate,1056,"2025-04-18T08:17:25.4751165Z",5,Advapi,SYSTEM
"Apr 18, 2025 @ 13:48:21.990",4624,"LAB3-18",Negotiate,1056,"2025-04-18T08:12:27.7706293Z",5,Advapi,SYSTEM
"Apr 18, 2025 @ 13:48:21.981",4624,"LAB3-18",Negotiate,1056,"2025-04-18T08:10:20.0951139Z",5,Advapi,SYSTEM
"Apr 18, 2025 @ 13:48:21.949",4624,"LAB3-18",Kerberos,1056,"2025-04-18T08:05:38.1686379Z",3,Kerberos,"LAB3-18$"
"Apr 18, 2025 @ 13:48:21.918",4624,"LAB3-18",Kerberos,1056,"2025-04-18T08:05:37.9294452Z",3,Kerberos,"LAB3-18$"
"Apr 18, 2025 @ 13:48:21.916",4624,"LAB3-18",Negotiate,1056,"2025-04-18T07:57:47.9834502Z",5,Advapi,SYSTEM
"Apr 18, 2025 @ 13:48:21.899",4624,"LAB3-18",Negotiate,1056,"2025-04-18T07:53:54.9662529Z",5,Advapi,SYSTEM
"Apr 18, 2025 @ 13:48:21.883",4624,"LAB3-18",Negotiate,1056,"2025-04-18T07:52:50.9786933Z",5,Advapi,SYSTEM
"Apr 18, 2025 @ 13:48:21.865",4624,"LAB3-18",Negotiate,1056,"2025-04-18T07:52:50.6070478Z",5,Advapi,SYSTEM
"Apr 18, 2025 @ 13:48:21.849",4624,"LAB3-18",Negotiate,1056,"2025-04-18T07:40:35.6736881Z",5,Advapi,SYSTEM
"Apr 18, 2025 @ 13:48:21.833",4624,"LAB3-18",Negotiate,1056,"2025-04-18T07:35:19.2622578Z",5,Advapi,SYSTEM
"Apr 18, 2025 @ 13:48:21.817",4624,"LAB3-18",Negotiate,1056,"2025-04-18T07:32:47.2201037Z",5,Advapi,SYSTEM
"Apr 18, 2025 @ 13:48:21.800",4624,"LAB3-18",Negotiate,1056,"2025-04-18T07:13:03.2250060Z",5,Advapi,SYSTEM
"Apr 18, 2025 @ 13:48:21.790",4624,"LAB3-18",Negotiate,1056,"2025-04-18T07:12:58.9068467Z",5,Advapi,SYSTEM
"Apr 18, 2025 @ 13:48:21.782",4624,"LAB3-18",Negotiate,1056,"2025-04-18T07:12:58.2012645Z",5,Advapi,SYSTEM
"Apr 18, 2025 @ 13:48:21.767",4624,"LAB3-18",Negotiate,1056,"2025-04-18T07:12:58.1803519Z",5,Advapi,SYSTEM
"Apr 18, 2025 @ 13:48:21.750",4624,"LAB3-18",Negotiate,1056,"2025-04-18T07:12:57.5626270Z",5,Advapi,SYSTEM
"Apr 18, 2025 @ 13:48:21.733",4624,"LAB3-18",Negotiate,1056,"2025-04-18T07:11:26.1751545Z",5,Advapi,SYSTEM
"Apr 18, 2025 @ 13:48:21.716",4624,"LAB3-18",Negotiate,1056,"2025-04-18T07:08:30.8022215Z",5,Advapi,SYSTEM
"Apr 18, 2025 @ 13:48:21.700",4624,"LAB3-18",Negotiate,1056,"2025-04-18T07:07:00.3245232Z",5,Advapi,SYSTEM
"Apr 18, 2025 @ 13:48:21.686",4624,"LAB3-18",Negotiate,1056,"2025-04-18T06:57:38.7426213Z",5,Advapi,SYSTEM
"Apr 18, 2025 @ 13:48:21.683",4624,"LAB3-18",Negotiate,1056,"2025-04-18T06:57:27.5992342Z",2,User32,"bsit22f.0005"
"Apr 18, 2025 @ 13:48:21.666",4624,"LAB3-18",Negotiate,1056,"2025-04-18T06:57:14.6199737Z",5,Advapi,SYSTEM
"Apr 18, 2025 @ 13:48:21.654",4624,"LAB3-18",Negotiate,1056,"2025-04-18T06:57:14.3975031Z",5,Advapi,SYSTEM
"Apr 18, 2025 @ 13:48:21.648",4624,"LAB3-18",Negotiate,1056,"2025-04-18T06:55:39.1124075Z",5,Advapi,SYSTEM
"Apr 18, 2025 @ 13:48:21.632",4624,"LAB3-18",Negotiate,1056,"2025-04-18T06:47:22.1543970Z",5,Advapi,SYSTEM
"Apr 18, 2025 @ 13:48:21.616",4624,"LAB3-18",Negotiate,1056,"2025-04-18T06:47:21.2553616Z",5,Advapi,SYSTEM
"Apr 18, 2025 @ 13:48:21.599",4624,"LAB3-18",Negotiate,1056,"2025-04-18T06:47:20.2641022Z",5,Advapi,SYSTEM
"Apr 18, 2025 @ 13:48:21.583",4624,"LAB3-18",Negotiate,1056,"2025-04-18T06:47:20.2622670Z",5,Advapi,SYSTEM
"Apr 18, 2025 @ 13:48:21.581",4624,"LAB3-18",Negotiate,1056,"2025-04-18T06:47:20.2618994Z",5,Advapi,SYSTEM
"Apr 18, 2025 @ 13:48:21.565",4624,"LAB3-18",Negotiate,1056,"2025-04-18T06:47:20.2608177Z",5,Advapi,SYSTEM
"Apr 18, 2025 @ 13:48:21.549",4624,"LAB3-18",Negotiate,1056,"2025-04-18T06:47:20.2604222Z",5,Advapi,SYSTEM
"Apr 18, 2025 @ 13:48:21.547",4624,"LAB3-18",Negotiate,1056,"2025-04-18T06:47:20.2594023Z",5,Advapi,SYSTEM
"Apr 18, 2025 @ 13:48:21.531",4624,"LAB3-18",Negotiate,1056,"2025-04-18T06:47:19.5201419Z",5,Advapi,SYSTEM
"Apr 18, 2025 @ 13:48:21.514",4624,"LAB3-18",Negotiate,1056,"2025-04-18T06:47:18.6506334Z",5,Advapi,SYSTEM
"Apr 18, 2025 @ 13:48:21.499",4624,"LAB3-18",Negotiate,1056,"2025-04-18T06:47:17.6889350Z",5,Advapi,SYSTEM
"Apr 18, 2025 @ 13:48:21.483",4624,"LAB3-18",Negotiate,1056,"2025-04-18T06:47:17.6828258Z",5,Advapi,SYSTEM
"Apr 18, 2025 @ 13:48:21.481",4624,"LAB3-18",Negotiate,1056,"2025-04-18T06:47:17.6819638Z",5,Advapi,SYSTEM
"Apr 18, 2025 @ 13:48:21.465",4624,"LAB3-18",Negotiate,1056,"2025-04-18T06:47:17.6790344Z",5,Advapi,SYSTEM
"Apr 18, 2025 @ 13:48:21.449",4624,"LAB3-18",Negotiate,1056,"2025-04-18T06:47:17.6781627Z",5,Advapi,SYSTEM
"Apr 18, 2025 @ 13:48:21.433",4624,"LAB3-18",Negotiate,1056,"2025-04-18T06:47:17.6734554Z",5,Advapi,SYSTEM
"Apr 18, 2025 @ 13:48:21.415",4624,"LAB3-18",Negotiate,1056,"2025-04-18T06:47:17.5130897Z",5,Advapi,SYSTEM
"Apr 18, 2025 @ 13:48:21.399",4624,"LAB3-18",Negotiate,1056,"2025-04-18T06:47:13.3197012Z",5,Advapi,SYSTEM
"Apr 18, 2025 @ 13:48:21.382",4624,"LAB3-18",Negotiate,1056,"2025-04-18T06:41:35.5333399Z",5,Advapi,SYSTEM
"Apr 18, 2025 @ 13:48:21.366",4624,"LAB3-18",Negotiate,1056,"2025-04-18T06:40:39.9848721Z",5,Advapi,SYSTEM
"Apr 18, 2025 @ 13:48:21.350",4624,"LAB3-18",Negotiate,1056,"2025-04-18T06:37:23.3894045Z",5,Advapi,SYSTEM
"Apr 18, 2025 @ 13:48:21.348",4624,"LAB3-18",Negotiate,1056,"2025-04-18T06:26:43.7748005Z",5,Advapi,SYSTEM
"Apr 18, 2025 @ 13:48:21.332",4624,"LAB3-18",Negotiate,1056,"2025-04-18T06:26:43.6207504Z",5,Advapi,SYSTEM
"Apr 18, 2025 @ 13:48:21.316",4624,"LAB3-18",Negotiate,1056,"2025-04-18T06:20:36.0461845Z",5,Advapi,SYSTEM
"Apr 18, 2025 @ 13:48:21.300",4624,"LAB3-18",Negotiate,1056,"2025-04-18T06:18:11.2640269Z",5,Advapi,SYSTEM
"Apr 18, 2025 @ 13:48:21.216",4624,"LAB3-18",Kerberos,1056,"2025-04-18T06:17:19.2970434Z",3,Kerberos,"LAB3-18$"
"Apr 18, 2025 @ 13:48:21.183",4624,"LAB3-18",Kerberos,1056,"2025-04-18T06:17:18.9952507Z",3,Kerberos,"LAB3-18$"
"Apr 18, 2025 @ 13:48:21.167",4624,"LAB3-18",Negotiate,1056,"2025-04-18T06:11:10.6071636Z",5,Advapi,SYSTEM
"Apr 18, 2025 @ 13:48:21.159",4624,"LAB3-18",Negotiate,1056,"2025-04-18T06:10:36.9407037Z",5,Advapi,SYSTEM
"Apr 18, 2025 @ 13:48:21.151",4624,"LAB3-18",Negotiate,1056,"2025-04-18T06:05:01.3371741Z",5,Advapi,SYSTEM
"Apr 18, 2025 @ 13:48:21.150",4624,"LAB3-18",Negotiate,1056,"2025-04-18T06:04:36.4936288Z",5,Advapi,SYSTEM
"Apr 18, 2025 @ 13:48:21.135",4624,"LAB3-18",Negotiate,1056,"2025-04-18T05:47:34.6155831Z",5,Advapi,SYSTEM
"Apr 18, 2025 @ 13:48:21.135",4624,"LAB3-18",Negotiate,1056,"2025-04-18T05:47:34.4095928Z",5,Advapi,SYSTEM
"Apr 18, 2025 @ 13:48:21.119",4624,"LAB3-18",Negotiate,1056,"2025-04-18T05:41:54.0275714Z",5,Advapi,SYSTEM
"Apr 18, 2025 @ 13:48:21.119",4624,"LAB3-18",Negotiate,1056,"2025-04-18T05:47:31.5066859Z",5,Advapi,SYSTEM
"Apr 18, 2025 @ 13:48:21.105",4624,"LAB3-18",Negotiate,1056,"2025-04-18T05:39:27.6650141Z",5,Advapi,SYSTEM
"Apr 18, 2025 @ 13:48:21.103",4624,"LAB3-18",Negotiate,1056,"2025-04-18T05:35:26.1813337Z",5,Advapi,SYSTEM
"Apr 18, 2025 @ 13:48:21.102",4624,"LAB3-18",Negotiate,1056,"2025-04-18T05:35:25.9282897Z",5,Advapi,SYSTEM
"Apr 18, 2025 @ 13:48:21.090",4624,"LAB3-18",Negotiate,1056,"2025-04-18T05:35:24.9409123Z",5,Advapi,SYSTEM
"Apr 18, 2025 @ 13:48:21.083",4624,"LAB3-18",Negotiate,1056,"2025-04-18T05:13:11.1128381Z",5,Advapi,SYSTEM
"Apr 18, 2025 @ 13:48:21.071",4624,"LAB3-18",Negotiate,1056,"2025-04-18T05:03:23.9960987Z",5,Advapi,SYSTEM
"Apr 18, 2025 @ 13:48:21.065",4624,"LAB3-18",Negotiate,1056,"2025-04-18T05:03:23.8833291Z",5,Advapi,SYSTEM
"Apr 18, 2025 @ 13:48:21.050",4624,"LAB3-18",Negotiate,1056,"2025-04-18T05:03:06.4432670Z",5,Advapi,SYSTEM
"Apr 18, 2025 @ 13:48:21.039",4624,"LAB3-18",Negotiate,1056,"2025-04-18T05:03:06.4211943Z",5,Advapi,SYSTEM
"Apr 18, 2025 @ 13:48:21.033",4624,"LAB3-18",Negotiate,1056,"2025-04-18T05:02:54.2391931Z",5,Advapi,SYSTEM
"Apr 18, 2025 @ 13:48:21.023",4624,"LAB3-18",Negotiate,1056,"2025-04-18T05:02:54.1452797Z",5,Advapi,SYSTEM
"Apr 18, 2025 @ 13:48:21.017",4624,"LAB3-18",Negotiate,1056,"2025-04-18T05:02:53.3545892Z",5,Advapi,SYSTEM
"Apr 18, 2025 @ 13:48:21.007",4624,"LAB3-18",Negotiate,1056,"2025-04-18T05:02:53.1627503Z",5,Advapi,SYSTEM
"Apr 18, 2025 @ 13:48:21.000",4624,"LAB3-18",Negotiate,1056,"2025-04-18T05:02:17.7478122Z",5,Advapi,SYSTEM
"Apr 18, 2025 @ 13:48:20.991",4624,"LAB3-18",Negotiate,1056,"2025-04-18T04:40:12.4105616Z",5,Advapi,SYSTEM
"Apr 18, 2025 @ 13:48:20.982",4624,"LAB3-18",Negotiate,1056,"2025-04-18T04:40:12.1312451Z",5,Advapi,SYSTEM
"Apr 18, 2025 @ 13:48:20.951",4624,"LAB3-18",Kerberos,1056,"2025-04-18T04:27:38.4679895Z",3,Kerberos,"LAB3-18$"
"Apr 18, 2025 @ 13:48:20.919",4624,"LAB3-18",Kerberos,1056,"2025-04-18T04:27:38.1473611Z",3,Kerberos,"LAB3-18$"
"Apr 18, 2025 @ 13:48:20.916",4624,"LAB3-18",Negotiate,1056,"2025-04-18T04:22:05.5625946Z",5,Advapi,SYSTEM
"Apr 18, 2025 @ 13:48:20.900",4624,"LAB3-18",Negotiate,1056,"2025-04-18T04:22:05.4868899Z",5,Advapi,SYSTEM
"Apr 18, 2025 @ 13:48:20.883",4624,"LAB3-18",Negotiate,1056,"2025-04-18T04:21:18.7534027Z",5,Advapi,SYSTEM
"Apr 18, 2025 @ 13:48:20.867",4624,"LAB3-18",Negotiate,1056,"2025-04-18T04:21:08.4114957Z",5,Advapi,SYSTEM
"Apr 18, 2025 @ 13:48:20.855",4624,"LAB3-18",Negotiate,1056,"2025-04-18T04:21:06.2808187Z",5,Advapi,SYSTEM
"Apr 18, 2025 @ 13:48:20.850",4624,"LAB3-18",Negotiate,1056,"2025-04-18T04:20:20.4258981Z",5,Advapi,SYSTEM
"Apr 18, 2025 @ 13:48:20.839",4624,"LAB3-18",Negotiate,1056,"2025-04-18T04:17:06.7827630Z",5,Advapi,SYSTEM
"Apr 18, 2025 @ 13:48:20.833",4624,"LAB3-18",Negotiate,1056,"2025-04-18T04:17:05.9039731Z",5,Advapi,SYSTEM
"Apr 18, 2025 @ 13:48:20.823",4624,"LAB3-18",Negotiate,1056,"2025-04-18T04:14:40.1160883Z",5,Advapi,SYSTEM
"Apr 18, 2025 @ 13:48:20.816",4624,"LAB3-18",Negotiate,1056,"2025-04-18T04:13:54.1940429Z",5,Advapi,SYSTEM
"Apr 18, 2025 @ 13:48:20.800",4624,"LAB3-18",Negotiate,1056,"2025-04-18T04:13:19.3335107Z",5,Advapi,SYSTEM
"Apr 18, 2025 @ 13:48:20.800",4624,"LAB3-18",Negotiate,1056,"2025-04-18T04:13:19.3038591Z",5,Advapi,SYSTEM
"Apr 18, 2025 @ 13:48:20.783",4624,"LAB3-18",Negotiate,1056,"2025-04-18T04:13:14.7646377Z",5,Advapi,SQLTELEMETRY
"Apr 18, 2025 @ 13:48:20.751",4624,"LAB3-18",Negotiate,1056,"2025-04-18T04:13:13.2759045Z",5,Advapi,MSSQLSERVER
"Apr 18, 2025 @ 13:48:20.733",4624,"LAB3-18",Negotiate,1056,"2025-04-18T04:13:12.0632981Z",5,Advapi,SYSTEM
"Apr 18, 2025 @ 13:48:20.718",4624,"LAB3-18",Negotiate,1056,"2025-04-18T04:12:36.3841305Z",5,Advapi,SYSTEM
"Apr 18, 2025 @ 13:48:20.698",4624,"LAB3-18",Negotiate,1056,"2025-04-18T04:12:20.6621309Z",5,Advapi,SYSTEM
"Apr 18, 2025 @ 13:48:20.683",4624,"LAB3-18",Negotiate,1056,"2025-04-18T04:12:20.6448433Z",5,Advapi,SYSTEM
"Apr 18, 2025 @ 13:48:20.666",4624,"LAB3-18",Negotiate,1056,"2025-04-18T04:12:20.5437165Z",5,Advapi,SYSTEM
"Apr 18, 2025 @ 13:48:20.649",4624,"LAB3-18",Negotiate,1056,"2025-04-18T04:12:12.7469497Z",5,Advapi,SYSTEM
"Apr 18, 2025 @ 13:48:20.632",4624,"LAB3-18",Negotiate,1056,"2025-04-18T04:12:12.5019433Z",5,Advapi,SYSTEM
"Apr 18, 2025 @ 13:48:20.615",4624,"LAB3-18",Negotiate,1056,"2025-04-18T04:12:10.0568438Z",5,Advapi,SYSTEM
"Apr 18, 2025 @ 13:48:20.600",4624,"LAB3-18",Negotiate,1056,"2025-04-18T04:12:07.7955057Z",5,Advapi,SYSTEM
"Apr 18, 2025 @ 13:48:20.583",4624,"LAB3-18",Negotiate,1056,"2025-04-18T04:12:07.6548946Z",5,Advapi,SYSTEM
"Apr 18, 2025 @ 13:48:20.550",4624,"LAB3-18",Kerberos,1056,"2025-04-18T04:12:07.2497408Z",3,Kerberos,"LAB3-18$"
"Apr 18, 2025 @ 13:48:20.517",4624,"LAB3-18",Kerberos,1056,"2025-04-18T04:12:07.1913984Z",3,Kerberos,"LAB3-18$"
"Apr 18, 2025 @ 13:48:20.483",4624,"LAB3-18",Kerberos,1056,"2025-04-18T04:12:06.9649372Z",3,Kerberos,"LAB3-18$"
"Apr 18, 2025 @ 13:48:20.451",4624,"LAB3-18",Negotiate,1056,"2025-04-18T04:12:06.7623711Z",5,Advapi,SYSTEM
"Apr 18, 2025 @ 13:48:20.450",4624,"LAB3-18",Kerberos,1056,"2025-04-18T04:12:06.5599924Z",3,Kerberos,"LAB3-18$"
"Apr 18, 2025 @ 13:48:20.433",4624,"LAB3-18",Negotiate,1056,"2025-04-18T04:12:06.5403096Z",5,Advapi,SYSTEM
"Apr 18, 2025 @ 13:48:20.417",4624,"LAB3-18",Negotiate,1056,"2025-04-18T04:12:06.4901349Z",5,Advapi,SYSTEM
"Apr 18, 2025 @ 13:48:20.416",4624,"LAB3-18",Negotiate,1056,"2025-04-18T04:12:06.3941344Z",5,Advapi,SYSTEM
"Apr 18, 2025 @ 13:48:20.400",4624,"LAB3-18",Negotiate,1056,"2025-04-18T04:12:06.3403152Z",5,Advapi,SYSTEM
"Apr 18, 2025 @ 13:48:20.383",4624,"LAB3-18",Negotiate,1056,"2025-04-18T04:12:06.3312135Z",5,Advapi,SYSTEM
"Apr 18, 2025 @ 13:48:20.349",4624,"LAB3-18",Negotiate,1056,"2025-04-17T17:33:51.7638470Z",5,Advapi,SYSTEM
"Apr 18, 2025 @ 13:48:20.333",4624,"LAB3-18",Negotiate,1056,"2025-04-17T17:33:51.6370718Z",5,Advapi,SYSTEM
"Apr 18, 2025 @ 13:48:20.316",4624,"LAB3-18",Negotiate,1056,"2025-04-17T17:33:50.6833847Z",5,Advapi,SYSTEM
"Apr 18, 2025 @ 13:48:20.300",4624,"LAB3-18",Negotiate,1056,"2025-04-17T17:33:50.0685375Z",5,Advapi,SYSTEM
"Apr 18, 2025 @ 13:48:20.283",4624,"LAB3-18",Negotiate,1056,"2025-04-17T17:33:49.7457675Z",5,Advapi,SYSTEM
"Apr 18, 2025 @ 13:48:20.251",4624,"LAB3-18",Negotiate,1056,"2025-04-17T17:33:36.3932877Z",5,Advapi,SYSTEM
"Apr 18, 2025 @ 13:48:20.232",4624,"LAB3-18",Negotiate,1056,"2025-04-17T17:33:36.3439398Z",5,Advapi,SYSTEM
"Apr 18, 2025 @ 13:48:20.217",4624,"LAB3-18",Negotiate,1056,"2025-04-17T17:33:36.3417930Z",5,Advapi,SYSTEM
"Apr 18, 2025 @ 13:48:20.199",4624,"LAB3-18",NTLM,1056,"2025-04-17T17:33:36.1654656Z",3,NtLmSsp,Administrator
"Apr 18, 2025 @ 13:48:20.184",4624,"LAB3-18",Negotiate,1056,"2025-04-17T17:33:07.9664942Z",11,User32,"bsit22f.0005"
"Apr 18, 2025 @ 13:48:20.167",4624,"LAB3-18",Negotiate,1056,"2025-04-17T17:33:00.8997585Z",5,Advapi,SYSTEM
"Apr 18, 2025 @ 13:48:20.150",4624,"LAB3-18",Negotiate,1056,"2025-04-17T17:33:00.6613035Z",5,Advapi,SYSTEM
"Apr 18, 2025 @ 13:48:20.136",4624,"LAB3-18",Negotiate,1056,"2025-04-17T17:32:59.9682396Z",5,Advapi,SYSTEM
"Apr 18, 2025 @ 13:48:20.134",4624,"LAB3-18",Negotiate,1056,"2025-04-17T17:32:58.5857187Z",5,Advapi,SYSTEM
"Apr 18, 2025 @ 13:48:20.119",4624,"LAB3-18",Negotiate,1056,"2025-04-17T17:32:58.4754482Z",5,Advapi,SYSTEM
"Apr 18, 2025 @ 13:48:20.115",4624,"LAB3-18",Negotiate,1056,"2025-04-17T17:32:58.4445735Z",5,Advapi,SYSTEM
"Apr 18, 2025 @ 13:48:20.100",4624,"LAB3-18",Negotiate,1056,"2025-04-17T17:32:58.4442628Z",5,Advapi,SYSTEM
"Apr 18, 2025 @ 13:48:20.083",4624,"LAB3-18",Negotiate,1056,"2025-04-17T17:32:58.4441036Z",5,Advapi,SYSTEM
"Apr 18, 2025 @ 13:48:20.067",4624,"LAB3-18",Negotiate,1056,"2025-04-17T17:32:58.4440325Z",5,Advapi,SYSTEM
"Apr 18, 2025 @ 13:48:20.050",4624,"LAB3-18",Negotiate,1056,"2025-04-17T17:32:58.4437484Z",5,Advapi,SYSTEM
"Apr 18, 2025 @ 13:48:20.040",4624,"LAB3-18",Negotiate,1056,"2025-04-17T17:32:58.4432278Z",5,Advapi,SYSTEM
"Apr 18, 2025 @ 13:48:20.037",4624,"LAB3-18",Negotiate,1056,"2025-04-17T17:32:58.4424329Z",5,Advapi,SYSTEM
"Apr 18, 2025 @ 13:48:20.036",4624,"LAB3-18",Negotiate,1056,"2025-04-17T17:32:58.3984269Z",5,Advapi,SYSTEM
"Apr 18, 2025 @ 13:48:20.034",4624,"LAB3-18",Negotiate,1056,"2025-04-17T17:32:58.3731110Z",5,Advapi,SYSTEM
"Apr 18, 2025 @ 13:47:58.228",4624,"DESKTOP-5JEIKFF",Negotiate,1012,"2025-04-18T08:47:53.9368225Z",5,Advapi,SYSTEM
"Apr 18, 2025 @ 13:47:58.216",4624,"DESKTOP-5JEIKFF",Negotiate,1012,"2025-04-18T08:47:52.0653314Z",5,Advapi,SYSTEM
"Apr 18, 2025 @ 13:47:58.204",4624,"DESKTOP-5JEIKFF",Negotiate,1012,"2025-04-18T08:47:51.2061262Z",2,User32,Project
"Apr 18, 2025 @ 13:47:58.202",4624,"DESKTOP-5JEIKFF",Negotiate,1012,"2025-04-18T08:47:51.2061178Z",2,User32,Project
"Apr 18, 2025 @ 13:47:58.159",4624,"DESKTOP-5JEIKFF",Negotiate,1012,"2025-04-18T08:47:48.9801439Z",5,Advapi,SYSTEM
"Apr 18, 2025 @ 13:47:58.102",4624,"DESKTOP-5JEIKFF",Negotiate,1012,"2025-04-18T08:47:47.9010860Z",5,Advapi,SYSTEM
"Apr 18, 2025 @ 13:47:58.096",4624,"DESKTOP-5JEIKFF",Negotiate,1012,"2025-04-18T08:47:47.8853738Z",5,Advapi,SYSTEM
"Apr 18, 2025 @ 13:47:58.091",4624,"DESKTOP-5JEIKFF",Negotiate,1012,"2025-04-18T08:47:47.5156328Z",5,Advapi,SYSTEM
"Apr 18, 2025 @ 13:47:58.085",4624,"DESKTOP-5JEIKFF",Negotiate,1012,"2025-04-18T08:47:47.4773783Z",5,Advapi,SYSTEM
"Apr 18, 2025 @ 13:47:57.816",4624,"DESKTOP-5JEIKFF",Negotiate,1012,"2025-04-18T08:47:43.5344543Z",5,Advapi,SYSTEM
"Apr 17, 2025 @ 22:34:20.593",4624,"DESKTOP-5JEIKFF",Negotiate,1012,"2025-04-17T17:34:20.5043618Z",5,Advapi,SYSTEM
"Apr 17, 2025 @ 22:32:53.704",4624,"LAB3-18",Negotiate,1044,"2025-04-17T17:32:47.6494025Z",5,Advapi,SYSTEM
"Apr 17, 2025 @ 22:32:51.620",4624,"DESKTOP-5JEIKFF",Negotiate,1012,"2025-04-17T17:32:51.5302476Z",5,Advapi,SYSTEM
"Apr 17, 2025 @ 22:31:19.853",4624,"LAB3-18",Negotiate,1044,"2025-04-17T17:31:13.8184072Z",5,Advapi,SYSTEM
"Apr 17, 2025 @ 22:31:19.853",4624,"LAB3-18",Negotiate,1044,"2025-04-17T17:31:13.8795117Z",5,Advapi,SYSTEM
"Apr 17, 2025 @ 22:31:13.125",4624,"LAB3-18",Negotiate,1044,"2025-04-17T17:31:07.0811066Z",5,Advapi,SYSTEM
"Apr 17, 2025 @ 22:26:30.696",4624,"LAB3-11",Kerberos,1032,"2025-04-17T17:27:44.6013100Z",3,Kerberos,"LAB3-11$"
"Apr 17, 2025 @ 22:26:30.685",4624,"LAB3-11",Kerberos,1032,"2025-04-17T17:27:44.1790237Z",3,Kerberos,"LAB3-11$"
"Apr 17, 2025 @ 22:24:36.477",4624,"LAB3-11",Negotiate,1032,"2025-04-17T17:25:49.9996451Z",5,Advapi,SYSTEM
"Apr 17, 2025 @ 22:23:23.223",4624,"LAB3-11",Negotiate,1032,"2025-04-17T17:24:36.7212216Z",5,Advapi,SYSTEM
"Apr 17, 2025 @ 22:22:24.136",4624,"LAB3-10",Negotiate,1068,"2025-04-17T17:23:15.2154776Z",5,Advapi,SYSTEM
"Apr 17, 2025 @ 22:19:18.026",4624,"DESKTOP-5JEIKFF",Negotiate,1012,"2025-04-17T17:19:17.1164557Z",5,Advapi,SYSTEM
"Apr 17, 2025 @ 22:15:34.054",4624,"LAB3-11",Negotiate,1032,"2025-04-17T17:16:46.7607210Z",5,Advapi,SYSTEM
"Apr 17, 2025 @ 22:13:50.551",4624,"LAB3-18",Negotiate,1044,"2025-04-17T17:13:43.7316736Z",5,Advapi,SYSTEM
"Apr 17, 2025 @ 22:13:49.390",4624,"LAB3-18",Negotiate,1044,"2025-04-17T17:13:42.5688507Z",5,Advapi,SYSTEM
"Apr 17, 2025 @ 22:13:45.924",4624,"LAB3-09",Negotiate,1060,"2025-04-17T17:13:40.5207840Z",5,Advapi,SYSTEM
"Apr 17, 2025 @ 22:13:45.923",4624,"LAB3-09",Negotiate,1060,"2025-04-17T17:13:40.5181259Z",5,Advapi,SYSTEM
"Apr 17, 2025 @ 22:13:43.962",4624,"LAB3-09",Negotiate,1060,"2025-04-17T17:13:38.6176877Z",5,Advapi,SYSTEM
"Apr 17, 2025 @ 22:13:43.946",4624,"LAB3-09",Negotiate,1060,"2025-04-17T17:13:38.5357335Z",2,Advapi,"DWM-4"
"Apr 17, 2025 @ 22:13:43.930",4624,"LAB3-09",Negotiate,1060,"2025-04-17T17:13:38.5357203Z",2,Advapi,"DWM-4"
"Apr 17, 2025 @ 22:13:43.901",4624,"LAB3-09",Negotiate,1060,"2025-04-17T17:13:38.5002809Z",2,Advapi,"UMFD-4"
"Apr 17, 2025 @ 22:13:41.409",4624,"LAB3-09",Negotiate,1060,"2025-04-17T17:13:35.9903255Z",5,Advapi,SYSTEM
"Apr 17, 2025 @ 22:13:18.950",4624,"DESKTOP-5JEIKFF",Negotiate,1012,"2025-04-17T17:13:18.2621568Z",5,Advapi,SYSTEM
"Apr 17, 2025 @ 22:13:18.946",4624,"DESKTOP-5JEIKFF",Negotiate,1012,"2025-04-17T17:13:18.0697796Z",5,Advapi,SYSTEM
"Apr 17, 2025 @ 22:13:18.943",4624,"DESKTOP-5JEIKFF",Negotiate,1012,"2025-04-17T17:13:18.0387478Z",5,Advapi,SYSTEM
"Apr 17, 2025 @ 22:12:23.747",4624,"DESKTOP-5JEIKFF",Negotiate,1012,"2025-04-17T17:12:22.8377352Z",5,Advapi,SYSTEM
"Apr 17, 2025 @ 22:05:29.546",4624,"DESKTOP-5JEIKFF",Negotiate,1012,"2025-04-17T17:05:28.6402714Z",5,Advapi,SYSTEM
"Apr 17, 2025 @ 22:04:19.916",4624,"LAB3-11",Negotiate,1032,"2025-04-17T17:05:32.6747979Z",5,Advapi,SYSTEM
"Apr 17, 2025 @ 22:02:18.205",4624,"LAB3-10",Negotiate,1068,"2025-04-17T17:03:03.4331316Z",5,Advapi,SYSTEM
"Apr 17, 2025 @ 22:01:56.140",4624,"LAB3-11",Negotiate,1032,"2025-04-17T17:03:08.9038448Z",5,Advapi,SYSTEM
"Apr 17, 2025 @ 22:00:55.363",4624,"LAB3-10",Kerberos,1068,"2025-04-17T17:01:34.7023740Z",3,Kerberos,"ADMANAGER$"
"Apr 17, 2025 @ 22:00:55.346",4624,"LAB3-10",NTLM,1068,"2025-04-17T17:01:34.6998331Z",3,NtLmSsp,"ADMANAGER$"
"Apr 17, 2025 @ 22:00:55.340",4624,"LAB3-10",Kerberos,1068,"2025-04-17T17:01:34.6886238Z",3,Kerberos,Administrator
"Apr 17, 2025 @ 22:00:55.334",4624,"LAB3-10",NTLM,1068,"2025-04-17T17:01:34.6691291Z",3,NtLmSsp,Administrator
"Apr 17, 2025 @ 22:00:26.331",4624,"LAB3-10",Negotiate,1068,"2025-04-17T17:01:05.6605249Z",5,Advapi,SYSTEM
"Apr 17, 2025 @ 21:59:18.568",4624,"DESKTOP-5JEIKFF",Negotiate,1012,"2025-04-17T16:59:17.6584296Z",5,Advapi,SYSTEM
"Apr 17, 2025 @ 21:58:50.126",4624,"DESKTOP-5JEIKFF",Negotiate,1012,"2025-04-17T16:58:49.2194842Z",5,Advapi,SYSTEM
"Apr 17, 2025 @ 21:58:45.914",4624,"LAB3-18",Negotiate,1044,"2025-04-17T16:58:39.1157096Z",5,Advapi,SYSTEM
"Apr 17, 2025 @ 21:56:41.251",4624,"CP-AKT-000210",Negotiate,1056,"2025-04-17T16:57:59.1376834Z",5,Advapi,SYSTEM
"Apr 17, 2025 @ 21:56:41.233",4624,"CP-AKT-000210",Negotiate,1056,"2025-04-17T16:57:59.0986809Z",2,Advapi,"DWM-2"
"Apr 17, 2025 @ 21:56:41.224",4624,"CP-AKT-000210",Negotiate,1056,"2025-04-17T16:57:59.0986711Z",2,Advapi,"DWM-2"
"Apr 17, 2025 @ 21:56:41.223",4624,"CP-AKT-000210",Negotiate,1056,"2025-04-17T16:57:59.0606210Z",2,Advapi,"UMFD-2"
"Apr 17, 2025 @ 21:56:19.486",4624,"CP-AKT-000210",Negotiate,1056,"2025-04-17T16:57:37.3364816Z",5,Advapi,SYSTEM
"Apr 17, 2025 @ 21:56:18.502",4624,"CP-AKT-000210",Negotiate,1056,"2025-04-17T16:57:36.2740344Z",5,Advapi,SYSTEM
"Apr 17, 2025 @ 21:56:14.410",4624,"CP-AKT-000210",Negotiate,1056,"2025-04-17T16:57:32.2628094Z",5,Advapi,SYSTEM
"Apr 17, 2025 @ 21:56:13.194",4624,"CP-AKT-000210",Negotiate,1056,"2025-04-17T16:57:31.2365672Z",5,Advapi,SYSTEM
"Apr 17, 2025 @ 21:56:13.194",4624,"CP-AKT-000210",Negotiate,1056,"2025-04-17T16:57:31.0461185Z",5,Advapi,SYSTEM
"Apr 17, 2025 @ 21:56:10.243",4624,"LAB3-18",Negotiate,1044,"2025-04-17T16:56:03.4447751Z",5,Advapi,SYSTEM
"Apr 17, 2025 @ 21:56:08.315",4624,"CP-AKT-000210",Negotiate,1056,"2025-04-17T16:57:27.1565214Z",5,Advapi,SYSTEM
"Apr 17, 2025 @ 21:56:08.301",4624,"CP-AKT-000210",Negotiate,1056,"2025-04-17T16:57:26.8402442Z",5,Advapi,SYSTEM
"Apr 17, 2025 @ 21:56:08.300",4624,"CP-AKT-000210",Negotiate,1056,"2025-04-17T16:57:26.1587269Z",5,Advapi,SYSTEM
"Apr 17, 2025 @ 21:56:05.709",4624,"CP-AKT-000210",Negotiate,1056,"2025-04-17T16:57:23.5615502Z",5,Advapi,SYSTEM
"Apr 17, 2025 @ 21:55:58.175",4624,"CP-AKT-000210",Negotiate,1056,"2025-04-17T16:57:16.1241821Z",5,Advapi,SYSTEM
"Apr 17, 2025 @ 21:55:58.161",4624,"CP-AKT-000210",Negotiate,1056,"2025-04-17T16:57:16.0285628Z",5,Advapi,SYSTEM
"Apr 17, 2025 @ 21:55:58.161",4624,"CP-AKT-000210",Negotiate,1056,"2025-04-17T16:57:16.0909078Z",5,Advapi,SYSTEM
"Apr 17, 2025 @ 21:55:56.287",4624,"CP-AKT-000210",Negotiate,1056,"2025-04-17T16:57:14.1413726Z",2,User32,"amsht23f.0019"
"Apr 17, 2025 @ 21:55:48.018",4624,"CP-AKT-000210",Negotiate,1056,"2025-04-17T16:57:02.9958134Z",5,Advapi,SYSTEM
"Apr 17, 2025 @ 21:55:48.003",4624,"CP-AKT-000210",Negotiate,1056,"2025-04-17T16:57:02.9458890Z",5,Advapi,SYSTEM
"Apr 17, 2025 @ 21:55:47.988",4624,"CP-AKT-000210",Negotiate,1056,"2025-04-17T16:57:02.9457497Z",5,Advapi,SYSTEM
"Apr 17, 2025 @ 21:55:47.958",4624,"CP-AKT-000210",Kerberos,1056,"2025-04-17T16:57:02.9073504Z",3,Kerberos,"CP-AKT-000210$"
"Apr 17, 2025 @ 21:55:47.925",4624,"CP-AKT-000210",Kerberos,1056,"2025-04-17T16:57:01.8413901Z",3,Kerberos,"CP-AKT-000210$"
"Apr 17, 2025 @ 21:55:47.892",4624,"CP-AKT-000210",Kerberos,1056,"2025-04-17T16:57:00.7298769Z",3,Kerberos,"CP-AKT-000210$"
"Apr 17, 2025 @ 21:55:47.846",4624,"CP-AKT-000210",Kerberos,1056,"2025-04-17T16:57:00.6181959Z",3,Kerberos,"CP-AKT-000210$"
"Apr 17, 2025 @ 21:55:47.816",4625,"CP-AKT-000210",Negotiate,1056,"2025-04-17T16:57:00.5805896Z",2,User32,"amsht23f.0019"
"Apr 17, 2025 @ 21:55:47.800",4624,"CP-AKT-000210",Negotiate,1056,"2025-04-17T16:56:59.7450344Z",5,Advapi,SYSTEM
"Apr 17, 2025 @ 21:55:47.788",4624,"CP-AKT-000210",Negotiate,1056,"2025-04-17T16:56:56.3556327Z",5,Advapi,SYSTEM
"Apr 17, 2025 @ 21:55:47.785",4624,"CP-AKT-000210",Negotiate,1056,"2025-04-17T16:56:55.6420006Z",5,Advapi,SYSTEM
"Apr 17, 2025 @ 21:54:58.012",4624,"CP-AKT-000210",Negotiate,1060,"2025-04-17T16:56:15.6841631Z",5,Advapi,SYSTEM
"Apr 17, 2025 @ 21:54:56.363",4624,"CP-AKT-000210",Negotiate,1060,"2025-04-17T16:56:14.0424847Z",5,Advapi,SYSTEM
"Apr 17, 2025 @ 21:54:56.351",4624,"CP-AKT-000210",Negotiate,1060,"2025-04-17T16:56:13.9771383Z",2,Advapi,"DWM-5"
"Apr 17, 2025 @ 21:54:56.332",4624,"CP-AKT-000210",Negotiate,1060,"2025-04-17T16:56:13.9771219Z",2,Advapi,"DWM-5"
"Apr 17, 2025 @ 21:54:56.303",4624,"CP-AKT-000210",Negotiate,1060,"2025-04-17T16:56:13.9382955Z",2,Advapi,"UMFD-5"
"Apr 17, 2025 @ 21:54:11.962",4624,"LAB3-09",Kerberos,1060,"2025-04-17T16:54:06.8429908Z",3,Kerberos,"LAB3-09$"
"Apr 17, 2025 @ 21:54:11.947",4624,"LAB3-09",Kerberos,1060,"2025-04-17T16:54:06.6874399Z",3,Kerberos,"LAB3-09$"
"Apr 17, 2025 @ 21:53:24.912",4624,"LAB3-18",Negotiate,1044,"2025-04-17T16:53:17.8733679Z",5,Advapi,SYSTEM
"Apr 17, 2025 @ 21:52:21.579",4624,"LAB3-09",Negotiate,1060,"2025-04-17T16:52:16.3088473Z",5,Advapi,SYSTEM
"Apr 17, 2025 @ 21:51:57.044",4624,"LAB3-10",Negotiate,1068,"2025-04-17T16:42:50.1786613Z",5,Advapi,SYSTEM
"Apr 17, 2025 @ 21:51:56.999",4624,"LAB3-10",Negotiate,1068,"2025-04-17T16:22:44.4607687Z",5,Advapi,SYSTEM
"Apr 17, 2025 @ 21:51:46.203",4624,"LAB3-18",Negotiate,1044,"2025-04-17T16:51:39.0057613Z",5,Advapi,SYSTEM
"Apr 17, 2025 @ 21:51:11.463",4624,"LAB3-18",Negotiate,1044,"2025-04-17T16:51:04.2890429Z",5,Advapi,SYSTEM
"Apr 17, 2025 @ 21:51:11.462",4624,"LAB3-18",Negotiate,1044,"2025-04-17T16:51:04.2541438Z",5,Advapi,SYSTEM
"Apr 17, 2025 @ 21:51:03.819",4624,"LAB3-09",Negotiate,1060,"2025-04-17T16:50:58.4857981Z",5,Advapi,SYSTEM
"Apr 17, 2025 @ 21:51:03.503",4624,"LAB3-18",Negotiate,1044,"2025-04-17T16:50:56.8206085Z",5,Advapi,SYSTEM
"Apr 17, 2025 @ 21:51:03.499",4624,"LAB3-18",Negotiate,1044,"2025-04-17T16:50:56.2823505Z",5,Advapi,SYSTEM
"Apr 17, 2025 @ 21:50:55.224",4624,"CP-AKT-000210",Negotiate,1060,"2025-04-17T16:52:06.8461297Z",5,Advapi,SYSTEM
"Apr 17, 2025 @ 21:50:48.571",4624,"CP-AKT-000210",Negotiate,1060,"2025-04-17T16:52:00.0093643Z",5,Advapi,SYSTEM
"Apr 17, 2025 @ 21:50:18.571",4624,"DESKTOP-5JEIKFF",Negotiate,1012,"2025-04-17T16:50:17.8461982Z",5,Advapi,SYSTEM
"Apr 17, 2025 @ 21:50:18.568",4624,"DESKTOP-5JEIKFF",Negotiate,1012,"2025-04-17T16:50:17.6100780Z",5,Advapi,SYSTEM
"Apr 17, 2025 @ 21:49:48.810",4624,"LAB3-18",Negotiate,1044,"2025-04-17T16:38:48.1809686Z",5,Advapi,SYSTEM
"Apr 17, 2025 @ 21:49:48.794",4624,"LAB3-18",Negotiate,1044,"2025-04-17T16:34:39.7813322Z",5,Advapi,SYSTEM
"Apr 17, 2025 @ 21:49:48.778",4624,"LAB3-18",Negotiate,1044,"2025-04-17T16:34:38.2832825Z",5,Advapi,SYSTEM
"Apr 17, 2025 @ 21:49:48.745",4624,"LAB3-18",Kerberos,1044,"2025-04-17T16:22:40.9837551Z",3,Kerberos,"LAB3-18$"
"Apr 17, 2025 @ 21:49:48.733",4624,"LAB3-18",Kerberos,1044,"2025-04-17T16:22:39.7510518Z",3,Kerberos,"LAB3-18$"
"Apr 17, 2025 @ 21:49:48.731",4624,"LAB3-18",Negotiate,1044,"2025-04-17T16:21:29.2748762Z",5,Advapi,SYSTEM
"Apr 17, 2025 @ 21:49:46.996",4624,"LAB3-09",Negotiate,1060,"2025-04-17T16:49:42.1605318Z",5,Advapi,SYSTEM
"Apr 17, 2025 @ 21:49:46.992",4624,"LAB3-09",Negotiate,1060,"2025-04-17T16:49:41.6133291Z",5,Advapi,SYSTEM
"Apr 17, 2025 @ 21:49:45.548",4624,"LAB3-09",Negotiate,1060,"2025-04-17T16:43:10.7205137Z",5,Advapi,SYSTEM
"Apr 17, 2025 @ 21:49:45.532",4624,"LAB3-09",Negotiate,1060,"2025-04-17T16:43:10.6624683Z",5,Advapi,SYSTEM
"Apr 17, 2025 @ 21:49:45.516",4624,"LAB3-09",Negotiate,1060,"2025-04-17T16:37:01.4027601Z",5,Advapi,SYSTEM
"Apr 17, 2025 @ 21:49:45.501",4624,"LAB3-09",Negotiate,1060,"2025-04-17T16:35:48.3094472Z",5,Advapi,SYSTEM
"Apr 17, 2025 @ 21:49:45.485",4624,"LAB3-09",Negotiate,1060,"2025-04-17T16:35:48.3081346Z",5,Advapi,SYSTEM
"Apr 17, 2025 @ 21:49:45.469",4624,"LAB3-09",Negotiate,1060,"2025-04-17T16:17:36.5493039Z",5,Advapi,SYSTEM
"Apr 17, 2025 @ 21:49:45.454",4624,"LAB3-09",Negotiate,1060,"2025-04-17T16:17:35.5890670Z",5,Advapi,SYSTEM
"Apr 17, 2025 @ 21:49:45.439",4624,"LAB3-09",Negotiate,1060,"2025-04-17T16:17:07.2294450Z",5,Advapi,SYSTEM
"Apr 17, 2025 @ 21:49:45.430",4624,"LAB3-09",Negotiate,1060,"2025-04-17T16:16:55.6408297Z",5,Advapi,SYSTEM
"Apr 17, 2025 @ 21:49:45.425",4624,"LAB3-09",Negotiate,1060,"2025-04-17T16:16:46.5625216Z",5,Advapi,SYSTEM
"Apr 17, 2025 @ 21:49:37.610",4624,"CP-AKT-000210",Negotiate,1060,"2025-04-17T16:47:10.7170997Z",5,Advapi,SYSTEM
"Apr 17, 2025 @ 21:49:37.595",4624,"CP-AKT-000210",Negotiate,1060,"2025-04-17T16:42:40.4110912Z",5,Advapi,SYSTEM
"Apr 17, 2025 @ 21:49:37.564",4624,"CP-AKT-000210",Kerberos,1060,"2025-04-17T16:38:18.9976743Z",3,Kerberos,"CP-AKT-000210$"
"Apr 17, 2025 @ 21:49:37.553",4624,"CP-AKT-000210",Kerberos,1060,"2025-04-17T16:38:18.8180590Z",3,Kerberos,"CP-AKT-000210$"
"Apr 17, 2025 @ 21:49:37.552",4624,"CP-AKT-000210",Negotiate,1060,"2025-04-17T16:37:49.4821098Z",5,Advapi,SYSTEM
"Apr 17, 2025 @ 21:49:37.551",4624,"CP-AKT-000210",Negotiate,1060,"2025-04-17T16:27:19.9061116Z",5,Advapi,SYSTEM
"Apr 17, 2025 @ 21:49:37.551",4624,"CP-AKT-000210",Negotiate,1060,"2025-04-17T16:34:51.2773313Z",5,Advapi,SYSTEM
"Apr 17, 2025 @ 21:49:37.550",4624,"CP-AKT-000210",Negotiate,1060,"2025-04-17T16:21:09.8633258Z",5,Advapi,SYSTEM
"Apr 17, 2025 @ 21:49:37.093",4624,"LAB3-11",Negotiate,1032,"2025-04-17T16:50:50.3280038Z",5,Advapi,SYSTEM
"Apr 17, 2025 @ 21:49:37.089",4624,"LAB3-11",Negotiate,1032,"2025-04-17T16:50:49.7871636Z",5,Advapi,SYSTEM
"Apr 17, 2025 @ 21:49:36.707",4624,"LAB3-11",Negotiate,1032,"2025-04-17T16:35:48.7560067Z",5,Advapi,SYSTEM
"Apr 17, 2025 @ 21:49:36.706",4624,"LAB3-11",Negotiate,1032,"2025-04-17T16:24:26.5917710Z",5,Advapi,SYSTEM
"Apr 17, 2025 @ 21:49:35.254",4624,"DESKTOP-5JEIKFF",Negotiate,1012,"2025-04-17T16:48:58.9494507Z",5,Advapi,SYSTEM
"Apr 17, 2025 @ 21:49:35.246",4624,"DESKTOP-5JEIKFF",Negotiate,1012,"2025-04-17T16:48:55.0059212Z",5,Advapi,SYSTEM
"Apr 17, 2025 @ 21:15:41.331",4624,"LAB3-11",Negotiate,1032,"2025-04-17T16:16:55.0169333Z",5,Advapi,SYSTEM
"Apr 17, 2025 @ 21:12:39.007",4624,"LAB3-10",Negotiate,1068,"2025-04-17T16:13:18.4533841Z",5,Advapi,SYSTEM
"Apr 17, 2025 @ 21:12:39.005",4624,"LAB3-10",Negotiate,1068,"2025-04-17T16:13:17.7836555Z",5,Advapi,SYSTEM
"Apr 17, 2025 @ 21:12:23.191",4624,"LAB3-10",Negotiate,1068,"2025-04-17T16:13:01.9636160Z",5,Advapi,SYSTEM
"Apr 17, 2025 @ 21:12:06.963",4624,"LAB3-09",Negotiate,1060,"2025-04-17T16:12:02.7562513Z",5,Advapi,SYSTEM
"Apr 17, 2025 @ 21:12:06.951",4624,"LAB3-09",Negotiate,1060,"2025-04-17T16:12:02.7548235Z",5,Advapi,SYSTEM
"Apr 17, 2025 @ 21:12:06.951",4624,"LAB3-09",Negotiate,1060,"2025-04-17T16:12:02.7174384Z",5,Advapi,SYSTEM
"Apr 17, 2025 @ 21:11:50.127",4624,"CP-AKT-000210",Negotiate,1060,"2025-04-17T16:11:45.4170573Z",5,Advapi,SYSTEM
"Apr 17, 2025 @ 21:11:40.902",4624,"CP-AKT-002912",Negotiate,1064,"2025-04-17T16:11:36.0014052Z",5,Advapi,SYSTEM
"Apr 17, 2025 @ 21:09:54.464",4624,"CP-AKT-002912",Negotiate,1064,"2025-04-17T16:09:49.5644335Z",5,Advapi,SYSTEM
"Apr 17, 2025 @ 21:09:03.176",4624,"LAB3-10",Negotiate,1068,"2025-04-17T16:09:40.9968306Z",5,Advapi,SYSTEM
"Apr 17, 2025 @ 21:08:58.866",4624,"LAB3-18",Negotiate,1044,"2025-04-17T16:08:53.0984423Z",5,Advapi,SYSTEM
"Apr 17, 2025 @ 21:08:49.514",4624,"CP-AKT-002912",Kerberos,1064,"2025-04-17T16:08:44.7487550Z",3,Kerberos,"CP-AKT-002912$"
"Apr 17, 2025 @ 21:08:49.502",4624,"CP-AKT-002912",Kerberos,1064,"2025-04-17T16:08:44.5899557Z",3,Kerberos,"CP-AKT-002912$"
"Apr 17, 2025 @ 21:08:49.289",4624,"LAB3-18",Negotiate,1044,"2025-04-17T16:08:43.5300966Z",5,Advapi,SYSTEM
"Apr 17, 2025 @ 21:08:21.222",4624,"LAB3-18",Negotiate,1044,"2025-04-17T16:08:15.4695618Z",5,Advapi,SYSTEM
"Apr 17, 2025 @ 21:08:19.472",4624,"LAB3-18",Negotiate,1044,"2025-04-17T16:08:13.7212769Z",5,Advapi,SYSTEM
"Apr 17, 2025 @ 21:08:16.624",4624,"CP-AKT-002912",Negotiate,1064,"2025-04-17T16:08:11.7155686Z",5,Advapi,SYSTEM
"Apr 17, 2025 @ 21:07:42.949",4624,"DESKTOP-5JEIKFF",Negotiate,1012,"2025-04-17T16:07:42.9252970Z",5,Advapi,SYSTEM
"Apr 17, 2025 @ 21:07:22.819",4624,"CP-AKT-002912",Negotiate,1064,"2025-04-17T16:07:17.8973243Z",5,Advapi,SYSTEM
"Apr 17, 2025 @ 21:07:21.254",4624,"LAB3-18",Negotiate,1044,"2025-04-17T16:07:15.5155309Z",5,Advapi,SYSTEM
"Apr 17, 2025 @ 21:07:09.148",4624,"LAB3-11",Negotiate,1032,"2025-04-17T16:08:23.8246658Z",5,Advapi,SYSTEM
"Apr 17, 2025 @ 21:07:09.148",4624,"LAB3-11",Negotiate,1032,"2025-04-17T16:08:22.8730470Z",5,Advapi,SYSTEM
"Apr 17, 2025 @ 21:06:55.459",4624,"LAB3-11",Negotiate,1032,"2025-04-17T16:08:09.1806411Z",5,Advapi,SYSTEM
"Apr 17, 2025 @ 21:06:46.755",4624,"LAB3-11",Negotiate,1032,"2025-04-17T16:08:00.9326691Z",5,Advapi,SYSTEM
"Apr 17, 2025 @ 21:06:46.739",4624,"LAB3-11",Negotiate,1032,"2025-04-17T16:08:00.9289893Z",5,Advapi,SYSTEM
"Apr 17, 2025 @ 21:06:46.723",4624,"LAB3-11",Negotiate,1032,"2025-04-17T16:08:00.9282480Z",5,Advapi,SYSTEM
"Apr 17, 2025 @ 21:06:46.709",4624,"LAB3-11",Negotiate,1032,"2025-04-17T16:08:00.9231536Z",5,Advapi,SYSTEM
"Apr 17, 2025 @ 21:06:46.693",4624,"LAB3-11",Negotiate,1032,"2025-04-17T16:08:00.9211175Z",5,Advapi,SYSTEM
"Apr 17, 2025 @ 21:06:46.689",4624,"LAB3-11",Negotiate,1032,"2025-04-17T16:08:00.9154208Z",5,Advapi,SYSTEM
"Apr 17, 2025 @ 21:06:46.683",4624,"LAB3-11",Negotiate,1032,"2025-04-17T16:08:00.4189706Z",5,Advapi,SYSTEM
"Apr 17, 2025 @ 21:06:45.664",4624,"LAB3-11",Negotiate,1032,"2025-04-17T16:07:59.3896592Z",5,Advapi,SYSTEM
"Apr 17, 2025 @ 21:06:44.664",4624,"LAB3-11",Negotiate,1032,"2025-04-17T16:07:58.3360598Z",5,Advapi,SYSTEM
"Apr 17, 2025 @ 21:06:44.633",4624,"LAB3-11",Negotiate,1032,"2025-04-17T16:07:58.3287590Z",5,Advapi,SYSTEM
"Apr 17, 2025 @ 21:06:44.615",4624,"LAB3-11",Negotiate,1032,"2025-04-17T16:07:58.3279813Z",5,Advapi,SYSTEM
"Apr 17, 2025 @ 21:06:44.599",4624,"LAB3-11",Negotiate,1032,"2025-04-17T16:07:58.3255404Z",5,Advapi,SYSTEM
"Apr 17, 2025 @ 21:06:44.595",4624,"LAB3-11",Negotiate,1032,"2025-04-17T16:07:58.3248205Z",5,Advapi,SYSTEM
"Apr 17, 2025 @ 21:06:44.591",4624,"LAB3-11",Negotiate,1032,"2025-04-17T16:07:58.3209545Z",5,Advapi,SYSTEM
"Apr 17, 2025 @ 21:06:40.346",4624,"LAB3-11",Negotiate,1032,"2025-04-17T16:07:54.0632818Z",5,Advapi,SYSTEM
"Apr 17, 2025 @ 21:06:27.473",4624,"CP-AKT-002912",Negotiate,1064,"2025-04-17T16:06:22.8597549Z",5,Advapi,SYSTEM
"Apr 17, 2025 @ 21:06:27.456",4624,"CP-AKT-002912",Negotiate,1064,"2025-04-17T16:06:22.7888900Z",5,Advapi,SYSTEM
"Apr 17, 2025 @ 21:06:27.443",4624,"CP-AKT-002912",Negotiate,1064,"2025-04-17T16:06:22.5255684Z",2,User32,"ack.user"
"Apr 17, 2025 @ 21:06:18.336",4625,"CP-AKT-002912",Negotiate,1064,"2025-04-17T16:06:13.4187939Z",2,User32,"ack.user"
"Apr 17, 2025 @ 21:06:06.732",4624,"CP-AKT-000210",Negotiate,1060,"2025-04-17T16:06:02.0507092Z",5,Advapi,SYSTEM
"Apr 17, 2025 @ 21:05:42.395",4624,"CP-AKT-002912",Negotiate,1064,"2025-04-17T16:05:37.4797748Z",5,Advapi,SYSTEM
"Apr 17, 2025 @ 21:05:37.297",4624,"CP-AKT-000210",Negotiate,1060,"2025-04-17T16:05:33.1911342Z",5,Advapi,SYSTEM
"Apr 17, 2025 @ 21:05:37.297",4624,"CP-AKT-000210",Negotiate,1060,"2025-04-17T16:05:32.6289842Z",5,Advapi,SYSTEM
"Apr 17, 2025 @ 21:05:16.312",4624,"LAB3-09",Negotiate,1060,"2025-04-17T16:05:12.5901757Z",5,Advapi,SYSTEM
"Apr 17, 2025 @ 21:04:45.900",4624,"LAB3-18",Negotiate,1044,"2025-04-17T16:04:40.1473674Z",5,Advapi,SYSTEM
"Apr 17, 2025 @ 21:03:43.133",4624,"CP-AKT-002912",Negotiate,1064,"2025-04-17T16:03:38.2469524Z",5,Advapi,SYSTEM
"Apr 17, 2025 @ 21:03:33.699",4624,"CP-AKT-000210",Negotiate,1060,"2025-04-17T16:03:29.0259559Z",5,Advapi,SYSTEM
"Apr 17, 2025 @ 21:02:41.199",4624,"CP-AKT-000210",Negotiate,1060,"2025-04-17T16:02:26.4900208Z",5,Advapi,SYSTEM
"Apr 17, 2025 @ 21:02:39.728",4624,"DESKTOP-5JEIKFF",Negotiate,1012,"2025-04-17T16:02:40.0513583Z",5,Advapi,SYSTEM
"Apr 17, 2025 @ 21:02:39.691",4624,"DESKTOP-5JEIKFF",Negotiate,1012,"2025-04-17T16:02:39.6775186Z",5,Advapi,SYSTEM
"Apr 17, 2025 @ 21:02:37.816",4624,"DESKTOP-5JEIKFF",Negotiate,1012,"2025-04-17T16:02:37.8015416Z",5,Advapi,SYSTEM
"Apr 17, 2025 @ 21:00:16.370",4624,"LAB3-11",Negotiate,1032,"2025-04-17T16:01:30.1077485Z",5,Advapi,SYSTEM
"Apr 17, 2025 @ 21:00:02.021",4624,"LAB3-10",Negotiate,1068,"2025-04-17T16:00:38.5130454Z",5,Advapi,SYSTEM
"Apr 17, 2025 @ 20:59:43.386",4624,"LAB3-11",Negotiate,1032,"2025-04-17T16:00:57.1418806Z",5,Advapi,SYSTEM
"Apr 17, 2025 @ 20:59:26.036",4624,"LAB3-10",Kerberos,1068,"2025-04-17T16:00:01.2990534Z",3,Kerberos,"ADMANAGER$"
"Apr 17, 2025 @ 20:59:26.019",4624,"LAB3-10",NTLM,1068,"2025-04-17T16:00:01.2884323Z",3,NtLmSsp,"ADMANAGER$"
"Apr 17, 2025 @ 20:59:26.003",4624,"LAB3-10",Kerberos,1068,"2025-04-17T16:00:01.2454015Z",3,Kerberos,Administrator
"Apr 17, 2025 @ 20:59:25.988",4624,"LAB3-10",NTLM,1068,"2025-04-17T16:00:01.2142825Z",3,NtLmSsp,Administrator
"Apr 17, 2025 @ 20:59:08.283",4624,"CP-AKT-000210",Negotiate,1060,"2025-04-17T15:59:03.5911572Z",5,Advapi,SYSTEM
"Apr 17, 2025 @ 20:58:25.648",4624,"LAB3-18",Negotiate,1044,"2025-04-17T15:58:19.7062793Z",5,Advapi,SYSTEM
"Apr 17, 2025 @ 20:56:00.416",4624,"LAB3-09",Negotiate,1060,"2025-04-17T15:55:57.0733601Z",5,Advapi,SYSTEM
"Apr 17, 2025 @ 20:55:54.426",4624,"DESKTOP-5JEIKFF",Negotiate,1012,"2025-04-17T15:55:54.4001165Z",5,Advapi,SYSTEM
"Apr 17, 2025 @ 20:55:54.375",4624,"DESKTOP-5JEIKFF",Negotiate,1012,"2025-04-17T15:55:54.3609493Z",5,Advapi,SYSTEM
"Apr 17, 2025 @ 20:55:53.559",4624,"CP-AKT-000210",Negotiate,1060,"2025-04-17T15:55:48.8900369Z",5,Advapi,SYSTEM
"Apr 17, 2025 @ 20:55:50.007",4624,"CP-AKT-000210",Negotiate,1060,"2025-04-17T15:55:45.3475379Z",5,Advapi,SYSTEM
"Apr 17, 2025 @ 20:53:29.814",4624,"LAB3-11",Kerberos,1032,"2025-04-17T15:54:43.9529922Z",3,Kerberos,"LAB3-11$"
"Apr 17, 2025 @ 20:53:29.804",4624,"LAB3-11",Kerberos,1032,"2025-04-17T15:54:43.5963291Z",3,Kerberos,"LAB3-11$"
"Apr 17, 2025 @ 20:53:24.845",4624,"CP-AKT-000210",Negotiate,1060,"2025-04-17T15:53:20.1847038Z",5,Advapi,SYSTEM
"Apr 17, 2025 @ 20:52:25.402",4624,"CP-AKT-000210",Negotiate,1060,"2025-04-17T15:52:21.1840296Z",5,Advapi,SYSTEM
"Apr 17, 2025 @ 20:52:25.400",4624,"CP-AKT-000210",Negotiate,1060,"2025-04-17T15:52:20.7736552Z",5,Advapi,SYSTEM
"Apr 17, 2025 @ 20:52:25.400",4624,"CP-AKT-000210",Negotiate,1060,"2025-04-17T15:52:20.8140197Z",5,Advapi,SYSTEM
"Apr 17, 2025 @ 20:52:20.924",4624,"CP-AKT-002912",Kerberos,1064,"2025-04-17T15:52:16.1537801Z",3,Kerberos,"CP-AKT-002912$"
"Apr 17, 2025 @ 20:52:20.879",4624,"CP-AKT-002912",Kerberos,1064,"2025-04-17T15:52:16.0709433Z",3,Kerberos,"CP-AKT-002912$"
"Apr 17, 2025 @ 20:51:59.415",4624,"LAB3-09",Negotiate,1060,"2025-04-17T15:51:55.9937803Z",2,User32,"bsit23f.0008"
"Apr 17, 2025 @ 20:51:54.236",4624,"CP-AKT-002912",Negotiate,1064,"2025-04-17T15:51:49.3941885Z",5,Advapi,SYSTEM
"Apr 17, 2025 @ 20:51:48.411",4624,"LAB3-09",Negotiate,1060,"2025-04-17T15:51:45.2473436Z",5,Advapi,SYSTEM
"Apr 17, 2025 @ 20:51:48.399",4624,"LAB3-09",Negotiate,1060,"2025-04-17T15:51:44.9846444Z",5,Advapi,SYSTEM
"Apr 17, 2025 @ 20:51:48.397",4624,"LAB3-09",Negotiate,1060,"2025-04-17T15:51:44.9783043Z",5,Advapi,SYSTEM
"Apr 17, 2025 @ 20:50:39.117",4624,"LAB3-09",Negotiate,1060,"2025-04-17T15:50:35.6633871Z",5,Advapi,SYSTEM
"Apr 17, 2025 @ 20:50:39.115",4624,"LAB3-09",Negotiate,1060,"2025-04-17T15:50:35.6619235Z",5,Advapi,SYSTEM
"Apr 17, 2025 @ 20:50:36.505",4624,"LAB3-09",Negotiate,1060,"2025-04-17T15:50:33.0285561Z",5,Advapi,SYSTEM
"Apr 17, 2025 @ 20:50:33.092",4624,"LAB3-18",Negotiate,1044,"2025-04-17T15:50:28.4941613Z",5,Advapi,SYSTEM
"Apr 17, 2025 @ 20:50:33.092",4624,"LAB3-18",Negotiate,1044,"2025-04-17T15:50:27.8228828Z",5,Advapi,SYSTEM
"Apr 17, 2025 @ 20:50:14.564",4624,"CP-AKT-000210",Negotiate,1060,"2025-04-17T15:50:10.0102410Z",5,Advapi,SYSTEM
"Apr 17, 2025 @ 20:50:12.106",4624,"CP-AKT-000210",Negotiate,1060,"2025-04-17T15:50:07.5620784Z",5,Advapi,SYSTEM
"Apr 17, 2025 @ 20:49:53.965",4624,"DESKTOP-5JEIKFF",Negotiate,1012,"2025-04-17T15:49:54.2682001Z",5,Advapi,SYSTEM
"Apr 17, 2025 @ 20:49:53.962",4624,"DESKTOP-5JEIKFF",Negotiate,1012,"2025-04-17T15:49:53.9797859Z",5,Advapi,SYSTEM
"Apr 17, 2025 @ 20:49:53.960",4624,"DESKTOP-5JEIKFF",Negotiate,1012,"2025-04-17T15:49:53.9475224Z",5,Advapi,SYSTEM
"Apr 17, 2025 @ 20:49:47.685",4624,"CP-AKT-002912",Negotiate,1064,"2025-04-17T15:49:42.8066147Z",5,Advapi,SYSTEM
"Apr 17, 2025 @ 20:49:08.633",4624,"LAB3-18",Negotiate,1044,"2025-04-17T15:49:03.4855898Z",5,Advapi,SYSTEM
"Apr 17, 2025 @ 20:48:41.531",4624,"CP-AKT-002912",Negotiate,1064,"2025-04-17T15:48:36.6713626Z",5,Advapi,SYSTEM
"Apr 17, 2025 @ 20:47:42.466",4624,"CP-AKT-000210",Negotiate,1060,"2025-04-17T15:47:38.0290507Z",5,Advapi,SYSTEM
"Apr 17, 2025 @ 20:47:42.465",4624,"CP-AKT-000210",Negotiate,1060,"2025-04-17T15:47:37.9679170Z",5,Advapi,SYSTEM
"Apr 17, 2025 @ 20:46:33.471",4624,"LAB3-18",Negotiate,1044,"2025-04-17T15:46:28.3034916Z",5,Advapi,SYSTEM
"Apr 17, 2025 @ 20:44:49.145",4624,"CP-AKT-002912",Negotiate,1064,"2025-04-17T15:44:44.3373335Z",5,Advapi,SYSTEM
"Apr 17, 2025 @ 20:44:49.145",4624,"CP-AKT-002912",Negotiate,1064,"2025-04-17T15:44:45.2443000Z",5,Advapi,SYSTEM
"Apr 17, 2025 @ 20:43:55.840",4624,"DESKTOP-5JEIKFF",Negotiate,1012,"2025-04-17T15:43:55.8307212Z",5,Advapi,SYSTEM
"Apr 17, 2025 @ 20:43:54.733",4624,"DESKTOP-5JEIKFF",Negotiate,1012,"2025-04-17T15:43:54.7241125Z",2,User32,Project
"Apr 17, 2025 @ 20:43:54.732",4624,"DESKTOP-5JEIKFF",Negotiate,1012,"2025-04-17T15:43:54.7241044Z",2,User32,Project
"Apr 17, 2025 @ 20:43:46.739",4624,"DESKTOP-5JEIKFF",Negotiate,1012,"2025-04-17T15:43:46.7338630Z",5,Advapi,SYSTEM
"Apr 17, 2025 @ 20:43:34.804",4624,"CP-AKT-002912",Negotiate,1064,"2025-04-17T15:43:30.0178914Z",5,Advapi,SYSTEM
"Apr 17, 2025 @ 20:42:25.129",4624,"CP-AKT-000210",Negotiate,1060,"2025-04-17T15:42:20.6327399Z",5,Advapi,SYSTEM
"Apr 17, 2025 @ 20:41:53.209",4624,"LAB3-10",Negotiate,1068,"2025-04-17T15:42:29.8920592Z",5,Advapi,SYSTEM
"Apr 17, 2025 @ 20:38:37.405",4624,"DESKTOP-5JEIKFF",Negotiate,1012,"2025-04-17T15:38:37.4045857Z",5,Advapi,SYSTEM
"Apr 17, 2025 @ 20:37:44.827",4624,"CP-AKT-000210",Negotiate,1060,"2025-04-17T15:37:44.2878879Z",5,Advapi,SYSTEM
"Apr 17, 2025 @ 20:37:44.826",4624,"CP-AKT-000210",Negotiate,1060,"2025-04-17T15:37:44.2692382Z",5,Advapi,SYSTEM
"Apr 17, 2025 @ 20:37:42.983",4624,"CP-AKT-000210",Negotiate,1060,"2025-04-17T15:37:42.4590112Z",5,Advapi,SYSTEM
"Apr 17, 2025 @ 20:37:30.459",4624,"LAB3-09",Negotiate,1060,"2025-04-17T15:37:43.8272919Z",5,Advapi,SYSTEM
"Apr 17, 2025 @ 20:37:28.043",4624,"CP-AKT-000210",Negotiate,1060,"2025-04-17T15:37:27.8112750Z",5,Advapi,SYSTEM
"Apr 17, 2025 @ 20:37:24.640",4624,"CP-AKT-000210",Negotiate,1060,"2025-04-17T15:37:24.5183162Z",5,Advapi,SYSTEM
"Apr 17, 2025 @ 20:37:24.639",4624,"CP-AKT-000210",Negotiate,1060,"2025-04-17T15:37:24.4757365Z",5,Advapi,SYSTEM
"Apr 17, 2025 @ 20:37:20.718",4624,"LAB3-11",Negotiate,1032,"2025-04-17T15:38:35.1853582Z",5,Advapi,SYSTEM
"Apr 17, 2025 @ 20:37:20.716",4624,"LAB3-11",Negotiate,1032,"2025-04-17T15:38:34.5382006Z",5,Advapi,SYSTEM
"Apr 17, 2025 @ 20:37:20.436",4624,"CP-AKT-000210",Negotiate,1060,"2025-04-17T15:37:21.2468118Z",5,Advapi,SYSTEM
"Apr 17, 2025 @ 20:37:20.422",4624,"CP-AKT-000210",Negotiate,1060,"2025-04-17T15:37:20.4935544Z",5,Advapi,SYSTEM
"Apr 17, 2025 @ 20:37:20.421",4624,"CP-AKT-000210",Negotiate,1060,"2025-04-17T15:37:20.3391040Z",5,Advapi,SYSTEM
"Apr 17, 2025 @ 20:37:18.788",4624,"CP-AKT-000210",Negotiate,1060,"2025-04-17T15:37:19.1868343Z",5,Advapi,SYSTEM
"Apr 17, 2025 @ 20:37:18.774",4624,"CP-AKT-000210",Negotiate,1060,"2025-04-17T15:37:18.7009556Z",2,Advapi,"DWM-4"
"Apr 17, 2025 @ 20:37:18.757",4624,"CP-AKT-000210",Negotiate,1060,"2025-04-17T15:37:18.7009464Z",2,Advapi,"DWM-4"
"Apr 17, 2025 @ 20:37:18.725",4624,"CP-AKT-000210",Negotiate,1060,"2025-04-17T15:37:18.6972795Z",5,Advapi,SYSTEM
"Apr 17, 2025 @ 20:37:18.710",4624,"CP-AKT-000210",Negotiate,1060,"2025-04-17T15:37:18.6703010Z",2,Advapi,"UMFD-4"
"Apr 17, 2025 @ 20:37:18.680",4624,"CP-AKT-000210",Negotiate,1060,"2025-04-17T15:37:18.6273273Z",2,User32,"amsht23f.0019"
"Apr 17, 2025 @ 20:37:15.722",4624,"CP-AKT-000210",Negotiate,1060,"2025-04-17T15:37:15.8810182Z",5,Advapi,SYSTEM
"Apr 17, 2025 @ 20:37:15.706",4624,"CP-AKT-000210",Negotiate,1060,"2025-04-17T15:37:15.7005428Z",2,Advapi,"amsht23f.0019"
"Apr 17, 2025 @ 20:37:14.887",4624,"LAB3-09",Negotiate,1060,"2025-04-17T15:37:28.2654722Z",5,Advapi,SYSTEM
"Apr 17, 2025 @ 20:36:15.853",4625,"CP-AKT-000210",Negotiate,1060,"2025-04-17T15:36:16.9863077Z",2,User32,"amsht23f.0019"
"Apr 17, 2025 @ 20:35:35.409",4624,"LAB3-09",Negotiate,1060,"2025-04-17T15:35:48.7034641Z",5,Advapi,SYSTEM
"Apr 17, 2025 @ 20:35:29.397",4625,"CP-AKT-000210",Negotiate,1060,"2025-04-17T15:35:30.6469159Z",2,User32,"amsht23f.0019"
"Apr 17, 2025 @ 20:34:51.701",4625,"CP-AKT-000210",Negotiate,1060,"2025-04-17T15:34:52.9467420Z",2,User32,"amsht23f.0019"
"Apr 17, 2025 @ 20:34:34.881",4624,"LAB3-11",Negotiate,1032,"2025-04-17T15:35:48.6911322Z",5,Advapi,SYSTEM
"Apr 17, 2025 @ 20:33:04.961",4625,"CP-AKT-000210",Negotiate,1060,"2025-04-17T15:33:06.2104667Z",2,User32,"bsit22f.0005"
"Apr 17, 2025 @ 20:32:53.962",4624,"DESKTOP-5JEIKFF",Negotiate,1012,"2025-04-17T15:32:52.5331469Z",5,Advapi,SYSTEM
"Apr 17, 2025 @ 20:32:06.456",4624,"DESKTOP-5JEIKFF",Negotiate,1012,"2025-04-17T15:32:04.0892102Z",5,Advapi,SYSTEM
"Apr 17, 2025 @ 20:32:02.184",4624,"CP-AKT-000210",Negotiate,1060,"2025-04-17T15:32:03.4442063Z",5,Advapi,SYSTEM
"Apr 17, 2025 @ 20:31:50.019",4624,"CP-AKT-000210",Negotiate,1060,"2025-04-17T15:31:51.2808834Z",5,Advapi,SYSTEM
"Apr 17, 2025 @ 20:31:20.933",4624,"LAB3-09",Negotiate,1060,"2025-04-17T15:31:38.8762516Z",5,Advapi,SYSTEM
"Apr 17, 2025 @ 20:31:20.928",4624,"LAB3-09",Negotiate,1060,"2025-04-17T15:31:38.8751921Z",5,Advapi,SYSTEM
"Apr 17, 2025 @ 20:30:54.507",4624,"CP-AKT-000210",Negotiate,1060,"2025-04-17T15:30:55.8059382Z",5,Advapi,SYSTEM
"Apr 17, 2025 @ 20:30:54.493",4624,"CP-AKT-000210",Negotiate,1060,"2025-04-17T15:30:55.7569430Z",5,Advapi,SYSTEM
"Apr 17, 2025 @ 20:30:05.013",4624,"CP-AKT-000210",Kerberos,1060,"2025-04-17T15:30:01.2332342Z",3,Kerberos,"ADMANAGER$"
"Apr 17, 2025 @ 20:30:04.997",4624,"CP-AKT-000210",NTLM,1060,"2025-04-17T15:30:01.2193277Z",3,NtLmSsp,"ADMANAGER$"
"Apr 17, 2025 @ 20:30:04.981",4624,"CP-AKT-000210",Kerberos,1060,"2025-04-17T15:30:01.2093036Z",3,Kerberos,Administrator
"Apr 17, 2025 @ 20:30:04.965",4624,"CP-AKT-000210",NTLM,1060,"2025-04-17T15:30:01.1896432Z",3,NtLmSsp,Administrator
"Apr 17, 2025 @ 20:29:46.715",4624,"CP-AKT-002912",Negotiate,1064,"2025-04-17T15:29:41.9231526Z",5,Advapi,SYSTEM
"Apr 17, 2025 @ 20:29:08.373",4624,"LAB3-18",Negotiate,1044,"2025-04-17T15:29:09.2739974Z",5,Advapi,SYSTEM
"Apr 17, 2025 @ 20:27:45.006",4624,"LAB3-11",Negotiate,1032,"2025-04-17T15:28:58.8447552Z",5,Advapi,SYSTEM
"Apr 17, 2025 @ 20:27:01.426",4624,"DESKTOP-5JEIKFF",Negotiate,1012,"2025-04-17T15:27:01.4130719Z",5,Advapi,SYSTEM
"Apr 17, 2025 @ 20:27:01.375",4624,"DESKTOP-5JEIKFF",Negotiate,1012,"2025-04-17T15:27:01.3833284Z",5,Advapi,SYSTEM
"Apr 17, 2025 @ 20:23:31.900",4624,"LAB3-18",Negotiate,1044,"2025-04-17T15:23:42.5552319Z",5,Advapi,SYSTEM
"Apr 17, 2025 @ 20:23:01.882",4624,"LAB3-11",Negotiate,1032,"2025-04-17T15:24:15.7282880Z",5,Advapi,SYSTEM
"Apr 17, 2025 @ 20:21:00.960",4624,"DESKTOP-5JEIKFF",Negotiate,1012,"2025-04-17T15:21:01.6172217Z",5,Advapi,SYSTEM
"Apr 17, 2025 @ 20:21:00.954",4624,"DESKTOP-5JEIKFF",Negotiate,1012,"2025-04-17T15:21:01.1972251Z",5,Advapi,SYSTEM
"Apr 17, 2025 @ 20:21:00.942",4624,"DESKTOP-5JEIKFF",Negotiate,1012,"2025-04-17T15:21:00.9681607Z",5,Advapi,SYSTEM
"Apr 17, 2025 @ 20:21:00.904",4624,"DESKTOP-5JEIKFF",Negotiate,1012,"2025-04-17T15:21:00.9461411Z",5,Advapi,SYSTEM
"Apr 17, 2025 @ 20:21:00.898",4624,"DESKTOP-5JEIKFF",Negotiate,1012,"2025-04-17T15:21:00.9402680Z",5,Advapi,SYSTEM
"Apr 17, 2025 @ 20:21:00.896",4624,"DESKTOP-5JEIKFF",Negotiate,1012,"2025-04-17T15:21:00.9158040Z",5,Advapi,SYSTEM
"Apr 17, 2025 @ 20:20:47.743",4624,"DESKTOP-5JEIKFF",Negotiate,1012,"2025-04-17T15:20:47.7494448Z",5,Advapi,SYSTEM
"Apr 17, 2025 @ 20:20:35.034",4624,"LAB3-09",Negotiate,1060,"2025-04-17T15:21:52.1457696Z",5,Advapi,SYSTEM
"Apr 17, 2025 @ 20:19:52.530",4624,"CP-AKT-002912",Negotiate,1064,"2025-04-17T15:19:48.0419945Z",5,Advapi,SYSTEM
"Apr 17, 2025 @ 20:19:47.369",4624,"CP-AKT-002912",Negotiate,1064,"2025-04-17T15:19:42.8857216Z",5,Advapi,SYSTEM
"Apr 17, 2025 @ 20:19:46.758",4624,"LAB3-18",Negotiate,1044,"2025-04-17T15:19:57.6761902Z",5,Advapi,SYSTEM
"Apr 17, 2025 @ 20:19:44.480",4624,"LAB3-18",Negotiate,1044,"2025-04-17T15:19:55.3928784Z",5,Advapi,SYSTEM
"Apr 17, 2025 @ 20:19:24.795",4624,"LAB3-09",Negotiate,1060,"2025-04-17T15:20:41.8648331Z",5,Advapi,SYSTEM
"Apr 17, 2025 @ 20:19:19.376",4624,"LAB3-10",Negotiate,1068,"2025-04-17T15:19:34.0169815Z",5,Advapi,SYSTEM
"Apr 17, 2025 @ 20:18:45.938",4624,"LAB3-09",Negotiate,1060,"2025-04-17T15:20:02.9709854Z",5,Advapi,SYSTEM
"Apr 17, 2025 @ 20:18:40.706",4624,"LAB3-09",Negotiate,1060,"2025-04-17T15:19:57.7417161Z",5,Advapi,SYSTEM
"Apr 17, 2025 @ 20:16:56.253",4624,"CP-AKT-002912",Negotiate,1064,"2025-04-17T15:16:52.2915115Z",5,Advapi,SYSTEM
"Apr 17, 2025 @ 20:15:51.268",4624,"LAB3-11",Negotiate,1032,"2025-04-17T15:17:05.1276658Z",5,Advapi,SYSTEM
"Apr 17, 2025 @ 20:15:16.817",4624,"LAB3-10",Negotiate,1068,"2025-04-17T15:15:34.0814993Z",5,Advapi,SYSTEM
"Apr 17, 2025 @ 20:15:11.055",4624,"DESKTOP-5JEIKFF",Negotiate,1012,"2025-04-17T15:15:11.0724674Z",5,Advapi,SYSTEM
"Apr 17, 2025 @ 20:15:03.962",4624,"CP-AKT-002912",Negotiate,1064,"2025-04-17T15:15:00.2610607Z",5,Advapi,SYSTEM
"Apr 17, 2025 @ 20:14:59.371",4624,"LAB3-09",Negotiate,1060,"2025-04-17T15:16:16.2605458Z",5,Advapi,SYSTEM
"Apr 17, 2025 @ 20:12:32.496",4624,"LAB3-09",Negotiate,1060,"2025-04-17T15:13:49.3144684Z",5,Advapi,SYSTEM
"Apr 17, 2025 @ 20:12:32.491",4624,"LAB3-09",Negotiate,1060,"2025-04-17T15:13:49.3131985Z",5,Advapi,SYSTEM
"Apr 17, 2025 @ 20:11:35.998",4624,"LAB3-18",Negotiate,1044,"2025-04-17T15:12:05.3308838Z",5,Advapi,SYSTEM
"Apr 17, 2025 @ 20:11:23.532",4624,"CP-AKT-000210",Negotiate,1060,"2025-04-17T15:12:39.6024278Z",5,Advapi,SYSTEM
"Apr 17, 2025 @ 20:11:22.324",4624,"CP-AKT-000210",Kerberos,1060,"2025-04-17T15:12:38.7424805Z",3,Kerberos,"CP-AKT-000210$"
"Apr 17, 2025 @ 20:11:22.304",4624,"CP-AKT-000210",Negotiate,1060,"2025-04-17T15:12:38.6548549Z",5,Advapi,SYSTEM
"Apr 17, 2025 @ 20:11:22.299",4624,"CP-AKT-000210",Kerberos,1060,"2025-04-17T15:12:38.6398048Z",3,Kerberos,"CP-AKT-000210$"
"Apr 17, 2025 @ 20:10:07.902",4624,"LAB3-18",Negotiate,1044,"2025-04-17T15:10:55.5585714Z",5,Advapi,SYSTEM
"Apr 17, 2025 @ 20:09:33.959",4624,"LAB3-18",Negotiate,1044,"2025-04-17T15:10:28.6698627Z",5,Advapi,SYSTEM
"Apr 17, 2025 @ 20:09:31.917",4624,"LAB3-18",Negotiate,1044,"2025-04-17T15:10:27.3930161Z",5,Advapi,SYSTEM
"Apr 17, 2025 @ 20:09:31.906",4624,"LAB3-18",Negotiate,1044,"2025-04-17T15:10:27.2642723Z",5,Advapi,SYSTEM
"Apr 17, 2025 @ 20:09:31.904",4624,"LAB3-18",Negotiate,1044,"2025-04-17T15:10:27.0510021Z",5,Advapi,SYSTEM
"Apr 17, 2025 @ 20:09:27.812",4624,"CP-AKT-002912",Negotiate,1064,"2025-04-17T15:09:37.7256375Z",5,Advapi,SYSTEM
"Apr 17, 2025 @ 20:09:08.100",4624,"LAB3-18",Negotiate,1044,"2025-04-17T15:10:08.1877077Z",5,Advapi,SYSTEM
"Apr 17, 2025 @ 20:08:57.219",4624,"CP-AKT-000210",Negotiate,1060,"2025-04-17T15:10:14.0368639Z",5,Advapi,SYSTEM
"Apr 17, 2025 @ 20:08:36.784",4624,"CP-AKT-002912",Negotiate,1064,"2025-04-17T15:08:49.3313575Z",5,Advapi,SYSTEM
"Apr 17, 2025 @ 20:08:32.554",4624,"CP-AKT-002912",Negotiate,1064,"2025-04-17T15:08:45.1059485Z",5,Advapi,SYSTEM
"Apr 17, 2025 @ 20:07:50.676",4624,"LAB3-09",Kerberos,1060,"2025-04-17T15:09:07.5226630Z",3,Kerberos,"LAB3-09$"
"Apr 17, 2025 @ 20:07:50.666",4624,"LAB3-09",Kerberos,1060,"2025-04-17T15:09:07.3007740Z",3,Kerberos,"LAB3-09$"
"Apr 17, 2025 @ 20:07:25.862",4624,"LAB3-10",Negotiate,1068,"2025-04-17T15:07:32.4907137Z",5,Advapi,SYSTEM
"Apr 17, 2025 @ 20:06:36.851",4624,"CP-AKT-002912",Negotiate,1064,"2025-04-17T15:06:49.3924075Z",5,Advapi,SYSTEM
"Apr 17, 2025 @ 20:06:11.996",4624,"CP-AKT-000210",Negotiate,1060,"2025-04-17T15:07:23.9234235Z",5,Advapi,SYSTEM
"Apr 17, 2025 @ 20:06:11.995",4624,"CP-AKT-000210",Negotiate,1060,"2025-04-17T15:06:38.7837753Z",5,Advapi,SYSTEM
"Apr 17, 2025 @ 20:05:29.576",4624,"LAB3-18",Negotiate,1044,"2025-04-17T15:06:43.6832456Z",5,Advapi,SYSTEM
"Apr 17, 2025 @ 20:05:29.571",4624,"LAB3-18",Negotiate,1044,"2025-04-17T15:06:43.4655208Z",5,Advapi,SYSTEM
"Apr 17, 2025 @ 20:05:29.564",4624,"LAB3-18",Negotiate,1044,"2025-04-17T15:06:43.3685098Z",5,Advapi,SYSTEM
"Apr 17, 2025 @ 20:05:25.326",4624,"LAB3-18",Negotiate,1044,"2025-04-17T15:06:39.1304770Z",5,Advapi,SYSTEM
"Apr 17, 2025 @ 20:05:22.830",4624,"LAB3-18",Negotiate,1044,"2025-04-17T15:06:36.6349509Z",5,Advapi,SYSTEM
"Apr 17, 2025 @ 20:04:47.724",4624,"DESKTOP-5JEIKFF",Negotiate,1012,"2025-04-17T15:04:47.7466162Z",5,Advapi,SYSTEM
"Apr 17, 2025 @ 20:04:46.943",4624,"LAB3-18",Negotiate,1044,"2025-04-17T15:06:00.7574462Z",5,Advapi,SYSTEM
"Apr 17, 2025 @ 20:04:44.543",4624,"LAB3-18",Negotiate,1044,"2025-04-17T15:05:58.3383195Z",5,Advapi,SYSTEM
"Apr 17, 2025 @ 20:03:42.738",4624,"LAB3-09",Negotiate,1060,"2025-04-17T15:04:59.2198369Z",5,Advapi,SYSTEM
"Apr 17, 2025 @ 20:01:34.926",4624,"LAB3-11",Negotiate,1032,"2025-04-17T15:02:49.0049445Z",5,Advapi,SYSTEM
"Apr 17, 2025 @ 20:01:34.924",4624,"LAB3-11",Negotiate,1032,"2025-04-17T15:02:48.8198970Z",5,Advapi,SYSTEM
"Apr 17, 2025 @ 20:01:17.714",4624,"CP-AKT-002912",Negotiate,1064,"2025-04-17T15:01:30.2804228Z",5,Advapi,SYSTEM
"Apr 17, 2025 @ 20:00:02.605",4624,"LAB3-11",Negotiate,1032,"2025-04-17T15:01:16.5149503Z",5,Advapi,SYSTEM
"Apr 17, 2025 @ 19:59:50.954",4624,"LAB3-18",Negotiate,1044,"2025-04-17T15:01:04.9679516Z",5,Advapi,SYSTEM
"Apr 17, 2025 @ 19:58:00.095",4624,"LAB3-09",Negotiate,1060,"2025-04-17T14:59:16.3505528Z",5,Advapi,SYSTEM
"Apr 17, 2025 @ 19:57:16.562",4624,"LAB3-10",Kerberos,1068,"2025-04-17T14:57:07.4110825Z",3,Kerberos,"ADMANAGER$"
"Apr 17, 2025 @ 19:57:16.546",4624,"LAB3-10",NTLM,1068,"2025-04-17T14:57:07.4062841Z",3,NtLmSsp,"ADMANAGER$"
"Apr 17, 2025 @ 19:57:16.533",4624,"LAB3-10",Kerberos,1068,"2025-04-17T14:57:07.3894557Z",3,Kerberos,Administrator
"Apr 17, 2025 @ 19:57:16.532",4624,"LAB3-10",Kerberos,1068,"2025-04-17T14:57:07.3408602Z",3,Kerberos,Administrator
"Apr 17, 2025 @ 19:56:54.966",4624,"LAB3-09",Negotiate,1060,"2025-04-17T14:58:11.4096345Z",5,Advapi,SYSTEM
"Apr 17, 2025 @ 19:56:54.965",4624,"LAB3-09",Negotiate,1060,"2025-04-17T14:58:11.1787578Z",5,Advapi,SYSTEM
"Apr 17, 2025 @ 19:56:27.477",4624,"LAB3-18",Negotiate,1044,"2025-04-17T14:57:42.3330497Z",5,Advapi,SYSTEM
"Apr 17, 2025 @ 19:55:57.455",4624,"CP-AKT-002912",Negotiate,1064,"2025-04-17T14:57:07.9733124Z",5,Advapi,SYSTEM
"Apr 17, 2025 @ 19:55:23.992",4624,"LAB3-18",Negotiate,1044,"2025-04-17T14:56:39.0297571Z",5,Advapi,SYSTEM
"Apr 17, 2025 @ 19:54:39.679",4624,"CP-AKT-002912",Negotiate,1064,"2025-04-17T14:55:55.6438975Z",5,Advapi,SYSTEM
"Apr 17, 2025 @ 19:54:08.829",4624,"LAB3-18",Negotiate,1044,"2025-04-17T14:55:23.8799754Z",5,Advapi,SYSTEM
"Apr 17, 2025 @ 19:54:00.082",4624,"LAB3-18",Negotiate,1044,"2025-04-17T14:55:15.1236024Z",11,CredPro,"bsit22f.0005"
"Apr 17, 2025 @ 19:53:49.861",4624,"DESKTOP-5JEIKFF",Negotiate,1012,"2025-04-17T14:53:49.8771748Z",5,Advapi,SYSTEM
"Apr 17, 2025 @ 19:53:40.116",4624,"CP-AKT-002912",Negotiate,1064,"2025-04-17T14:54:56.0608649Z",5,Advapi,SYSTEM
"Apr 17, 2025 @ 19:53:05.582",4624,"LAB3-09",Negotiate,1060,"2025-04-17T14:54:21.6307338Z",5,Advapi,SYSTEM
"Apr 17, 2025 @ 19:52:16.778",4624,"LAB3-09",Negotiate,1060,"2025-04-17T14:53:32.8467905Z",5,Advapi,SYSTEM
"Apr 17, 2025 @ 19:52:16.776",4624,"LAB3-09",Negotiate,1060,"2025-04-17T14:53:32.7981756Z",5,Advapi,SYSTEM
"Apr 17, 2025 @ 19:52:06.813",4624,"CP-AKT-000210",Negotiate,1060,"2025-04-17T14:53:22.7003545Z",5,Advapi,SYSTEM
"Apr 17, 2025 @ 19:52:06.798",4624,"CP-AKT-000210",Negotiate,1060,"2025-04-17T14:53:22.5956013Z",5,Advapi,SYSTEM
"Apr 17, 2025 @ 19:51:57.002",4624,"CP-AKT-000210",Negotiate,1060,"2025-04-17T14:53:12.4430911Z",5,Advapi,SYSTEM
"Apr 17, 2025 @ 19:51:56.986",4624,"CP-AKT-000210",Negotiate,1060,"2025-04-17T14:53:11.5413364Z",5,Advapi,SYSTEM
"Apr 17, 2025 @ 19:51:56.846",4624,"CP-AKT-000210",Negotiate,1060,"2025-04-17T14:31:22.1678286Z",5,Advapi,SYSTEM
"Apr 17, 2025 @ 19:51:56.768",4624,"CP-AKT-000210",Kerberos,1060,"2025-04-17T14:30:05.2797096Z",3,Kerberos,"ADMANAGER$"
"Apr 17, 2025 @ 19:51:56.752",4624,"CP-AKT-000210",NTLM,1060,"2025-04-17T14:30:05.2773447Z",3,NtLmSsp,"ADMANAGER$"
"Apr 17, 2025 @ 19:51:56.736",4624,"CP-AKT-000210",Kerberos,1060,"2025-04-17T14:30:05.2681545Z",3,Kerberos,Administrator
"Apr 17, 2025 @ 19:51:56.720",4624,"CP-AKT-000210",NTLM,1060,"2025-04-17T14:30:05.2491287Z",3,NtLmSsp,Administrator
"Apr 17, 2025 @ 19:51:56.659",4624,"CP-AKT-000210",Negotiate,1060,"2025-04-17T13:45:57.0198712Z",5,Advapi,SYSTEM
"Apr 17, 2025 @ 19:51:56.565",4624,"CP-AKT-000210",Kerberos,1060,"2025-04-17T13:26:25.0795015Z",3,Kerberos,"ADMANAGER$"
"Apr 17, 2025 @ 19:51:56.549",4624,"CP-AKT-000210",NTLM,1060,"2025-04-17T13:26:25.0753327Z",3,NtLmSsp,"ADMANAGER$"
"Apr 17, 2025 @ 19:51:56.534",4624,"CP-AKT-000210",Kerberos,1060,"2025-04-17T13:26:19.7140210Z",3,Kerberos,Administrator
"Apr 17, 2025 @ 19:51:56.518",4624,"CP-AKT-000210",Kerberos,1060,"2025-04-17T13:26:19.6935347Z",3,Kerberos,Administrator
"Apr 17, 2025 @ 19:51:56.487",4624,"CP-AKT-000210",Negotiate,1060,"2025-04-17T13:07:52.1230688Z",5,Advapi,SYSTEM
"Apr 17, 2025 @ 19:51:56.471",4624,"CP-AKT-000210",Negotiate,1060,"2025-04-17T13:07:50.7441829Z",5,Advapi,SYSTEM
"Apr 17, 2025 @ 19:51:56.456",4624,"CP-AKT-000210",Negotiate,1060,"2025-04-17T13:07:50.7396680Z",5,Advapi,SYSTEM
"Apr 17, 2025 @ 19:51:56.440",4624,"CP-AKT-000210",Negotiate,1060,"2025-04-17T13:07:50.7386735Z",5,Advapi,SYSTEM
"Apr 17, 2025 @ 19:51:56.424",4624,"CP-AKT-000210",Negotiate,1060,"2025-04-17T13:07:50.7358698Z",5,Advapi,SYSTEM
"Apr 17, 2025 @ 19:51:56.408",4624,"CP-AKT-000210",Negotiate,1060,"2025-04-17T13:07:50.7348584Z",5,Advapi,SYSTEM
"Apr 17, 2025 @ 19:51:56.394",4624,"CP-AKT-000210",Negotiate,1060,"2025-04-17T13:07:50.7324397Z",5,Advapi,SYSTEM
"Apr 17, 2025 @ 19:51:56.376",4624,"CP-AKT-000210",Negotiate,1060,"2025-04-17T13:07:49.8557089Z",5,Advapi,SYSTEM
"Apr 17, 2025 @ 19:51:56.361",4624,"CP-AKT-000210",Negotiate,1060,"2025-04-17T13:07:48.6870780Z",5,Advapi,SYSTEM
"Apr 17, 2025 @ 19:51:56.345",4624,"CP-AKT-000210",Negotiate,1060,"2025-04-17T13:07:47.5737329Z",5,Advapi,SYSTEM
"Apr 17, 2025 @ 19:51:56.329",4624,"CP-AKT-000210",Negotiate,1060,"2025-04-17T13:07:47.5709550Z",5,Advapi,SYSTEM
"Apr 17, 2025 @ 19:51:56.314",4624,"CP-AKT-000210",Negotiate,1060,"2025-04-17T13:07:47.5705746Z",5,Advapi,SYSTEM
"Apr 17, 2025 @ 19:51:56.299",4624,"CP-AKT-000210",Negotiate,1060,"2025-04-17T13:07:47.5692587Z",5,Advapi,SYSTEM
"Apr 17, 2025 @ 19:51:56.284",4624,"CP-AKT-000210",Negotiate,1060,"2025-04-17T13:07:47.5688555Z",5,Advapi,SYSTEM
"Apr 17, 2025 @ 19:51:56.268",4624,"CP-AKT-000210",Negotiate,1060,"2025-04-17T13:07:47.5672908Z",5,Advapi,SYSTEM
"Apr 17, 2025 @ 19:51:56.253",4624,"CP-AKT-000210",Negotiate,1060,"2025-04-17T13:07:47.4527886Z",5,Advapi,SYSTEM
"Apr 17, 2025 @ 19:51:56.237",4624,"CP-AKT-000210",Negotiate,1060,"2025-04-17T13:07:43.2147851Z",5,Advapi,SYSTEM
"Apr 17, 2025 @ 19:51:56.221",4624,"CP-AKT-000210",Negotiate,1060,"2025-04-17T13:06:13.6616401Z",5,Advapi,SYSTEM
"Apr 17, 2025 @ 19:51:56.190",4624,"CP-AKT-000210",Negotiate,1060,"2025-04-17T12:52:46.2849902Z",5,Advapi,SYSTEM
"Apr 17, 2025 @ 19:51:56.175",4624,"CP-AKT-000210",Negotiate,1060,"2025-04-17T12:44:11.7932553Z",5,Advapi,SYSTEM
"Apr 17, 2025 @ 19:51:56.158",4624,"CP-AKT-000210",Negotiate,1060,"2025-04-17T12:43:16.3992381Z",5,Advapi,SYSTEM
"Apr 17, 2025 @ 19:51:56.143",4624,"CP-AKT-000210",Negotiate,1060,"2025-04-17T12:39:09.0505355Z",5,Advapi,SYSTEM
"Apr 17, 2025 @ 19:51:56.127",4624,"CP-AKT-000210",Negotiate,1060,"2025-04-17T12:38:07.7631194Z",5,Advapi,SYSTEM
"Apr 17, 2025 @ 19:51:56.111",4624,"CP-AKT-000210",Negotiate,1060,"2025-04-17T12:38:07.7122800Z",5,Advapi,SYSTEM
"Apr 17, 2025 @ 19:51:56.096",4624,"CP-AKT-000210",Negotiate,1060,"2025-04-17T12:36:54.5052306Z",5,Advapi,SYSTEM
"Apr 17, 2025 @ 19:51:56.081",4624,"CP-AKT-000210",Negotiate,1060,"2025-04-17T12:30:48.2116847Z",5,Advapi,SYSTEM
"Apr 17, 2025 @ 19:51:56.065",4624,"CP-AKT-000210",Negotiate,1060,"2025-04-17T12:29:53.7061725Z",5,Advapi,SYSTEM
"Apr 17, 2025 @ 19:51:56.049",4624,"CP-AKT-000210",Negotiate,1060,"2025-04-17T12:29:52.8257708Z",5,Advapi,SYSTEM
"Apr 17, 2025 @ 19:51:56.034",4624,"CP-AKT-000210",Negotiate,1060,"2025-04-17T12:29:25.3995301Z",5,Advapi,SYSTEM
"Apr 17, 2025 @ 19:51:56.002",4624,"CP-AKT-000210",Negotiate,1060,"2025-04-17T12:29:03.7997328Z",11,CredPro,"bsit22f.0005"
"Apr 17, 2025 @ 19:51:55.954",4624,"CP-AKT-000210",Negotiate,1060,"2025-04-17T12:28:25.2322866Z",11,CredPro,"bsit22f.0005"
"Apr 17, 2025 @ 19:51:55.923",4625,"CP-AKT-000210",Negotiate,1060,"2025-04-17T12:28:18.7840422Z",2,CredPro,"bsit22f.0005"
"Apr 17, 2025 @ 19:51:55.908",4625,"CP-AKT-000210",Negotiate,1060,"2025-04-17T12:28:18.7218694Z",11,CredPro,"bsit22f.0005"
"Apr 17, 2025 @ 19:51:55.892",4624,"CP-AKT-000210",Negotiate,1060,"2025-04-17T12:26:51.9781898Z",5,Advapi,SYSTEM
"Apr 17, 2025 @ 19:51:55.861",4624,"CP-AKT-000210",Negotiate,1060,"2025-04-17T12:18:01.0759992Z",2,User32,"bsit22f.0005"
"Apr 17, 2025 @ 19:51:55.829",4624,"CP-AKT-000210",Negotiate,1060,"2025-04-17T12:17:53.3974519Z",5,Advapi,SYSTEM
"Apr 17, 2025 @ 19:51:55.814",4624,"CP-AKT-000210",Negotiate,1060,"2025-04-17T12:14:45.1836716Z",5,Advapi,SYSTEM
"Apr 17, 2025 @ 19:51:55.798",4624,"CP-AKT-000210",Negotiate,1060,"2025-04-17T12:03:13.6158773Z",5,Advapi,SYSTEM
"Apr 17, 2025 @ 19:51:55.782",4624,"CP-AKT-000210",Negotiate,1060,"2025-04-17T12:01:39.3036769Z",5,Advapi,SYSTEM
"Apr 17, 2025 @ 19:51:55.753",4624,"CP-AKT-000210",Negotiate,1060,"2025-04-17T11:58:11.2646157Z",2,User32,"bsit22f.0005"
"Apr 17, 2025 @ 19:51:55.721",4624,"CP-AKT-000210",Negotiate,1060,"2025-04-17T11:58:01.3521369Z",5,Advapi,SYSTEM
"Apr 17, 2025 @ 19:51:55.707",4624,"CP-AKT-000210",Negotiate,1060,"2025-04-17T11:58:00.1945452Z",5,Advapi,SYSTEM
"Apr 17, 2025 @ 19:51:55.690",4624,"CP-AKT-000210",Negotiate,1060,"2025-04-17T11:58:00.0856520Z",5,Advapi,SYSTEM
"Apr 17, 2025 @ 19:51:55.658",4624,"CP-AKT-000210",Negotiate,1060,"2025-04-17T11:58:00.0327485Z",5,Advapi,SYSTEM
"Apr 17, 2025 @ 19:51:55.611",4624,"CP-AKT-000210",Kerberos,1060,"2025-04-17T11:53:18.6704224Z",3,Kerberos,"CP-AKT-000210$"
"Apr 17, 2025 @ 19:51:55.579",4624,"CP-AKT-000210",Kerberos,1060,"2025-04-17T11:53:18.4752481Z",3,Kerberos,"CP-AKT-000210$"
"Apr 17, 2025 @ 19:51:55.564",4624,"CP-AKT-000210",Negotiate,1060,"2025-04-17T11:43:46.5939543Z",5,Advapi,SYSTEM
"Apr 17, 2025 @ 19:51:55.548",4624,"CP-AKT-000210",Negotiate,1060,"2025-04-17T11:38:55.5166666Z",5,Advapi,SYSTEM
"Apr 17, 2025 @ 19:51:55.532",4624,"CP-AKT-000210",Negotiate,1060,"2025-04-17T11:36:54.9401042Z",5,Advapi,SYSTEM
"Apr 17, 2025 @ 19:51:55.517",4625,"CP-AKT-000210",Negotiate,1060,"2025-04-17T11:35:33.4718678Z",2,User32,"Other user"
"Apr 17, 2025 @ 19:51:55.501",4625,"CP-AKT-000210",Negotiate,1060,"2025-04-17T11:35:29.5317187Z",2,User32,"Other user"
"Apr 17, 2025 @ 19:51:55.486",4625,"CP-AKT-000210",Negotiate,1060,"2025-04-17T11:35:27.7658900Z",2,User32,"Other user"
"Apr 17, 2025 @ 19:51:55.470",4625,"CP-AKT-000210",Negotiate,1060,"2025-04-17T11:35:26.2178396Z",2,User32,"Other user"
"Apr 17, 2025 @ 19:51:55.455",4625,"CP-AKT-000210",Negotiate,1060,"2025-04-17T11:35:21.8597325Z",2,User32,"Other user"
"Apr 17, 2025 @ 19:51:55.439",4625,"CP-AKT-000210",Negotiate,1060,"2025-04-17T11:35:18.8262654Z",2,User32,"Other user"
"Apr 17, 2025 @ 19:51:55.423",4624,"CP-AKT-000210",Negotiate,1060,"2025-04-17T11:34:23.7922837Z",5,Advapi,SYSTEM
"Apr 17, 2025 @ 19:51:55.392",4624,"CP-AKT-000210",Negotiate,1060,"2025-04-17T11:33:12.9037983Z",5,Advapi,SYSTEM
"Apr 17, 2025 @ 19:51:55.314",4624,"CP-AKT-000210",Negotiate,1060,"2025-04-17T11:31:55.0960277Z",5,Advapi,SYSTEM
"Apr 17, 2025 @ 19:51:55.299",4624,"CP-AKT-000210",Kerberos,1060,"2025-04-17T11:31:55.0659683Z",3,Kerberos,"ADMANAGER$"
"Apr 17, 2025 @ 19:51:55.283",4624,"CP-AKT-000210",NTLM,1060,"2025-04-17T11:31:55.0584713Z",3,NtLmSsp,"ADMANAGER$"
"Apr 17, 2025 @ 19:51:55.269",4624,"CP-AKT-000210",Kerberos,1060,"2025-04-17T11:31:52.7662471Z",3,Kerberos,Administrator
"Apr 17, 2025 @ 19:51:55.252",4624,"CP-AKT-000210",Kerberos,1060,"2025-04-17T11:31:52.7474725Z",3,Kerberos,Administrator
"Apr 17, 2025 @ 19:51:55.237",4624,"CP-AKT-000210",Negotiate,1060,"2025-04-17T11:31:19.2019803Z",5,Advapi,SYSTEM
"Apr 17, 2025 @ 19:51:55.206",4624,"CP-AKT-000210",Negotiate,1060,"2025-04-17T11:24:22.0289127Z",5,Advapi,SYSTEM
"Apr 17, 2025 @ 19:51:55.189",4624,"CP-AKT-000210",Negotiate,1060,"2025-04-17T11:18:16.8722543Z",5,Advapi,SYSTEM
"Apr 17, 2025 @ 19:51:55.174",4624,"CP-AKT-000210",Negotiate,1060,"2025-04-17T11:10:08.0165596Z",5,Advapi,SYSTEM
"Apr 17, 2025 @ 19:51:55.158",4624,"CP-AKT-000210",Negotiate,1060,"2025-04-17T11:09:13.9247114Z",5,Advapi,SYSTEM
"Apr 17, 2025 @ 19:51:55.143",4624,"CP-AKT-000210",Negotiate,1060,"2025-04-17T11:08:20.0723043Z",5,Advapi,SYSTEM
"Apr 17, 2025 @ 19:51:55.127",4624,"CP-AKT-000210",Negotiate,1060,"2025-04-17T11:08:16.7858762Z",5,Advapi,SYSTEM
"Apr 17, 2025 @ 19:51:55.096",4624,"CP-AKT-000210",Negotiate,1060,"2025-04-17T11:05:20.2638044Z",5,Advapi,SYSTEM
"Apr 17, 2025 @ 19:51:55.080",4624,"CP-AKT-000210",Negotiate,1060,"2025-04-17T11:05:20.2295469Z",5,Advapi,SYSTEM
"Apr 17, 2025 @ 19:51:55.017",4624,"CP-AKT-000210",Negotiate,1060,"2025-04-17T10:53:33.5287214Z",5,Advapi,SYSTEM
"Apr 17, 2025 @ 19:51:55.016",4624,"CP-AKT-000210",Negotiate,1060,"2025-04-17T10:48:37.8805487Z",5,Advapi,SYSTEM
"Apr 17, 2025 @ 19:51:54.970",4624,"CP-AKT-000210",Negotiate,1060,"2025-04-17T10:47:37.2130057Z",5,Advapi,SYSTEM
"Apr 17, 2025 @ 19:51:54.954",4624,"CP-AKT-000210",Negotiate,1060,"2025-04-17T10:38:47.9937463Z",5,Advapi,SYSTEM
"Apr 17, 2025 @ 19:51:54.939",4624,"CP-AKT-000210",Negotiate,1060,"2025-04-17T10:38:46.0059167Z",5,Advapi,SYSTEM
"Apr 17, 2025 @ 19:51:54.923",4624,"CP-AKT-000210",Negotiate,1060,"2025-04-17T10:33:06.2782174Z",5,Advapi,SYSTEM
"Apr 17, 2025 @ 19:51:54.908",4624,"CP-AKT-000210",Negotiate,1060,"2025-04-17T10:32:28.0894393Z",5,Advapi,SYSTEM
"Apr 17, 2025 @ 19:51:54.892",4624,"CP-AKT-000210",Negotiate,1060,"2025-04-17T10:32:27.8977254Z",5,Advapi,SYSTEM
"Apr 17, 2025 @ 19:51:54.876",4624,"CP-AKT-000210",Negotiate,1060,"2025-04-17T10:31:32.0259935Z",5,Advapi,SYSTEM
"Apr 17, 2025 @ 19:51:54.861",4624,"CP-AKT-000210",Negotiate,1060,"2025-04-17T10:29:01.4835349Z",5,Advapi,SYSTEM
"Apr 17, 2025 @ 19:51:54.846",4624,"CP-AKT-000210",Negotiate,1060,"2025-04-17T10:28:57.2112367Z",5,Advapi,SYSTEM
"Apr 17, 2025 @ 19:51:54.831",4624,"CP-AKT-000210",Negotiate,1060,"2025-04-17T10:28:53.1737612Z",5,Advapi,SYSTEM
"Apr 17, 2025 @ 19:51:54.815",4624,"CP-AKT-000210",Negotiate,1060,"2025-04-17T10:28:44.6949104Z",5,Advapi,SYSTEM
"Apr 17, 2025 @ 19:51:54.783",4624,"CP-AKT-000210",Kerberos,1060,"2025-04-17T10:18:19.2410983Z",3,Kerberos,"CP-AKT-000210$"
"Apr 17, 2025 @ 19:51:54.752",4624,"CP-AKT-000210",Kerberos,1060,"2025-04-17T10:18:18.9030276Z",3,Kerberos,"CP-AKT-000210$"
"Apr 17, 2025 @ 19:51:54.736",4624,"CP-AKT-000210",Negotiate,1060,"2025-04-17T10:12:21.4170809Z",5,Advapi,SYSTEM
"Apr 17, 2025 @ 19:51:54.721",4624,"CP-AKT-000210",Negotiate,1060,"2025-04-17T10:06:38.2125786Z",5,Advapi,SYSTEM
"Apr 17, 2025 @ 19:51:54.706",4624,"CP-AKT-000210",Negotiate,1060,"2025-04-17T10:06:36.5565119Z",5,Advapi,SYSTEM
"Apr 17, 2025 @ 19:51:54.689",4624,"CP-AKT-000210",Negotiate,1060,"2025-04-17T10:05:58.7422691Z",5,Advapi,SYSTEM
"Apr 17, 2025 @ 19:51:54.674",4624,"CP-AKT-000210",Negotiate,1060,"2025-04-17T09:57:42.3448383Z",5,Advapi,SYSTEM
"Apr 17, 2025 @ 19:51:54.662",4624,"CP-AKT-000210",Negotiate,1060,"2025-04-17T09:55:24.0773351Z",5,Advapi,SYSTEM
"Apr 17, 2025 @ 19:51:54.659",4624,"CP-AKT-000210",Negotiate,1060,"2025-04-17T09:44:21.9183721Z",5,Advapi,SYSTEM
"Apr 17, 2025 @ 19:51:48.728",4624,"LAB3-18",Negotiate,1044,"2025-04-17T14:53:04.4277844Z",5,Advapi,SYSTEM
"Apr 17, 2025 @ 19:51:48.712",4624,"LAB3-18",Negotiate,1044,"2025-04-17T14:53:04.1192865Z",5,Advapi,SYSTEM
"Apr 17, 2025 @ 19:51:48.696",4624,"LAB3-18",Negotiate,1044,"2025-04-17T14:53:03.7045369Z",5,Advapi,SQLTELEMETRY
"Apr 17, 2025 @ 19:51:45.658",4624,"LAB3-18",Negotiate,1044,"2025-04-17T14:53:00.6917649Z",5,Advapi,MSSQLSERVER
"Apr 17, 2025 @ 19:51:39.133",4624,"LAB3-18",Negotiate,1044,"2025-04-17T14:52:54.1594382Z",5,Advapi,SYSTEM
"Apr 17, 2025 @ 19:51:33.738",4624,"LAB3-18",Negotiate,1044,"2025-04-17T14:52:48.7813509Z",5,Advapi,SYSTEM
"Apr 17, 2025 @ 19:51:28.587",4624,"LAB3-18",Negotiate,1044,"2025-04-17T14:52:43.6251826Z",5,Advapi,SYSTEM
"Apr 17, 2025 @ 19:50:54.801",4624,"LAB3-18",Negotiate,1044,"2025-04-17T14:52:09.8409179Z",5,Advapi,SYSTEM
"Apr 17, 2025 @ 19:50:37.704",4624,"CP-AKT-002912",Negotiate,1064,"2025-04-17T14:51:53.6843294Z",5,Advapi,SYSTEM
"Apr 17, 2025 @ 19:50:37.692",4624,"CP-AKT-002912",Negotiate,1064,"2025-04-17T14:51:53.6705472Z",2,User32,"bsit22f.0038"
"Apr 17, 2025 @ 19:50:37.296",4624,"LAB3-18",Negotiate,1044,"2025-04-17T14:51:52.3308546Z",5,Advapi,SYSTEM
"Apr 17, 2025 @ 19:50:35.260",4625,"CP-AKT-002912",Negotiate,1064,"2025-04-17T14:51:41.2292696Z",2,User32,"bsit22f.0038"
"Apr 17, 2025 @ 19:50:32.824",4624,"LAB3-18",Negotiate,1044,"2025-04-17T14:51:47.3317513Z",5,Advapi,SYSTEM
"Apr 17, 2025 @ 19:50:32.808",4624,"LAB3-18",Negotiate,1044,"2025-04-17T14:51:47.3147953Z",5,Advapi,SYSTEM
"Apr 17, 2025 @ 19:50:31.809",4624,"LAB3-18",Negotiate,1044,"2025-04-17T14:51:46.3149229Z",5,Advapi,SYSTEM
"Apr 17, 2025 @ 19:50:31.793",4624,"LAB3-18",Negotiate,1044,"2025-04-17T14:51:45.9306580Z",5,Advapi,SYSTEM
"Apr 17, 2025 @ 19:50:31.778",4624,"LAB3-18",Negotiate,1044,"2025-04-17T14:51:45.5495987Z",5,Advapi,SYSTEM
"Apr 17, 2025 @ 19:50:27.326",4624,"LAB3-18",Negotiate,1044,"2025-04-17T14:51:42.3769129Z",5,Advapi,SYSTEM
"Apr 17, 2025 @ 19:50:26.561",4624,"LAB3-18",Negotiate,1044,"2025-04-17T14:51:40.7388077Z",5,Advapi,SYSTEM
"Apr 17, 2025 @ 19:50:26.545",4624,"LAB3-18",Negotiate,1044,"2025-04-17T14:51:40.6039999Z",5,Advapi,SYSTEM
"Apr 17, 2025 @ 19:50:26.530",4624,"LAB3-18",Negotiate,1044,"2025-04-17T14:51:39.7037700Z",5,Advapi,SYSTEM
"Apr 17, 2025 @ 19:50:26.514",4624,"LAB3-18",Negotiate,1044,"2025-04-17T14:51:39.6374258Z",5,Advapi,SYSTEM
"Apr 17, 2025 @ 19:50:26.498",4624,"LAB3-18",Negotiate,1044,"2025-04-17T14:51:39.6374221Z",5,Advapi,SYSTEM
"Apr 17, 2025 @ 19:50:26.467",4624,"LAB3-18",Kerberos,1044,"2025-04-17T14:51:39.6100712Z",3,Kerberos,"LAB3-18$"
"Apr 17, 2025 @ 19:50:26.436",4624,"LAB3-18",Kerberos,1044,"2025-04-17T14:51:39.2736483Z",3,Kerberos,"LAB3-18$"
"Apr 17, 2025 @ 19:50:26.420",4624,"LAB3-18",Negotiate,1044,"2025-04-17T14:51:38.8224276Z",5,Advapi,SYSTEM
"Apr 17, 2025 @ 19:50:26.405",4624,"LAB3-18",Negotiate,1044,"2025-04-17T14:51:38.5277268Z",5,Advapi,SYSTEM
"Apr 17, 2025 @ 19:50:26.389",4624,"LAB3-18",Negotiate,1044,"2025-04-17T14:51:09.4153966Z",11,User32,"bsit22f.0005"
"Apr 17, 2025 @ 19:50:26.360",4624,"LAB3-18",Negotiate,1044,"2025-04-17T14:51:02.0839522Z",5,Advapi,SYSTEM
"Apr 17, 2025 @ 19:50:26.358",4624,"LAB3-18",Negotiate,1044,"2025-04-17T14:51:01.3878238Z",5,Advapi,SYSTEM
"Apr 17, 2025 @ 19:50:22.996",4624,"LAB3-10",Kerberos,1068,"2025-04-17T14:50:18.6714453Z",3,Kerberos,"LAB3-10$"
"Apr 17, 2025 @ 19:50:22.987",4624,"LAB3-10",Kerberos,1068,"2025-04-17T14:50:18.3172681Z",3,Kerberos,"LAB3-10$"
"Apr 17, 2025 @ 19:49:26.715",4624,"LAB3-09",Negotiate,1060,"2025-04-17T14:50:42.6446477Z",5,Advapi,SYSTEM
"Apr 17, 2025 @ 19:49:07.799",4624,"LAB3-18",Negotiate,928,"2025-04-17T14:50:23.2237021Z",5,Advapi,SYSTEM
"Apr 17, 2025 @ 19:48:59.408",4624,"LAB3-09",Negotiate,1060,"2025-04-17T14:50:15.5365911Z",5,Advapi,SYSTEM
"Apr 17, 2025 @ 19:48:59.405",4624,"LAB3-09",Negotiate,1060,"2025-04-17T14:50:15.3109939Z",5,Advapi,SYSTEM
"Apr 17, 2025 @ 19:48:58.706",4624,"CP-AKT-002912",Negotiate,1064,"2025-04-17T14:50:14.4751051Z",5,Advapi,SYSTEM
"Apr 17, 2025 @ 19:48:53.778",4624,"CP-AKT-002912",Negotiate,1064,"2025-04-17T14:50:09.5269286Z",5,Advapi,SYSTEM
"Apr 17, 2025 @ 19:48:52.435",4624,"DESKTOP-5JEIKFF",Negotiate,1012,"2025-04-17T14:48:52.4601154Z",5,Advapi,SYSTEM
"Apr 17, 2025 @ 19:47:59.051",4624,"DESKTOP-5JEIKFF",Negotiate,1012,"2025-04-17T14:47:59.0833992Z",5,Advapi,SYSTEM
"Apr 17, 2025 @ 19:47:37.700",4624,"CP-AKT-002912",Negotiate,1064,"2025-04-17T14:48:53.4664501Z",5,Advapi,SYSTEM
"Apr 17, 2025 @ 19:47:36.042",4624,"LAB3-09",Negotiate,1060,"2025-04-17T14:48:51.9171304Z",5,Advapi,SYSTEM
"Apr 17, 2025 @ 19:47:32.920",4624,"CP-AKT-002912",Negotiate,1064,"2025-04-17T14:48:48.7011809Z",5,Advapi,SYSTEM
"Apr 17, 2025 @ 19:47:32.914",4624,"CP-AKT-002912",Negotiate,1064,"2025-04-17T14:48:48.6861460Z",2,User32,"bsit22f.0038"
"Apr 17, 2025 @ 19:47:30.477",4624,"LAB3-18",Negotiate,928,"2025-04-17T14:48:45.9098097Z",5,Advapi,SYSTEM
"Apr 17, 2025 @ 19:47:01.627",4624,"CP-AKT-002912",Negotiate,1064,"2025-04-17T14:48:17.4065315Z",5,Advapi,SYSTEM
"Apr 17, 2025 @ 19:47:00.582",4624,"LAB3-09",Negotiate,1060,"2025-04-17T14:48:16.4372735Z",5,Advapi,SYSTEM
"Apr 17, 2025 @ 19:46:57.718",4625,"DESKTOP-5JEIKFF",Negotiate,1012,"2025-04-17T14:46:57.7002111Z",2,seclogo,wronguser
"Apr 17, 2025 @ 19:46:57.715",4625,"DESKTOP-5JEIKFF",Negotiate,1012,"2025-04-17T14:46:57.6980119Z",2,seclogo,wronguser
"Apr 17, 2025 @ 19:46:57.712",4625,"DESKTOP-5JEIKFF",Negotiate,1012,"2025-04-17T14:46:57.6960555Z",2,seclogo,wronguser
"Apr 17, 2025 @ 19:46:57.709",4625,"DESKTOP-5JEIKFF",Negotiate,1012,"2025-04-17T14:46:57.6941082Z",2,seclogo,wronguser
"Apr 17, 2025 @ 19:46:57.706",4625,"DESKTOP-5JEIKFF",Negotiate,1012,"2025-04-17T14:46:57.6919309Z",2,seclogo,wronguser
"Apr 17, 2025 @ 19:46:57.703",4625,"DESKTOP-5JEIKFF",Negotiate,1012,"2025-04-17T14:46:57.6895553Z",2,seclogo,wronguser
"Apr 17, 2025 @ 19:46:57.700",4625,"DESKTOP-5JEIKFF",Negotiate,1012,"2025-04-17T14:46:57.6873095Z",2,seclogo,wronguser
"Apr 17, 2025 @ 19:46:57.697",4625,"DESKTOP-5JEIKFF",Negotiate,1012,"2025-04-17T14:46:57.6851788Z",2,seclogo,wronguser
"Apr 17, 2025 @ 19:46:57.694",4625,"DESKTOP-5JEIKFF",Negotiate,1012,"2025-04-17T14:46:57.6825041Z",2,seclogo,wronguser
"Apr 17, 2025 @ 19:46:57.691",4625,"DESKTOP-5JEIKFF",Negotiate,1012,"2025-04-17T14:46:57.6794080Z",2,seclogo,wronguser
"Apr 17, 2025 @ 19:46:57.689",4625,"DESKTOP-5JEIKFF",Negotiate,1012,"2025-04-17T14:46:57.6770405Z",2,seclogo,wronguser
"Apr 17, 2025 @ 19:46:57.686",4625,"DESKTOP-5JEIKFF",Negotiate,1012,"2025-04-17T14:46:57.6746812Z",2,seclogo,wronguser
"Apr 17, 2025 @ 19:46:57.683",4625,"DESKTOP-5JEIKFF",Negotiate,1012,"2025-04-17T14:46:57.6720980Z",2,seclogo,wronguser
"Apr 17, 2025 @ 19:46:57.680",4625,"DESKTOP-5JEIKFF",Negotiate,1012,"2025-04-17T14:46:57.6697425Z",2,seclogo,wronguser
"Apr 17, 2025 @ 19:46:57.677",4625,"DESKTOP-5JEIKFF",Negotiate,1012,"2025-04-17T14:46:57.6677660Z",2,seclogo,wronguser
"Apr 17, 2025 @ 19:46:57.674",4625,"DESKTOP-5JEIKFF",Negotiate,1012,"2025-04-17T14:46:57.6654674Z",2,seclogo,wronguser
"Apr 17, 2025 @ 19:46:57.671",4625,"DESKTOP-5JEIKFF",Negotiate,1012,"2025-04-17T14:46:57.6630525Z",2,seclogo,wronguser
"Apr 17, 2025 @ 19:46:57.668",4625,"DESKTOP-5JEIKFF",Negotiate,1012,"2025-04-17T14:46:57.6609372Z",2,seclogo,wronguser
"Apr 17, 2025 @ 19:46:57.665",4625,"DESKTOP-5JEIKFF",Negotiate,1012,"2025-04-17T14:46:57.6587685Z",2,seclogo,wronguser
"Apr 17, 2025 @ 19:46:57.662",4625,"DESKTOP-5JEIKFF",Negotiate,1012,"2025-04-17T14:46:57.6565227Z",2,seclogo,wronguser
"Apr 17, 2025 @ 19:46:57.659",4625,"DESKTOP-5JEIKFF",Negotiate,1012,"2025-04-17T14:46:57.6533291Z",2,seclogo,wronguser
"Apr 17, 2025 @ 19:46:57.656",4625,"DESKTOP-5JEIKFF",Negotiate,1012,"2025-04-17T14:46:57.6513181Z",2,seclogo,wronguser
"Apr 17, 2025 @ 19:46:57.653",4625,"DESKTOP-5JEIKFF",Negotiate,1012,"2025-04-17T14:46:57.6493983Z",2,seclogo,wronguser
"Apr 17, 2025 @ 19:46:57.650",4625,"DESKTOP-5JEIKFF",Negotiate,1012,"2025-04-17T14:46:57.6473168Z",2,seclogo,wronguser
"Apr 17, 2025 @ 19:46:57.647",4625,"DESKTOP-5JEIKFF",Negotiate,1012,"2025-04-17T14:46:57.6449251Z",2,seclogo,wronguser
"Apr 17, 2025 @ 19:46:57.644",4625,"DESKTOP-5JEIKFF",Negotiate,1012,"2025-04-17T14:46:57.6427268Z",2,seclogo,wronguser
"Apr 17, 2025 @ 19:46:57.642",4625,"DESKTOP-5JEIKFF",Negotiate,1012,"2025-04-17T14:46:57.6406431Z",2,seclogo,wronguser
"Apr 17, 2025 @ 19:46:57.640",4625,"DESKTOP-5JEIKFF",Negotiate,1012,"2025-04-17T14:46:57.6381862Z",2,seclogo,wronguser
"Apr 17, 2025 @ 19:46:57.639",4625,"DESKTOP-5JEIKFF",Negotiate,1012,"2025-04-17T14:46:57.6353118Z",2,seclogo,wronguser
"Apr 17, 2025 @ 19:46:57.602",4625,"DESKTOP-5JEIKFF",Negotiate,1012,"2025-04-17T14:46:57.6328736Z",2,seclogo,wronguser
"Apr 17, 2025 @ 19:46:55.027",4624,"LAB3-09",Negotiate,1060,"2025-04-17T14:48:10.8854524Z",5,Advapi,SYSTEM
"Apr 17, 2025 @ 19:45:59.250",4624,"LAB3-18",Negotiate,928,"2025-04-17T14:47:14.6837592Z",5,Advapi,SYSTEM
"Apr 17, 2025 @ 19:45:56.332",4624,"LAB3-18",Negotiate,928,"2025-04-17T14:47:11.7697425Z",5,Advapi,SYSTEM
"Apr 17, 2025 @ 19:44:51.682",4624,"LAB3-18",Negotiate,928,"2025-04-17T14:46:07.1499705Z",5,Advapi,SYSTEM
"Apr 17, 2025 @ 19:44:51.682",4624,"LAB3-18",Negotiate,928,"2025-04-17T14:46:07.1325237Z",2,User32,"bsit22f.0005"
"Apr 17, 2025 @ 19:43:52.032",4624,"DESKTOP-5JEIKFF",Negotiate,1012,"2025-04-17T14:43:52.1063816Z",5,Advapi,SYSTEM
"Apr 17, 2025 @ 19:43:25.583",4624,"DESKTOP-5JEIKFF",Negotiate,1012,"2025-04-17T14:43:25.6793957Z",5,Advapi,SYSTEM
"Apr 17, 2025 @ 19:43:25.580",4624,"DESKTOP-5JEIKFF",Negotiate,1012,"2025-04-17T14:43:25.6360145Z",5,Advapi,SYSTEM
"Apr 17, 2025 @ 19:43:22.430",4624,"CP-AKT-002912",Negotiate,1064,"2025-04-17T14:44:37.4711965Z",5,Advapi,SYSTEM
"Apr 17, 2025 @ 19:42:07.749",4624,"LAB3-09",Negotiate,1060,"2025-04-17T14:43:23.4750530Z",5,Advapi,SYSTEM
"Apr 17, 2025 @ 19:42:07.744",4624,"LAB3-09",Negotiate,1060,"2025-04-17T14:43:23.4546481Z",5,Advapi,SYSTEM
"Apr 17, 2025 @ 19:42:01.901",4625,"DESKTOP-5JEIKFF",Negotiate,1012,"2025-04-17T14:42:01.9589754Z",2,seclogo,wronguser
"Apr 17, 2025 @ 19:42:01.483",4624,"LAB3-09",Negotiate,1060,"2025-04-17T14:43:17.1895075Z",5,Advapi,SYSTEM
"Apr 17, 2025 @ 19:42:00.047",4624,"LAB3-09",Negotiate,1060,"2025-04-17T14:43:15.7755651Z",5,Advapi,SYSTEM
"Apr 17, 2025 @ 19:42:00.046",4624,"LAB3-09",Negotiate,1060,"2025-04-17T14:43:15.7471069Z",5,Advapi,SYSTEM
"Apr 17, 2025 @ 19:41:58.896",4625,"DESKTOP-5JEIKFF",Negotiate,1012,"2025-04-17T14:41:58.9541310Z",2,seclogo,wronguser
"Apr 17, 2025 @ 19:41:55.893",4625,"DESKTOP-5JEIKFF",Negotiate,1012,"2025-04-17T14:41:55.9501058Z",2,seclogo,wronguser
"Apr 17, 2025 @ 19:41:54.718",4624,"LAB3-09",Negotiate,1060,"2025-04-17T14:43:11.3689982Z",5,Advapi,SYSTEM
"Apr 17, 2025 @ 19:41:54.706",4624,"LAB3-09",Negotiate,1060,"2025-04-17T14:43:10.6101147Z",5,Advapi,SYSTEM
"Apr 17, 2025 @ 19:41:54.704",4624,"LAB3-09",Negotiate,1060,"2025-04-17T14:43:10.4112695Z",5,Advapi,SYSTEM
"Apr 17, 2025 @ 19:41:53.730",4624,"LAB3-09",Negotiate,1060,"2025-04-17T14:43:10.4081880Z",5,Advapi,SYSTEM
"Apr 17, 2025 @ 19:41:53.714",4624,"LAB3-09",Negotiate,1060,"2025-04-17T14:43:10.1433812Z",5,Advapi,SYSTEM
"Apr 17, 2025 @ 19:41:53.701",4624,"LAB3-09",Negotiate,1060,"2025-04-17T14:43:09.4206481Z",2,User32,"bsit23f.0008"
"Apr 17, 2025 @ 19:41:52.884",4625,"DESKTOP-5JEIKFF",Negotiate,1012,"2025-04-17T14:41:52.9436228Z",2,seclogo,wronguser
"Apr 17, 2025 @ 19:41:51.872",4624,"LAB3-09",Negotiate,1060,"2025-04-17T14:43:07.8941377Z",5,Advapi,SYSTEM
"Apr 17, 2025 @ 19:41:51.857",4624,"LAB3-09",Negotiate,1060,"2025-04-17T14:43:07.5353774Z",2,Advapi,"bsit23f.0008"
"Apr 17, 2025 @ 19:41:49.880",4625,"DESKTOP-5JEIKFF",Negotiate,1012,"2025-04-17T14:41:49.9339112Z",2,seclogo,wronguser
"Apr 17, 2025 @ 19:41:46.866",4625,"DESKTOP-5JEIKFF",Negotiate,1012,"2025-04-17T14:41:46.9253393Z",2,seclogo,wronguser
"Apr 17, 2025 @ 19:41:43.858",4625,"DESKTOP-5JEIKFF",Negotiate,1012,"2025-04-17T14:41:43.9171518Z",2,seclogo,wronguser
"Apr 17, 2025 @ 19:41:40.851",4625,"DESKTOP-5JEIKFF",Negotiate,1012,"2025-04-17T14:41:40.9101618Z",2,seclogo,wronguser
"Apr 17, 2025 @ 19:41:37.850",4625,"DESKTOP-5JEIKFF",Negotiate,1012,"2025-04-17T14:41:37.9027466Z",2,seclogo,wronguser
"Apr 17, 2025 @ 19:41:34.142",4625,"DESKTOP-5JEIKFF",Negotiate,1012,"2025-04-17T14:41:34.8937811Z",2,seclogo,wronguser
"Apr 17, 2025 @ 19:41:31.830",4625,"DESKTOP-5JEIKFF",Negotiate,1012,"2025-04-17T14:41:31.8840328Z",2,seclogo,wronguser
"Apr 17, 2025 @ 19:41:30.262",4625,"LAB3-09",Negotiate,1060,"2025-04-17T14:42:45.9525396Z",2,User32,"bsit23f.0008"
"Apr 17, 2025 @ 19:41:28.816",4625,"DESKTOP-5JEIKFF",Negotiate,1012,"2025-04-17T14:41:28.8757344Z",2,seclogo,wronguser
"Apr 17, 2025 @ 19:41:25.814",4625,"DESKTOP-5JEIKFF",Negotiate,1012,"2025-04-17T14:41:25.8678760Z",2,seclogo,wronguser
"Apr 17, 2025 @ 19:41:22.805",4625,"DESKTOP-5JEIKFF",Negotiate,1012,"2025-04-17T14:41:22.8596758Z",2,seclogo,wronguser
"Apr 17, 2025 @ 19:41:19.796",4625,"DESKTOP-5JEIKFF",Negotiate,1012,"2025-04-17T14:41:19.8500841Z",2,seclogo,wronguser
"Apr 17, 2025 @ 19:41:16.781",4625,"DESKTOP-5JEIKFF",Negotiate,1012,"2025-04-17T14:41:16.8407060Z",2,seclogo,wronguser
"Apr 17, 2025 @ 19:41:13.777",4625,"DESKTOP-5JEIKFF",Negotiate,1012,"2025-04-17T14:41:13.8325702Z",2,seclogo,wronguser
"Apr 17, 2025 @ 19:41:10.771",4625,"DESKTOP-5JEIKFF",Negotiate,1012,"2025-04-17T14:41:10.8264802Z",2,seclogo,wronguser
"Apr 17, 2025 @ 19:41:07.766",4625,"DESKTOP-5JEIKFF",Negotiate,1012,"2025-04-17T14:41:07.8210520Z",2,seclogo,wronguser
"Apr 17, 2025 @ 19:41:04.758",4625,"DESKTOP-5JEIKFF",Negotiate,1012,"2025-04-17T14:41:04.8134608Z",2,seclogo,wronguser
"Apr 17, 2025 @ 19:41:01.749",4625,"DESKTOP-5JEIKFF",Negotiate,1012,"2025-04-17T14:41:01.8076233Z",2,seclogo,wronguser
"Apr 17, 2025 @ 19:40:58.739",4625,"DESKTOP-5JEIKFF",Negotiate,1012,"2025-04-17T14:40:58.7999224Z",2,seclogo,wronguser
"Apr 17, 2025 @ 19:40:55.731",4625,"DESKTOP-5JEIKFF",Negotiate,1012,"2025-04-17T14:40:55.7923570Z",2,seclogo,wronguser
"Apr 17, 2025 @ 19:40:52.729",4625,"DESKTOP-5JEIKFF",Negotiate,1012,"2025-04-17T14:40:52.7853379Z",2,seclogo,wronguser
"Apr 17, 2025 @ 19:40:49.719",4625,"DESKTOP-5JEIKFF",Negotiate,1012,"2025-04-17T14:40:49.7799818Z",2,seclogo,wronguser
"Apr 17, 2025 @ 19:40:46.716",4625,"DESKTOP-5JEIKFF",Negotiate,1012,"2025-04-17T14:40:46.7719312Z",2,seclogo,wronguser
"Apr 17, 2025 @ 19:40:43.704",4625,"DESKTOP-5JEIKFF",Negotiate,1012,"2025-04-17T14:40:43.7640971Z",2,seclogo,wronguser
"Apr 17, 2025 @ 19:40:40.698",4625,"DESKTOP-5JEIKFF",Negotiate,1012,"2025-04-17T14:40:40.7540084Z",2,seclogo,wronguser
"Apr 17, 2025 @ 19:40:37.689",4625,"DESKTOP-5JEIKFF",Negotiate,1012,"2025-04-17T14:40:37.7456633Z",2,seclogo,wronguser
"Apr 17, 2025 @ 19:40:34.603",4625,"DESKTOP-5JEIKFF",Negotiate,1012,"2025-04-17T14:40:34.6591826Z",2,seclogo,wronguser
"Apr 17, 2025 @ 19:39:43.260",4624,"LAB3-11",Negotiate,1032,"2025-04-17T14:40:57.2607939Z",5,Advapi,SYSTEM
"Apr 17, 2025 @ 19:39:05.194",4624,"DESKTOP-5JEIKFF",Negotiate,1012,"2025-04-17T14:39:05.2579405Z",5,Advapi,SYSTEM
"Apr 17, 2025 @ 19:38:47.474",4624,"DESKTOP-5JEIKFF",Negotiate,1012,"2025-04-17T14:38:47.1093382Z",5,Advapi,SYSTEM
"Apr 17, 2025 @ 19:36:59.620",4624,"CP-AKT-002912",Negotiate,1064,"2025-04-17T14:38:10.2490737Z",5,Advapi,SYSTEM
"Apr 17, 2025 @ 19:36:59.010",4624,"CP-AKT-002912",Negotiate,1064,"2025-04-17T14:38:08.0546823Z",5,Advapi,SYSTEM
"Apr 17, 2025 @ 19:36:58.995",4624,"CP-AKT-002912",Negotiate,1064,"2025-04-17T14:38:07.3839980Z",5,Advapi,SYSTEM
"Apr 17, 2025 @ 19:36:52.214",4624,"CP-AKT-002912",Negotiate,1064,"2025-04-17T14:16:36.1777690Z",5,Advapi,SYSTEM
"Apr 17, 2025 @ 19:36:52.183",4624,"CP-AKT-002912",Kerberos,1064,"2025-04-17T14:16:22.1282998Z",3,Kerberos,"ADMANAGER$"
"Apr 17, 2025 @ 19:36:52.167",4624,"CP-AKT-002912",NTLM,1064,"2025-04-17T14:16:22.1254027Z",3,NtLmSsp,"ADMANAGER$"
"Apr 17, 2025 @ 19:36:52.152",4624,"CP-AKT-002912",Kerberos,1064,"2025-04-17T14:16:22.1104911Z",3,Kerberos,Administrator
"Apr 17, 2025 @ 19:36:52.136",4624,"CP-AKT-002912",Kerberos,1064,"2025-04-17T14:16:22.1005851Z",3,Kerberos,Administrator
"Apr 17, 2025 @ 19:36:52.105",4624,"CP-AKT-002912",Negotiate,1064,"2025-04-17T13:56:15.1599491Z",5,Advapi,SYSTEM
"Apr 17, 2025 @ 19:36:52.074",4624,"CP-AKT-002912",Negotiate,1064,"2025-04-17T13:49:31.7949492Z",5,Advapi,SYSTEM
"Apr 17, 2025 @ 19:36:52.058",4625,"CP-AKT-002912",Negotiate,1064,"2025-04-17T13:47:57.1558432Z",2,User32,"ack.user"
"Apr 17, 2025 @ 19:36:52.042",4624,"CP-AKT-002912",Negotiate,1064,"2025-04-17T13:47:46.4903558Z",5,Advapi,SYSTEM
"Apr 17, 2025 @ 19:36:52.027",4624,"CP-AKT-002912",Negotiate,1064,"2025-04-17T13:47:45.4748764Z",5,Advapi,SYSTEM
"Apr 17, 2025 @ 19:36:52.011",4624,"CP-AKT-002912",Negotiate,1064,"2025-04-17T13:47:42.6295902Z",5,Advapi,SYSTEM
"Apr 17, 2025 @ 19:36:51.995",4624,"CP-AKT-002912",Negotiate,1064,"2025-04-17T13:47:15.4680782Z",5,Advapi,SYSTEM
"Apr 17, 2025 @ 19:36:51.980",4624,"CP-AKT-002912",Negotiate,1064,"2025-04-17T13:46:07.2714508Z",5,Advapi,SYSTEM
"Apr 17, 2025 @ 19:36:51.964",4624,"CP-AKT-002912",Negotiate,1064,"2025-04-17T13:45:56.8115993Z",5,Advapi,SYSTEM
"Apr 17, 2025 @ 19:36:51.949",4624,"CP-AKT-002912",Negotiate,1064,"2025-04-17T13:45:56.7899322Z",5,Advapi,SYSTEM
"Apr 17, 2025 @ 19:36:51.933",4624,"CP-AKT-002912",Negotiate,1064,"2025-04-17T13:42:22.5058788Z",5,Advapi,SYSTEM
"Apr 17, 2025 @ 19:36:51.917",4624,"CP-AKT-002912",Negotiate,1064,"2025-04-17T13:22:25.5019669Z",5,Advapi,SYSTEM
"Apr 17, 2025 @ 19:36:51.902",4624,"CP-AKT-002912",Negotiate,1064,"2025-04-17T13:18:35.8484252Z",5,Advapi,SYSTEM
"Apr 17, 2025 @ 19:36:51.886",4624,"CP-AKT-002912",Negotiate,1064,"2025-04-17T13:10:42.1068747Z",5,Advapi,SYSTEM
"Apr 17, 2025 @ 19:36:51.870",4624,"CP-AKT-002912",Negotiate,1064,"2025-04-17T13:10:16.3086202Z",5,Advapi,SYSTEM
"Apr 17, 2025 @ 19:36:51.855",4624,"CP-AKT-002912",Negotiate,1064,"2025-04-17T13:03:22.4935430Z",5,Advapi,SYSTEM
"Apr 17, 2025 @ 19:36:51.839",4624,"CP-AKT-002912",Negotiate,1064,"2025-04-17T13:02:41.6985902Z",5,Advapi,SYSTEM
"Apr 17, 2025 @ 19:36:51.823",4624,"CP-AKT-002912",Negotiate,1064,"2025-04-17T12:48:41.0674884Z",5,Advapi,SYSTEM
"Apr 17, 2025 @ 19:36:51.808",4624,"CP-AKT-002912",Negotiate,1064,"2025-04-17T12:44:21.0514803Z",5,Advapi,SYSTEM
"Apr 17, 2025 @ 19:36:51.776",4624,"CP-AKT-002912",Kerberos,1064,"2025-04-17T12:40:45.4909932Z",3,Kerberos,"CP-AKT-002912$"
"Apr 17, 2025 @ 19:36:51.745",4624,"CP-AKT-002912",Kerberos,1064,"2025-04-17T12:40:44.7250099Z",3,Kerberos,"CP-AKT-002912$"
"Apr 17, 2025 @ 19:36:51.730",4624,"CP-AKT-002912",Negotiate,1064,"2025-04-17T12:40:09.9399242Z",5,Advapi,SYSTEM
"Apr 17, 2025 @ 19:36:51.714",4624,"CP-AKT-002912",Negotiate,1064,"2025-04-17T12:39:50.2176232Z",5,Advapi,SYSTEM
"Apr 17, 2025 @ 19:36:51.698",4624,"CP-AKT-002912",Negotiate,1064,"2025-04-17T12:37:54.5572898Z",5,Advapi,SYSTEM
"Apr 17, 2025 @ 19:36:51.683",4624,"CP-AKT-002912",Negotiate,1064,"2025-04-17T12:37:25.7878229Z",5,Advapi,SYSTEM
"Apr 17, 2025 @ 19:36:51.667",4624,"CP-AKT-002912",Negotiate,1064,"2025-04-17T12:35:16.3011962Z",5,Advapi,SYSTEM
"Apr 17, 2025 @ 19:36:51.651",4624,"CP-AKT-002912",Negotiate,1064,"2025-04-17T12:35:15.1934496Z",5,Advapi,SYSTEM
"Apr 17, 2025 @ 19:36:51.636",4624,"CP-AKT-002912",Negotiate,1064,"2025-04-17T12:33:25.3015508Z",5,Advapi,SYSTEM
"Apr 17, 2025 @ 19:36:51.605",4624,"CP-AKT-002912",Negotiate,1064,"2025-04-17T12:33:12.3128962Z",5,Advapi,SYSTEM
"Apr 17, 2025 @ 19:36:51.590",4624,"CP-AKT-002912",Negotiate,1064,"2025-04-17T12:33:12.1303609Z",2,User32,"bsit22f.0038"
"Apr 17, 2025 @ 19:36:51.558",4624,"CP-AKT-002912",Negotiate,1064,"2025-04-17T12:33:00.4642081Z",5,Advapi,SYSTEM
"Apr 17, 2025 @ 19:36:51.526",4624,"CP-AKT-002912",Negotiate,1064,"2025-04-17T12:33:00.4057035Z",5,Advapi,SYSTEM
"Apr 17, 2025 @ 19:36:51.496",4624,"CP-AKT-002912",Negotiate,1064,"2025-04-17T12:25:51.2158138Z",5,Advapi,SYSTEM
"Apr 17, 2025 @ 19:36:51.402",4624,"CP-AKT-002912",Kerberos,1064,"2025-04-17T12:21:08.8843602Z",3,Kerberos,"ADMANAGER$"
"Apr 17, 2025 @ 19:36:51.386",4624,"CP-AKT-002912",NTLM,1064,"2025-04-17T12:21:08.8787645Z",3,NtLmSsp,"ADMANAGER$"
"Apr 17, 2025 @ 19:36:51.371",4624,"CP-AKT-002912",Kerberos,1064,"2025-04-17T12:21:08.7521683Z",3,Kerberos,Administrator
"Apr 17, 2025 @ 19:36:51.355",4624,"CP-AKT-002912",Kerberos,1064,"2025-04-17T12:21:08.7320189Z",3,Kerberos,Administrator
"Apr 17, 2025 @ 19:36:51.324",4624,"CP-AKT-002912",Negotiate,1064,"2025-04-17T12:15:06.6057902Z",5,Advapi,SYSTEM
"Apr 17, 2025 @ 19:36:51.292",4624,"CP-AKT-002912",Negotiate,1064,"2025-04-17T12:10:09.4460835Z",5,Advapi,SYSTEM
"Apr 17, 2025 @ 19:36:51.261",4624,"CP-AKT-002912",Negotiate,1064,"2025-04-17T12:08:33.0970412Z",5,Advapi,SYSTEM
"Apr 17, 2025 @ 19:36:51.245",4624,"CP-AKT-002912",Negotiate,1064,"2025-04-17T12:08:33.0487391Z",5,Advapi,SYSTEM
"Apr 17, 2025 @ 19:36:51.230",4624,"CP-AKT-002912",Negotiate,1064,"2025-04-17T11:53:16.0565448Z",5,Advapi,SYSTEM
"Apr 17, 2025 @ 19:36:51.214",4624,"CP-AKT-002912",Negotiate,1064,"2025-04-17T11:43:46.4519189Z",5,Advapi,SYSTEM
"Apr 17, 2025 @ 19:36:51.198",4624,"CP-AKT-002912",Negotiate,1064,"2025-04-17T11:42:32.7236114Z",5,Advapi,SYSTEM
"Apr 17, 2025 @ 19:36:51.183",4624,"CP-AKT-002912",Negotiate,1064,"2025-04-17T11:35:23.1038959Z",5,Advapi,SYSTEM
"Apr 17, 2025 @ 19:36:51.167",4624,"CP-AKT-002912",Negotiate,1064,"2025-04-17T11:32:04.2323469Z",5,Advapi,SYSTEM
"Apr 17, 2025 @ 19:36:51.152",4624,"CP-AKT-002912",Negotiate,1064,"2025-04-17T11:32:04.0848698Z",5,Advapi,SYSTEM
"Apr 17, 2025 @ 19:36:51.136",4624,"CP-AKT-002912",Negotiate,1064,"2025-04-17T11:29:20.0782249Z",5,Advapi,SYSTEM
"Apr 17, 2025 @ 19:36:51.120",4624,"CP-AKT-002912",Negotiate,1064,"2025-04-17T11:24:24.8926225Z",5,Advapi,SYSTEM
"Apr 17, 2025 @ 19:36:51.105",4624,"CP-AKT-002912",Negotiate,1064,"2025-04-17T11:12:51.9991603Z",5,Advapi,SYSTEM
"Apr 17, 2025 @ 19:36:51.089",4624,"CP-AKT-002912",Negotiate,1064,"2025-04-17T11:10:52.0282333Z",5,Advapi,SYSTEM
"Apr 17, 2025 @ 19:36:51.074",4624,"CP-AKT-002912",Negotiate,1064,"2025-04-17T11:10:51.9196003Z",5,Advapi,SYSTEM
"Apr 17, 2025 @ 19:36:51.058",4624,"CP-AKT-002912",Negotiate,1064,"2025-04-17T11:08:33.4956725Z",5,Advapi,SYSTEM
"Apr 17, 2025 @ 19:36:51.043",4624,"CP-AKT-002912",Negotiate,1064,"2025-04-17T11:07:30.0983390Z",5,Advapi,SYSTEM
"Apr 17, 2025 @ 19:36:51.027",4624,"CP-AKT-002912",Negotiate,1064,"2025-04-17T11:06:46.8553671Z",5,Advapi,SYSTEM
"Apr 17, 2025 @ 19:36:51.011",4624,"CP-AKT-002912",Negotiate,1064,"2025-04-17T11:06:36.6367375Z",5,Advapi,SYSTEM
"Apr 17, 2025 @ 19:36:50.980",4624,"CP-AKT-002912",Negotiate,1064,"2025-04-17T11:06:11.6736239Z",5,Advapi,SYSTEM
"Apr 17, 2025 @ 19:36:50.965",4624,"CP-AKT-002912",Negotiate,1064,"2025-04-17T11:06:11.6572956Z",11,User32,"ack.user"
"Apr 17, 2025 @ 19:36:50.934",4624,"CP-AKT-002912",Negotiate,1064,"2025-04-17T11:05:40.2649317Z",5,Advapi,SYSTEM
"Apr 17, 2025 @ 19:36:50.903",4624,"CP-AKT-002912",Negotiate,1064,"2025-04-17T11:02:37.2790427Z",5,Advapi,SYSTEM
"Apr 17, 2025 @ 19:36:50.886",4624,"CP-AKT-002912",Negotiate,1064,"2025-04-17T11:02:06.1520772Z",5,Advapi,SYSTEM
"Apr 17, 2025 @ 19:36:50.839",4624,"CP-AKT-002912",Kerberos,1064,"2025-04-17T10:56:44.4400121Z",3,Kerberos,"CP-AKT-002912$"
"Apr 17, 2025 @ 19:36:50.808",4624,"CP-AKT-002912",Kerberos,1064,"2025-04-17T10:56:44.2969126Z",3,Kerberos,"CP-AKT-002912$"
"Apr 17, 2025 @ 19:36:50.792",4624,"CP-AKT-002912",Negotiate,1064,"2025-04-17T10:52:41.2550998Z",5,Advapi,SYSTEM
"Apr 17, 2025 @ 19:36:50.777",4624,"CP-AKT-002912",Negotiate,1064,"2025-04-17T10:52:40.3749260Z",5,Advapi,SYSTEM
"Apr 17, 2025 @ 19:36:50.761",4624,"CP-AKT-002912",Negotiate,1064,"2025-04-17T10:52:39.5243609Z",5,Advapi,SYSTEM
"Apr 17, 2025 @ 19:36:50.746",4624,"CP-AKT-002912",Negotiate,1064,"2025-04-17T10:52:39.5198877Z",5,Advapi,SYSTEM
"Apr 17, 2025 @ 19:36:50.730",4624,"CP-AKT-002912",Negotiate,1064,"2025-04-17T10:52:39.5189134Z",5,Advapi,SYSTEM
"Apr 17, 2025 @ 19:36:50.715",4624,"CP-AKT-002912",Negotiate,1064,"2025-04-17T10:52:39.5162100Z",5,Advapi,SYSTEM
"Apr 17, 2025 @ 19:36:50.699",4624,"CP-AKT-002912",Negotiate,1064,"2025-04-17T10:52:39.5152313Z",5,Advapi,SYSTEM
"Apr 17, 2025 @ 19:36:50.685",4624,"CP-AKT-002912",Negotiate,1064,"2025-04-17T10:52:39.5129532Z",5,Advapi,SYSTEM
"Apr 17, 2025 @ 19:36:50.669",4624,"CP-AKT-002912",Negotiate,1064,"2025-04-17T10:52:38.9315499Z",5,Advapi,SYSTEM
"Apr 17, 2025 @ 19:36:50.654",4624,"CP-AKT-002912",Negotiate,1064,"2025-04-17T10:52:37.8932118Z",5,Advapi,SYSTEM
"Apr 17, 2025 @ 19:36:50.639",4624,"CP-AKT-002912",Negotiate,1064,"2025-04-17T10:52:36.7800975Z",5,Advapi,SYSTEM
"Apr 17, 2025 @ 19:36:50.622",4624,"CP-AKT-002912",Negotiate,1064,"2025-04-17T10:52:36.7771877Z",5,Advapi,SYSTEM
"Apr 17, 2025 @ 19:36:50.606",4624,"CP-AKT-002912",Negotiate,1064,"2025-04-17T10:52:36.7768005Z",5,Advapi,SYSTEM
"Apr 17, 2025 @ 19:36:50.591",4624,"CP-AKT-002912",Negotiate,1064,"2025-04-17T10:52:36.7755220Z",5,Advapi,SYSTEM
"Apr 17, 2025 @ 19:36:50.577",4624,"CP-AKT-002912",Negotiate,1064,"2025-04-17T10:52:36.7751063Z",5,Advapi,SYSTEM
"Apr 17, 2025 @ 19:36:50.562",4624,"CP-AKT-002912",Negotiate,1064,"2025-04-17T10:52:36.7731760Z",5,Advapi,SYSTEM
"Apr 17, 2025 @ 19:36:50.546",4624,"CP-AKT-002912",Negotiate,1064,"2025-04-17T10:52:36.6664302Z",5,Advapi,SYSTEM
"Apr 17, 2025 @ 19:36:50.530",4624,"CP-AKT-002912",Negotiate,1064,"2025-04-17T10:52:32.4860774Z",5,Advapi,SYSTEM
"Apr 17, 2025 @ 19:36:50.514",4624,"CP-AKT-002912",Negotiate,1064,"2025-04-17T10:48:17.7456758Z",5,Advapi,SYSTEM
"Apr 17, 2025 @ 19:36:50.498",4624,"CP-AKT-002912",Negotiate,1064,"2025-04-17T10:44:20.4336294Z",5,Advapi,SYSTEM
"Apr 17, 2025 @ 19:36:50.483",4624,"CP-AKT-002912",Negotiate,1064,"2025-04-17T10:38:23.3361387Z",5,Advapi,SYSTEM
"Apr 17, 2025 @ 19:36:50.468",4624,"CP-AKT-002912",Negotiate,1064,"2025-04-17T10:33:08.1759536Z",5,Advapi,SYSTEM
"Apr 17, 2025 @ 19:36:50.452",4624,"CP-AKT-002912",Negotiate,1064,"2025-04-17T10:30:32.4563981Z",5,Advapi,SYSTEM
"Apr 17, 2025 @ 19:36:50.434",4624,"CP-AKT-002912",Negotiate,1064,"2025-04-17T10:30:13.7078829Z",5,Advapi,SYSTEM
"Apr 17, 2025 @ 19:36:50.405",4624,"CP-AKT-002912",Negotiate,1064,"2025-04-17T10:29:18.8996789Z",5,Advapi,SYSTEM
"Apr 17, 2025 @ 19:36:50.389",4624,"CP-AKT-002912",Negotiate,1064,"2025-04-17T10:29:18.8197700Z",5,Advapi,SYSTEM
"Apr 17, 2025 @ 19:36:50.374",4624,"CP-AKT-002912",Negotiate,1064,"2025-04-17T10:29:18.7165677Z",2,User32,"ack.user"
"Apr 17, 2025 @ 19:36:50.327",4624,"CP-AKT-002912",Negotiate,1064,"2025-04-17T10:28:27.5592676Z",2,User32,"bsit22f.0038"
"Apr 17, 2025 @ 19:36:50.293",4624,"CP-AKT-002912",Negotiate,1064,"2025-04-17T10:28:07.1555218Z",5,Advapi,SYSTEM
"Apr 17, 2025 @ 19:36:50.278",4624,"CP-AKT-002912",Negotiate,1064,"2025-04-17T10:28:06.8196733Z",5,Advapi,SYSTEM
"Apr 17, 2025 @ 19:36:50.262",4624,"CP-AKT-002912",Negotiate,1064,"2025-04-17T10:28:00.3741528Z",5,Advapi,SYSTEM
"Apr 17, 2025 @ 19:36:50.247",4624,"CP-AKT-002912",Negotiate,1064,"2025-04-17T10:24:45.4605251Z",5,Advapi,SYSTEM
"Apr 17, 2025 @ 19:36:50.231",4624,"CP-AKT-002912",Negotiate,1064,"2025-04-17T10:23:23.2710849Z",5,Advapi,SYSTEM
"Apr 17, 2025 @ 19:36:50.216",4624,"CP-AKT-002912",Negotiate,1064,"2025-04-17T10:20:29.0815863Z",5,Advapi,SYSTEM
"Apr 17, 2025 @ 19:36:50.200",4624,"CP-AKT-002912",Negotiate,1064,"2025-04-17T10:11:22.0177059Z",5,Advapi,SYSTEM
"Apr 17, 2025 @ 19:36:50.184",4624,"CP-AKT-002912",Negotiate,1064,"2025-04-17T10:09:44.0361999Z",5,Advapi,SYSTEM
"Apr 17, 2025 @ 19:36:50.169",4624,"CP-AKT-002912",Negotiate,1064,"2025-04-17T10:09:40.1779623Z",5,Advapi,SYSTEM
"Apr 17, 2025 @ 19:36:50.153",4624,"CP-AKT-002912",Negotiate,1064,"2025-04-17T10:08:03.1677562Z",5,Advapi,SYSTEM
"Apr 17, 2025 @ 19:36:50.138",4624,"CP-AKT-002912",Negotiate,1064,"2025-04-17T10:05:47.3855249Z",5,Advapi,SYSTEM
"Apr 17, 2025 @ 19:36:50.122",4624,"CP-AKT-002912",Negotiate,1064,"2025-04-17T10:03:20.8559409Z",5,Advapi,SYSTEM
"Apr 17, 2025 @ 19:36:50.107",4624,"CP-AKT-002912",Negotiate,1064,"2025-04-17T09:53:51.6706282Z",5,Advapi,SYSTEM
"Apr 17, 2025 @ 19:36:50.100",4624,"CP-AKT-002912",Negotiate,1064,"2025-04-17T09:47:43.4983234Z",5,Advapi,SYSTEM
"Apr 17, 2025 @ 19:36:50.100",4624,"CP-AKT-002912",Negotiate,1064,"2025-04-17T09:45:30.4406330Z",5,Advapi,SYSTEM
"Apr 17, 2025 @ 19:36:50.085",4624,"CP-AKT-002912",Negotiate,1064,"2025-04-17T09:41:28.8796684Z",5,Advapi,SYSTEM
"Apr 17, 2025 @ 19:36:47.296",4625,"LAB3-09",Negotiate,1060,"2025-04-17T11:31:48.5033505Z",2,User32,AKHUWAT
"Apr 17, 2025 @ 19:36:47.280",4625,"LAB3-09",Negotiate,1060,"2025-04-17T11:31:47.4165388Z",2,User32,AKHUWAT
"Apr 17, 2025 @ 19:36:47.265",4625,"LAB3-09",Negotiate,1060,"2025-04-17T11:31:27.1944685Z",2,User32,AKHUWAT
"Apr 17, 2025 @ 19:36:47.250",4625,"LAB3-09",Negotiate,1060,"2025-04-17T11:31:24.4434171Z",2,User32,AKHUWAT
"Apr 17, 2025 @ 19:36:47.235",4624,"LAB3-09",Negotiate,1060,"2025-04-17T11:26:30.8432328Z",5,Advapi,SYSTEM
"Apr 17, 2025 @ 19:36:47.221",4624,"LAB3-18",Negotiate,928,"2025-04-17T13:27:01.5843061Z",5,Advapi,SYSTEM
"Apr 17, 2025 @ 19:36:47.203",4624,"LAB3-09",Kerberos,1060,"2025-04-17T11:22:32.6161523Z",3,Kerberos,"LAB3-09$"
"Apr 17, 2025 @ 19:36:47.190",4624,"LAB3-18",Negotiate,928,"2025-04-17T14:18:26.8655778Z",5,Advapi,SYSTEM
"Apr 17, 2025 @ 19:36:47.174",4624,"LAB3-18",Negotiate,928,"2025-04-17T13:08:18.4479846Z",5,Advapi,SYSTEM
"Apr 17, 2025 @ 19:36:47.159",4624,"LAB3-18",Kerberos,928,"2025-04-17T14:18:19.7380506Z",3,Kerberos,"ADMANAGER$"
"Apr 17, 2025 @ 19:36:47.157",4624,"LAB3-09",Kerberos,1060,"2025-04-17T11:22:32.4327379Z",3,Kerberos,"LAB3-09$"
"Apr 17, 2025 @ 19:36:47.128",4624,"LAB3-18",NTLM,928,"2025-04-17T14:18:19.7292232Z",3,NtLmSsp,"ADMANAGER$"
"Apr 17, 2025 @ 19:36:47.126",4624,"LAB3-09",Negotiate,1060,"2025-04-17T11:18:04.7523678Z",5,Advapi,SYSTEM
"Apr 17, 2025 @ 19:36:47.111",4624,"LAB3-18",Negotiate,928,"2025-04-17T13:07:06.0889613Z",5,Advapi,SYSTEM
"Apr 17, 2025 @ 19:36:47.110",4624,"LAB3-09",Negotiate,1060,"2025-04-17T11:13:32.8194054Z",5,Advapi,SYSTEM
"Apr 17, 2025 @ 19:36:47.097",4624,"LAB3-18",Kerberos,928,"2025-04-17T14:18:19.6817587Z",3,Kerberos,Administrator
"Apr 17, 2025 @ 19:36:47.095",4624,"LAB3-09",Negotiate,1060,"2025-04-17T11:13:32.8179131Z",5,Advapi,SYSTEM
"Apr 17, 2025 @ 19:36:47.079",4625,"LAB3-09",Negotiate,1060,"2025-04-17T11:09:00.6623155Z",2,User32,AKHUWAT
"Apr 17, 2025 @ 19:36:47.063",4625,"LAB3-09",Negotiate,1060,"2025-04-17T11:08:32.8226176Z",2,User32,"Akhuwat@1234"
"Apr 17, 2025 @ 19:36:47.050",4624,"LAB3-18",Kerberos,928,"2025-04-17T14:18:19.6574449Z",3,Kerberos,Administrator
"Apr 17, 2025 @ 19:36:47.049",4624,"LAB3-18",Negotiate,928,"2025-04-17T13:07:04.4483407Z",5,Advapi,SYSTEM
"Apr 17, 2025 @ 19:36:47.016",4624,"LAB3-09",Negotiate,1060,"2025-04-17T11:01:31.9899694Z",5,Advapi,SYSTEM
"Apr 17, 2025 @ 19:36:47.003",4624,"LAB3-18",Negotiate,928,"2025-04-17T13:06:01.8154037Z",5,Advapi,SYSTEM
"Apr 17, 2025 @ 19:36:47.001",4624,"LAB3-09",Negotiate,1060,"2025-04-17T11:01:31.7555143Z",2,Advapi,"DWM-3"
"Apr 17, 2025 @ 19:36:46.985",4624,"LAB3-09",Negotiate,1060,"2025-04-17T11:01:31.7555046Z",2,Advapi,"DWM-3"
"Apr 17, 2025 @ 19:36:46.972",4624,"LAB3-18",Negotiate,928,"2025-04-17T14:13:04.8756593Z",5,Advapi,SYSTEM
"Apr 17, 2025 @ 19:36:46.943",4624,"LAB3-18",Negotiate,928,"2025-04-17T13:03:51.4322088Z",5,Advapi,SYSTEM
"Apr 17, 2025 @ 19:36:46.938",4624,"LAB3-09",Negotiate,1060,"2025-04-17T11:01:31.7280036Z",5,Advapi,SYSTEM
"Apr 17, 2025 @ 19:36:46.922",4624,"LAB3-09",Negotiate,1060,"2025-04-17T11:01:31.7200566Z",2,Advapi,"UMFD-3"
"Apr 17, 2025 @ 19:36:46.894",4624,"LAB3-18",Negotiate,928,"2025-04-17T14:07:54.7935130Z",5,Advapi,SYSTEM
"Apr 17, 2025 @ 19:36:46.892",4624,"LAB3-09",Negotiate,1060,"2025-04-17T11:01:30.4638919Z",5,Advapi,SYSTEM
"Apr 17, 2025 @ 19:36:46.878",4624,"LAB3-18",Negotiate,928,"2025-04-17T13:01:07.9453976Z",5,Advapi,SYSTEM
"Apr 17, 2025 @ 19:36:46.865",4624,"LAB3-09",Negotiate,1060,"2025-04-17T14:37:58.7778437Z",5,Advapi,SYSTEM
"Apr 17, 2025 @ 19:36:46.860",4624,"LAB3-09",Negotiate,1060,"2025-04-17T11:01:26.0153812Z",5,Advapi,SYSTEM
"Apr 17, 2025 @ 19:36:46.844",4624,"LAB3-09",Negotiate,1060,"2025-04-17T10:58:26.1759140Z",5,Advapi,SYSTEM
"Apr 17, 2025 @ 19:36:46.817",4624,"LAB3-18",Negotiate,928,"2025-04-17T14:01:36.3123762Z",5,Advapi,SYSTEM
"Apr 17, 2025 @ 19:36:46.815",4624,"LAB3-18",Negotiate,928,"2025-04-17T12:57:55.6404880Z",5,Advapi,SYSTEM
"Apr 17, 2025 @ 19:36:46.812",4624,"LAB3-09",Negotiate,1060,"2025-04-17T10:56:39.1670435Z",5,Advapi,SYSTEM
"Apr 17, 2025 @ 19:36:46.796",4624,"LAB3-09",Negotiate,1060,"2025-04-17T10:56:39.1463456Z",5,Advapi,SYSTEM
"Apr 17, 2025 @ 19:36:46.786",4624,"LAB3-09",Negotiate,1060,"2025-04-17T14:35:52.2719507Z",5,Advapi,SYSTEM
"Apr 17, 2025 @ 19:36:46.781",4624,"LAB3-09",Negotiate,1060,"2025-04-17T10:56:31.5698895Z",5,Advapi,SYSTEM
"Apr 17, 2025 @ 19:36:46.770",4624,"LAB3-09",Negotiate,1060,"2025-04-17T14:35:52.2708276Z",5,Advapi,SYSTEM
"Apr 17, 2025 @ 19:36:46.770",4624,"LAB3-18",Negotiate,928,"2025-04-17T13:44:16.3761618Z",5,Advapi,SYSTEM
"Apr 17, 2025 @ 19:36:46.765",4624,"LAB3-09",Negotiate,1060,"2025-04-17T10:56:31.5369817Z",5,Advapi,SYSTEM
"Apr 17, 2025 @ 19:36:46.755",4624,"LAB3-09",Negotiate,1060,"2025-04-17T13:58:25.7018433Z",5,Advapi,SYSTEM
"Apr 17, 2025 @ 19:36:46.753",4624,"LAB3-18",Negotiate,928,"2025-04-17T12:57:55.6189284Z",5,Advapi,SYSTEM
"Apr 17, 2025 @ 19:36:46.750",4624,"LAB3-09",Negotiate,1060,"2025-04-17T10:56:25.8834277Z",5,Advapi,SYSTEM
"Apr 17, 2025 @ 19:36:46.739",4624,"LAB3-18",Negotiate,928,"2025-04-17T13:42:53.1207437Z",5,Advapi,SYSTEM
"Apr 17, 2025 @ 19:36:46.739",4624,"LAB3-09",Negotiate,1060,"2025-04-17T13:58:25.7005325Z",5,Advapi,SYSTEM
"Apr 17, 2025 @ 19:36:46.735",4624,"LAB3-09",Negotiate,1060,"2025-04-17T10:56:25.6686314Z",5,Advapi,SYSTEM
"Apr 17, 2025 @ 19:36:46.724",4624,"LAB3-09",Negotiate,1060,"2025-04-17T13:52:38.2938031Z",5,Advapi,SYSTEM
"Apr 17, 2025 @ 19:36:46.719",4624,"LAB3-09",Negotiate,1060,"2025-04-17T10:56:24.4759915Z",5,Advapi,SYSTEM
"Apr 17, 2025 @ 19:36:46.708",4624,"LAB3-09",Negotiate,1060,"2025-04-17T13:43:56.5149603Z",5,Advapi,SYSTEM
"Apr 17, 2025 @ 19:36:46.706",4624,"LAB3-18",Negotiate,928,"2025-04-17T12:57:52.7001248Z",5,Advapi,SYSTEM
"Apr 17, 2025 @ 19:36:46.704",4624,"LAB3-09",Negotiate,1060,"2025-04-17T10:56:24.4745970Z",5,Advapi,SYSTEM
"Apr 17, 2025 @ 19:36:46.693",4624,"LAB3-09",Negotiate,1060,"2025-04-17T13:35:52.1234888Z",5,Advapi,SYSTEM
"Apr 17, 2025 @ 19:36:46.692",4625,"LAB3-18",Negotiate,928,"2025-04-17T13:42:13.9810967Z",2,User32,"bsit22f.0005"
"Apr 17, 2025 @ 19:36:46.687",4624,"LAB3-09",Negotiate,1060,"2025-04-17T10:56:23.9627564Z",2,Advapi,"DWM-2"
"Apr 17, 2025 @ 19:36:46.678",4624,"LAB3-09",Negotiate,1060,"2025-04-17T13:35:52.1222093Z",5,Advapi,SYSTEM
"Apr 17, 2025 @ 19:36:46.672",4624,"LAB3-09",Negotiate,1060,"2025-04-17T10:56:23.9627460Z",2,Advapi,"DWM-2"
"Apr 17, 2025 @ 19:36:46.647",4624,"LAB3-09",Kerberos,1060,"2025-04-17T13:24:06.7742249Z",3,Kerberos,"LAB3-09$"
"Apr 17, 2025 @ 19:36:46.645",4624,"LAB3-18",Negotiate,928,"2025-04-17T13:41:45.6937295Z",5,Advapi,SYSTEM
"Apr 17, 2025 @ 19:36:46.641",4624,"LAB3-09",Negotiate,1060,"2025-04-17T10:56:23.9494261Z",5,Advapi,SYSTEM
"Apr 17, 2025 @ 19:36:46.628",4624,"LAB3-18",Negotiate,928,"2025-04-17T12:48:51.3405632Z",5,Advapi,SYSTEM
"Apr 17, 2025 @ 19:36:46.626",4624,"LAB3-09",Negotiate,1060,"2025-04-17T10:56:23.9137611Z",2,Advapi,"UMFD-2"
"Apr 17, 2025 @ 19:36:46.615",4624,"LAB3-09",Kerberos,1060,"2025-04-17T13:24:06.6410426Z",3,Kerberos,"LAB3-09$"
"Apr 17, 2025 @ 19:36:46.614",4624,"LAB3-18",Negotiate,928,"2025-04-17T13:41:45.2224707Z",5,Advapi,SYSTEM
"Apr 17, 2025 @ 19:36:46.600",4624,"LAB3-09",Negotiate,1060,"2025-04-17T13:23:31.6638159Z",5,Advapi,SYSTEM
"Apr 17, 2025 @ 19:36:46.595",4624,"LAB3-09",Negotiate,1060,"2025-04-17T10:56:23.8597097Z",2,User32,"bsit23f.0011"
"Apr 17, 2025 @ 19:36:46.584",4624,"LAB3-09",Negotiate,1060,"2025-04-17T13:23:31.6096088Z",5,Advapi,SYSTEM
"Apr 17, 2025 @ 19:36:46.569",4624,"LAB3-09",Negotiate,1060,"2025-04-17T13:21:40.0523224Z",5,Advapi,SYSTEM
"Apr 17, 2025 @ 19:36:46.567",4624,"LAB3-18",Negotiate,928,"2025-04-17T13:41:41.7899029Z",5,Advapi,SYSTEM
"Apr 17, 2025 @ 19:36:46.566",4624,"LAB3-18",Negotiate,928,"2025-04-17T12:46:55.1845995Z",5,Advapi,SYSTEM
"Apr 17, 2025 @ 19:36:46.563",4624,"LAB3-09",Negotiate,1060,"2025-04-17T10:56:21.3467295Z",5,Advapi,SYSTEM
"Apr 17, 2025 @ 19:36:46.553",4624,"LAB3-09",Negotiate,1060,"2025-04-17T13:21:32.7697681Z",5,Advapi,SYSTEM
"Apr 17, 2025 @ 19:36:46.548",4624,"LAB3-09",Negotiate,1060,"2025-04-17T10:56:21.1668792Z",2,Advapi,"bsit23f.0011"
"Apr 17, 2025 @ 19:36:46.537",4624,"LAB3-09",Negotiate,1060,"2025-04-17T13:21:32.7681501Z",5,Advapi,SYSTEM
"Apr 17, 2025 @ 19:36:46.522",4625,"LAB3-09",Negotiate,1060,"2025-04-17T13:17:30.9671422Z",2,User32,"bsit22f.0001"
"Apr 17, 2025 @ 19:36:46.520",4624,"LAB3-18",Negotiate,928,"2025-04-17T12:45:10.6899839Z",5,Advapi,SYSTEM
"Apr 17, 2025 @ 19:36:46.517",4625,"LAB3-09",Negotiate,1060,"2025-04-17T10:55:33.9790024Z",2,User32,"bsit23f.0011"
"Apr 17, 2025 @ 19:36:46.506",4624,"LAB3-09",Negotiate,1060,"2025-04-17T12:54:00.8763582Z",5,Advapi,SYSTEM
"Apr 17, 2025 @ 19:36:46.502",4625,"LAB3-09",Negotiate,1060,"2025-04-17T10:55:09.2966501Z",2,User32,"bsit23f.0011"
"Apr 17, 2025 @ 19:36:46.491",4624,"LAB3-09",Negotiate,1060,"2025-04-17T12:43:22.7450010Z",5,Advapi,SYSTEM
"Apr 17, 2025 @ 19:36:46.485",4624,"LAB3-09",Negotiate,1060,"2025-04-17T10:52:30.6113197Z",5,Advapi,SYSTEM
"Apr 17, 2025 @ 19:36:46.475",4624,"LAB3-09",Negotiate,1060,"2025-04-17T12:35:51.2984850Z",5,Advapi,SYSTEM
"Apr 17, 2025 @ 19:36:46.470",4624,"LAB3-09",Negotiate,1060,"2025-04-17T10:52:30.5465650Z",5,Advapi,SYSTEM
"Apr 17, 2025 @ 19:36:46.460",4624,"LAB3-09",Negotiate,1060,"2025-04-17T12:35:51.2973143Z",5,Advapi,SYSTEM
"Apr 17, 2025 @ 19:36:46.459",4624,"LAB3-18",Negotiate,928,"2025-04-17T13:33:42.4190315Z",5,Advapi,SYSTEM
"Apr 17, 2025 @ 19:36:46.458",4624,"LAB3-18",Negotiate,928,"2025-04-17T12:43:23.1652546Z",5,Advapi,SYSTEM
"Apr 17, 2025 @ 19:36:46.455",4624,"LAB3-09",Negotiate,1060,"2025-04-17T10:44:55.6324102Z",5,Advapi,SYSTEM
"Apr 17, 2025 @ 19:36:46.444",4624,"LAB3-09",Negotiate,1060,"2025-04-17T12:16:13.0244554Z",5,Advapi,SYSTEM
"Apr 17, 2025 @ 19:36:46.439",4624,"LAB3-09",Negotiate,1060,"2025-04-17T10:44:55.6089296Z",5,Advapi,SYSTEM
"Apr 17, 2025 @ 19:36:46.429",4624,"LAB3-09",Negotiate,1060,"2025-04-17T12:06:31.1337176Z",5,Advapi,SYSTEM
"Apr 17, 2025 @ 19:36:46.423",4624,"LAB3-09",Negotiate,1060,"2025-04-17T10:44:15.3535598Z",5,Advapi,SYSTEM
"Apr 17, 2025 @ 19:36:46.413",4624,"LAB3-09",Negotiate,1060,"2025-04-17T11:53:49.8668070Z",5,Advapi,SYSTEM
"Apr 17, 2025 @ 19:36:46.408",4624,"LAB3-09",Negotiate,1060,"2025-04-17T10:44:13.9940380Z",5,Advapi,SYSTEM
"Apr 17, 2025 @ 19:36:46.397",4624,"LAB3-09",Negotiate,1060,"2025-04-17T11:42:03.7945562Z",5,Advapi,SYSTEM
"Apr 17, 2025 @ 19:36:46.396",4624,"LAB3-18",Negotiate,928,"2025-04-17T12:41:44.9789758Z",5,Advapi,SYSTEM
"Apr 17, 2025 @ 19:36:46.392",4624,"LAB3-09",Negotiate,1060,"2025-04-17T10:42:16.4700533Z",5,Advapi,SYSTEM
"Apr 17, 2025 @ 19:36:46.376",4624,"LAB3-09",Negotiate,1060,"2025-04-17T10:35:07.7871105Z",5,Advapi,SYSTEM
"Apr 17, 2025 @ 19:36:46.366",4624,"LAB3-18",Negotiate,928,"2025-04-17T13:28:21.6651989Z",5,Advapi,SYSTEM
"Apr 17, 2025 @ 19:36:46.366",4624,"LAB3-09",Kerberos,1060,"2025-04-17T11:39:06.4773751Z",3,Kerberos,"LAB3-09$"
"Apr 17, 2025 @ 19:36:46.360",4624,"LAB3-09",Negotiate,1060,"2025-04-17T10:35:07.6922537Z",5,Advapi,SYSTEM
"Apr 17, 2025 @ 19:36:46.344",4624,"LAB3-09",Negotiate,1060,"2025-04-17T10:35:07.6921832Z",5,Advapi,SYSTEM
"Apr 17, 2025 @ 19:36:46.335",4624,"LAB3-18",Negotiate,928,"2025-04-17T12:41:44.9477814Z",5,Advapi,SYSTEM
"Apr 17, 2025 @ 19:36:46.334",4624,"LAB3-09",Kerberos,1060,"2025-04-17T11:39:06.2919607Z",3,Kerberos,"LAB3-09$"
"Apr 17, 2025 @ 19:36:46.329",4624,"LAB3-09",Negotiate,1060,"2025-04-17T10:35:07.6813958Z",5,Advapi,SYSTEM
"Apr 17, 2025 @ 19:36:46.319",4624,"LAB3-18",Negotiate,928,"2025-04-17T13:27:01.8582097Z",5,Advapi,SYSTEM
"Apr 17, 2025 @ 19:36:46.319",4624,"LAB3-09",Negotiate,1060,"2025-04-17T11:35:50.2225180Z",5,Advapi,SYSTEM
"Apr 17, 2025 @ 19:36:46.313",4624,"LAB3-09",Negotiate,1060,"2025-04-17T10:33:36.6604148Z",5,Advapi,SYSTEM
"Apr 17, 2025 @ 19:36:46.303",4624,"LAB3-09",Negotiate,1060,"2025-04-17T11:35:50.2210445Z",5,Advapi,SYSTEM
"Apr 17, 2025 @ 19:36:46.298",4624,"LAB3-09",Negotiate,1060,"2025-04-17T10:33:36.6590609Z",5,Advapi,SYSTEM
"Apr 17, 2025 @ 19:36:46.289",4624,"LAB3-18",Negotiate,928,"2025-04-17T12:41:34.5683020Z",5,Advapi,SYSTEM
"Apr 17, 2025 @ 19:36:46.287",4625,"LAB3-09",Negotiate,1060,"2025-04-17T11:31:49.3248358Z",2,User32,AKHUWAT
"Apr 17, 2025 @ 19:36:46.281",4624,"LAB3-09",Negotiate,1060,"2025-04-17T10:32:09.0312632Z",5,Advapi,SYSTEM
"Apr 17, 2025 @ 19:36:46.272",4624,"LAB3-18",Negotiate,928,"2025-04-17T13:27:01.6878887Z",5,Advapi,SYSTEM
"Apr 17, 2025 @ 19:36:46.271",4625,"LAB3-09",Negotiate,1060,"2025-04-17T11:31:48.9994954Z",2,User32,AKHUWAT
"Apr 17, 2025 @ 19:36:46.266",4624,"LAB3-09",Negotiate,1060,"2025-04-17T10:29:24.7756496Z",5,Advapi,SYSTEM
"Apr 17, 2025 @ 19:36:46.251",4624,"LAB3-09",Negotiate,1060,"2025-04-17T10:29:20.9783925Z",5,Advapi,SYSTEM
"Apr 17, 2025 @ 19:36:46.242",4624,"LAB3-18",Negotiate,928,"2025-04-17T12:41:10.8940390Z",5,Advapi,SYSTEM
"Apr 17, 2025 @ 19:36:46.219",4624,"LAB3-09",Negotiate,1060,"2025-04-17T10:29:12.4799850Z",5,Advapi,SYSTEM
"Apr 17, 2025 @ 19:36:46.204",4624,"LAB3-09",Negotiate,1060,"2025-04-17T10:29:12.4632623Z",2,User32,"bsit22f.0001"
"Apr 17, 2025 @ 19:36:46.180",4624,"LAB3-18",Negotiate,928,"2025-04-17T12:41:10.8351757Z",5,Advapi,SYSTEM
"Apr 17, 2025 @ 19:36:46.173",4624,"LAB3-09",Negotiate,1060,"2025-04-17T10:28:08.7639244Z",5,Advapi,SYSTEM
"Apr 17, 2025 @ 19:36:46.157",4624,"LAB3-09",Negotiate,1060,"2025-04-17T10:28:08.4972787Z",5,Advapi,SYSTEM
"Apr 17, 2025 @ 19:36:46.141",4624,"LAB3-09",Negotiate,1060,"2025-04-17T10:28:08.4494289Z",5,Advapi,SYSTEM
"Apr 17, 2025 @ 19:36:46.126",4624,"LAB3-09",Negotiate,1060,"2025-04-17T10:28:06.1641746Z",5,Advapi,SYSTEM
"Apr 17, 2025 @ 19:36:46.119",4624,"LAB3-18",Negotiate,928,"2025-04-17T12:41:06.8648128Z",5,Advapi,SYSTEM
"Apr 17, 2025 @ 19:36:46.111",4624,"LAB3-09",Negotiate,1060,"2025-04-17T10:24:29.6423326Z",5,Advapi,SYSTEM
"Apr 17, 2025 @ 19:36:46.094",4624,"LAB3-09",Negotiate,1060,"2025-04-17T10:22:34.5294037Z",5,Advapi,SYSTEM
"Apr 17, 2025 @ 19:36:46.079",4624,"LAB3-09",Negotiate,1060,"2025-04-17T10:21:50.7418158Z",5,Advapi,SYSTEM
"Apr 17, 2025 @ 19:36:46.073",4624,"LAB3-18",Negotiate,928,"2025-04-17T12:40:13.3400784Z",5,Advapi,SYSTEM
"Apr 17, 2025 @ 19:36:46.064",4624,"LAB3-09",Negotiate,1060,"2025-04-17T10:07:45.4880109Z",5,Advapi,SYSTEM
"Apr 17, 2025 @ 19:36:46.032",4624,"LAB3-09",Negotiate,1060,"2025-04-17T10:04:41.0965403Z",5,Advapi,SYSTEM
"Apr 17, 2025 @ 19:36:46.027",4624,"LAB3-18",Negotiate,928,"2025-04-17T12:40:08.3222210Z",5,Advapi,SYSTEM
"Apr 17, 2025 @ 19:36:45.980",4624,"LAB3-18",Negotiate,928,"2025-04-17T12:40:08.2963244Z",5,Advapi,SYSTEM
"Apr 17, 2025 @ 19:36:45.970",4624,"LAB3-09",Kerberos,1060,"2025-04-17T09:54:07.0970177Z",3,Kerberos,"LAB3-09$"
"Apr 17, 2025 @ 19:36:45.907",4624,"LAB3-09",Kerberos,1060,"2025-04-17T09:54:06.7959180Z",3,Kerberos,"LAB3-09$"
"Apr 17, 2025 @ 19:36:45.903",4624,"LAB3-18",Negotiate,928,"2025-04-17T12:40:03.7794091Z",5,Advapi,SYSTEM
"Apr 17, 2025 @ 19:36:45.876",4624,"LAB3-09",Negotiate,1060,"2025-04-17T09:41:37.7106729Z",5,Advapi,SYSTEM
"Apr 17, 2025 @ 19:36:45.824",4624,"LAB3-18",Negotiate,928,"2025-04-17T12:39:19.9341403Z",5,Advapi,SYSTEM
"Apr 17, 2025 @ 19:36:45.778",4624,"LAB3-18",Negotiate,928,"2025-04-17T12:39:16.1121875Z",5,Advapi,SYSTEM
"Apr 17, 2025 @ 19:36:45.731",4624,"LAB3-18",Negotiate,928,"2025-04-17T12:38:54.3542607Z",5,Advapi,SYSTEM
"Apr 17, 2025 @ 19:36:45.669",4624,"LAB3-18",Negotiate,928,"2025-04-17T12:35:33.6930877Z",5,Advapi,SYSTEM
"Apr 17, 2025 @ 19:36:45.592",4624,"LAB3-18",Negotiate,928,"2025-04-17T12:34:21.2525308Z",5,Advapi,SQLTELEMETRY
"Apr 17, 2025 @ 19:36:45.483",4624,"LAB3-18",Negotiate,928,"2025-04-17T12:34:18.2428520Z",5,Advapi,MSSQLSERVER
"Apr 17, 2025 @ 19:36:45.474",4624,"LAB3-10",Negotiate,1068,"2025-04-17T14:04:53.4405392Z",5,Advapi,SYSTEM
"Apr 17, 2025 @ 19:36:45.443",4624,"LAB3-10",Negotiate,1068,"2025-04-17T14:00:41.6822092Z",5,Advapi,SYSTEM
"Apr 17, 2025 @ 19:36:45.412",4624,"LAB3-10",Negotiate,1068,"2025-04-17T13:48:44.1033934Z",5,Advapi,SYSTEM
"Apr 17, 2025 @ 19:36:45.390",4624,"LAB3-18",Negotiate,928,"2025-04-17T12:33:32.8776888Z",5,Advapi,SYSTEM
"Apr 17, 2025 @ 19:36:45.349",4624,"LAB3-10",Kerberos,1068,"2025-04-17T13:17:18.0653701Z",3,Kerberos,"LAB3-10$"
"Apr 17, 2025 @ 19:36:45.328",4624,"LAB3-18",Negotiate,928,"2025-04-17T12:33:27.3015220Z",5,Advapi,SYSTEM
"Apr 17, 2025 @ 19:36:45.286",4624,"LAB3-10",Kerberos,1068,"2025-04-17T13:17:17.8379337Z",3,Kerberos,"LAB3-10$"
"Apr 17, 2025 @ 19:36:45.266",4624,"LAB3-18",Negotiate,928,"2025-04-17T12:33:26.0677609Z",5,Advapi,SYSTEM
"Apr 17, 2025 @ 19:36:45.256",4624,"LAB3-10",Negotiate,1068,"2025-04-17T13:04:53.6128609Z",5,Advapi,SYSTEM
"Apr 17, 2025 @ 19:36:45.224",4624,"LAB3-10",Negotiate,1068,"2025-04-17T12:04:59.5614418Z",5,Advapi,SYSTEM
"Apr 17, 2025 @ 19:36:45.204",4624,"LAB3-18",Negotiate,928,"2025-04-17T12:33:25.0918192Z",5,Advapi,SYSTEM
"Apr 17, 2025 @ 19:36:45.193",4624,"LAB3-10",Negotiate,1068,"2025-04-17T11:59:51.3558768Z",5,Advapi,SYSTEM
"Apr 17, 2025 @ 19:36:45.162",4624,"LAB3-10",Negotiate,1068,"2025-04-17T11:59:51.3460519Z",5,Advapi,SYSTEM
"Apr 17, 2025 @ 19:36:45.157",4624,"LAB3-18",Negotiate,928,"2025-04-17T12:33:25.0891379Z",5,Advapi,SYSTEM
"Apr 17, 2025 @ 19:36:45.131",4624,"LAB3-10",Negotiate,1068,"2025-04-17T11:57:36.3091251Z",5,Advapi,SYSTEM
"Apr 17, 2025 @ 19:36:45.099",4624,"LAB3-10",Negotiate,1068,"2025-04-17T11:53:42.4642695Z",5,Advapi,SYSTEM
"Apr 17, 2025 @ 19:36:45.096",4624,"LAB3-18",Negotiate,928,"2025-04-17T12:33:25.0887003Z",5,Advapi,SYSTEM
"Apr 17, 2025 @ 19:36:45.068",4624,"LAB3-10",Negotiate,1068,"2025-04-17T11:52:57.4414136Z",5,Advapi,SYSTEM
"Apr 17, 2025 @ 19:36:45.036",4624,"LAB3-10",Negotiate,1068,"2025-04-17T11:51:25.9131482Z",5,Advapi,SYSTEM
"Apr 17, 2025 @ 19:36:45.034",4624,"LAB3-18",Negotiate,928,"2025-04-17T12:33:25.0874117Z",5,Advapi,SYSTEM
"Apr 17, 2025 @ 19:36:45.005",4624,"LAB3-10",Negotiate,1068,"2025-04-17T11:51:25.1372550Z",5,Advapi,SYSTEM
"Apr 17, 2025 @ 19:36:44.974",4624,"LAB3-10",Negotiate,1068,"2025-04-17T11:51:24.3208468Z",5,Advapi,SYSTEM
"Apr 17, 2025 @ 19:36:44.972",4624,"LAB3-18",Negotiate,928,"2025-04-17T12:33:25.0869661Z",5,Advapi,SYSTEM
"Apr 17, 2025 @ 19:36:44.955",4624,"LAB3-11",Negotiate,1032,"2025-04-17T14:37:58.0888072Z",5,Advapi,SYSTEM
"Apr 17, 2025 @ 19:36:44.943",4624,"LAB3-10",Negotiate,1068,"2025-04-17T11:51:24.3178180Z",5,Advapi,SYSTEM
"Apr 17, 2025 @ 19:36:44.939",4624,"LAB3-11",Negotiate,1032,"2025-04-17T14:37:57.4452701Z",5,Advapi,SYSTEM
"Apr 17, 2025 @ 19:36:44.926",4624,"LAB3-18",Negotiate,928,"2025-04-17T12:33:25.0858547Z",5,Advapi,SYSTEM
"Apr 17, 2025 @ 19:36:44.911",4624,"LAB3-10",Negotiate,1068,"2025-04-17T11:51:24.3171017Z",5,Advapi,SYSTEM
"Apr 17, 2025 @ 19:36:44.881",4624,"LAB3-10",Negotiate,1068,"2025-04-17T11:51:24.3152603Z",5,Advapi,SYSTEM
"Apr 17, 2025 @ 19:36:44.864",4624,"LAB3-18",Negotiate,928,"2025-04-17T12:33:24.4867528Z",5,Advapi,SYSTEM
"Apr 17, 2025 @ 19:36:44.849",4624,"LAB3-10",Negotiate,1068,"2025-04-17T11:51:24.3145530Z",5,Advapi,SYSTEM
"Apr 17, 2025 @ 19:36:44.818",4624,"LAB3-18",Negotiate,928,"2025-04-17T12:33:23.3472394Z",5,Advapi,SYSTEM
"Apr 17, 2025 @ 19:36:44.818",4624,"LAB3-10",Negotiate,1068,"2025-04-17T11:51:24.3117632Z",5,Advapi,SYSTEM
"Apr 17, 2025 @ 19:36:44.786",4624,"LAB3-10",Negotiate,1068,"2025-04-17T11:51:23.8083745Z",5,Advapi,SYSTEM
"Apr 17, 2025 @ 19:36:44.755",4624,"LAB3-10",Negotiate,1068,"2025-04-17T11:51:22.8361606Z",5,Advapi,SYSTEM
"Apr 17, 2025 @ 19:36:44.755",4624,"LAB3-18",Negotiate,928,"2025-04-17T12:33:22.7161590Z",5,Advapi,SYSTEM
"Apr 17, 2025 @ 19:36:44.724",4624,"LAB3-10",Negotiate,1068,"2025-04-17T11:51:05.2820065Z",5,Advapi,SYSTEM
"Apr 17, 2025 @ 19:36:44.710",4624,"LAB3-18",Negotiate,928,"2025-04-17T12:33:22.1519963Z",5,Advapi,SYSTEM
"Apr 17, 2025 @ 19:36:44.694",4624,"LAB3-10",Negotiate,1068,"2025-04-17T11:51:05.2795670Z",5,Advapi,SYSTEM
"Apr 17, 2025 @ 19:36:44.662",4624,"LAB3-10",Negotiate,1068,"2025-04-17T11:51:05.2792623Z",5,Advapi,SYSTEM
"Apr 17, 2025 @ 19:36:44.648",4624,"LAB3-18",Negotiate,928,"2025-04-17T12:33:22.1481590Z",5,Advapi,SYSTEM
"Apr 17, 2025 @ 19:36:44.631",4624,"LAB3-10",Negotiate,1068,"2025-04-17T11:51:05.2782596Z",5,Advapi,SYSTEM
"Apr 17, 2025 @ 19:36:44.601",4624,"LAB3-18",Negotiate,928,"2025-04-17T12:33:22.1475258Z",5,Advapi,SYSTEM
"Apr 17, 2025 @ 19:36:44.599",4624,"LAB3-10",Negotiate,1068,"2025-04-17T11:51:05.2779542Z",5,Advapi,SYSTEM
"Apr 17, 2025 @ 19:36:44.568",4624,"LAB3-10",Negotiate,1068,"2025-04-17T11:51:05.2763862Z",5,Advapi,SYSTEM
"Apr 17, 2025 @ 19:36:44.555",4624,"LAB3-18",Negotiate,928,"2025-04-17T12:33:22.1456469Z",5,Advapi,SYSTEM
"Apr 17, 2025 @ 19:36:44.537",4624,"LAB3-10",Negotiate,1068,"2025-04-17T11:51:05.1846495Z",5,Advapi,SYSTEM
"Apr 17, 2025 @ 19:36:44.506",4624,"LAB3-10",Negotiate,1068,"2025-04-17T11:51:01.9696912Z",5,Advapi,SYSTEM
"Apr 17, 2025 @ 19:36:44.475",4624,"LAB3-10",Negotiate,1068,"2025-04-17T11:51:01.7002034Z",5,Advapi,SYSTEM
"Apr 17, 2025 @ 19:36:44.463",4624,"LAB3-18",Negotiate,928,"2025-04-17T12:33:22.1452602Z",5,Advapi,SYSTEM
"Apr 17, 2025 @ 19:36:44.443",4624,"LAB3-10",Negotiate,1068,"2025-04-17T11:51:01.5573159Z",5,Advapi,SYSTEM
"Apr 17, 2025 @ 19:36:44.415",4624,"LAB3-18",Negotiate,928,"2025-04-17T12:33:22.1431643Z",5,Advapi,SYSTEM
"Apr 17, 2025 @ 19:36:44.412",4624,"LAB3-10",Negotiate,1068,"2025-04-17T11:50:30.6454433Z",5,Advapi,SYSTEM
"Apr 17, 2025 @ 19:36:44.365",4625,"LAB3-10",Negotiate,1068,"2025-04-17T11:46:41.9028825Z",2,User32,"bseco23f.0057"
"Apr 17, 2025 @ 19:36:44.353",4624,"LAB3-18",Negotiate,928,"2025-04-17T12:33:18.4345912Z",5,Advapi,SYSTEM
"Apr 17, 2025 @ 19:36:44.334",4625,"LAB3-10",Negotiate,1068,"2025-04-17T11:46:41.5466173Z",2,User32,"bseco23f.0057"
"Apr 17, 2025 @ 19:36:44.306",4624,"LAB3-18",Negotiate,928,"2025-04-17T12:33:18.2472795Z",5,Advapi,SYSTEM
"Apr 17, 2025 @ 19:36:44.303",4625,"LAB3-10",Negotiate,1068,"2025-04-17T11:46:41.1443417Z",2,User32,"bseco23f.0057"
"Apr 17, 2025 @ 19:36:44.272",4625,"LAB3-10",Negotiate,1068,"2025-04-17T11:46:40.7846305Z",2,User32,"bseco23f.0057"
"Apr 17, 2025 @ 19:36:44.261",4624,"LAB3-18",Negotiate,928,"2025-04-17T12:33:17.7386138Z",5,Advapi,SYSTEM
"Apr 17, 2025 @ 19:36:44.240",4625,"LAB3-10",Negotiate,1068,"2025-04-17T11:46:40.4347338Z",2,User32,"bseco23f.0057"
"Apr 17, 2025 @ 19:36:44.209",4625,"LAB3-10",Negotiate,1068,"2025-04-17T11:46:39.8527906Z",2,User32,"bseco23f.0057"
"Apr 17, 2025 @ 19:36:44.198",4624,"LAB3-18",Negotiate,928,"2025-04-17T12:33:17.5285689Z",5,Advapi,SYSTEM
"Apr 17, 2025 @ 19:36:44.178",4624,"LAB3-10",Negotiate,1068,"2025-04-17T11:45:53.3331260Z",5,Advapi,SYSTEM
"Apr 17, 2025 @ 19:36:44.146",4624,"LAB3-10",Negotiate,1068,"2025-04-17T11:45:53.0618263Z",5,Advapi,SYSTEM
"Apr 17, 2025 @ 19:36:44.115",4624,"LAB3-10",Negotiate,1068,"2025-04-17T11:45:52.9125046Z",5,Advapi,SYSTEM
"Apr 17, 2025 @ 19:36:44.084",4624,"LAB3-10",Negotiate,1068,"2025-04-17T11:45:52.5212462Z",5,Advapi,"SQLTELEMETRY$SQLEXPRESS"
"Apr 17, 2025 @ 19:36:44.006",4624,"LAB3-10",Negotiate,1068,"2025-04-17T11:45:52.3274030Z",5,Advapi,SQLTELEMETRY
"Apr 17, 2025 @ 19:36:43.944",4624,"LAB3-10",Negotiate,1068,"2025-04-17T11:45:50.9260538Z",5,Advapi,SYSTEM
"Apr 17, 2025 @ 19:36:43.913",4624,"LAB3-10",Negotiate,1068,"2025-04-17T11:45:49.7474833Z",5,Advapi,MSSQLSERVER
"Apr 17, 2025 @ 19:36:43.850",4624,"LAB3-10",Negotiate,1068,"2025-04-17T11:45:48.3573167Z",5,Advapi,"MSSQL$SQLEXPRESS"
"Apr 17, 2025 @ 19:36:43.796",4624,"LAB3-18",Negotiate,928,"2025-04-17T12:33:17.1739773Z",5,Advapi,SYSTEM
"Apr 17, 2025 @ 19:36:43.787",4624,"LAB3-10",Negotiate,1068,"2025-04-17T11:44:53.2769408Z",5,Advapi,SYSTEM
"Apr 17, 2025 @ 19:36:43.756",4624,"LAB3-10",Negotiate,1068,"2025-04-17T11:44:47.7955242Z",5,Advapi,SYSTEM
"Apr 17, 2025 @ 19:36:43.710",4624,"LAB3-10",Negotiate,1068,"2025-04-17T11:44:47.7675325Z",5,Advapi,SYSTEM
"Apr 17, 2025 @ 19:36:43.689",4624,"LAB3-18",Kerberos,928,"2025-04-17T12:33:17.1340071Z",3,Kerberos,"LAB3-18$"
"Apr 17, 2025 @ 19:36:43.678",4624,"LAB3-10",Negotiate,1068,"2025-04-17T11:44:47.7050596Z",5,Advapi,SYSTEM
"Apr 17, 2025 @ 19:36:43.647",4624,"LAB3-10",Negotiate,1068,"2025-04-17T11:44:34.3309252Z",5,Advapi,SYSTEM
"Apr 17, 2025 @ 19:36:43.616",4624,"LAB3-10",Negotiate,1068,"2025-04-17T11:44:17.5988598Z",5,Advapi,SYSTEM
"Apr 17, 2025 @ 19:36:43.585",4624,"LAB3-10",Negotiate,1068,"2025-04-17T11:44:17.5573124Z",5,Advapi,SYSTEM
"Apr 17, 2025 @ 19:36:43.565",4624,"LAB3-18",Negotiate,928,"2025-04-17T12:33:15.3310373Z",5,Advapi,SYSTEM
"Apr 17, 2025 @ 19:36:43.538",4624,"LAB3-10",Negotiate,1068,"2025-04-17T11:44:17.5572888Z",5,Advapi,SYSTEM
"Apr 17, 2025 @ 19:36:43.518",4624,"LAB3-18",Negotiate,928,"2025-04-17T12:33:15.3138824Z",5,Advapi,SYSTEM
"Apr 17, 2025 @ 19:36:43.473",4624,"LAB3-18",Kerberos,928,"2025-04-17T12:33:15.2491852Z",3,Kerberos,"LAB3-18$"
"Apr 17, 2025 @ 19:36:43.429",4624,"LAB3-10",Kerberos,1068,"2025-04-17T11:44:17.5251038Z",3,Kerberos,"LAB3-10$"
"Apr 17, 2025 @ 19:36:43.410",4624,"LAB3-18",Negotiate,928,"2025-04-17T12:33:15.2457353Z",5,Advapi,SYSTEM
"Apr 17, 2025 @ 19:36:43.335",4624,"LAB3-10",Kerberos,1068,"2025-04-17T11:44:17.1059587Z",3,Kerberos,"LAB3-10$"
"Apr 17, 2025 @ 19:36:43.301",4624,"LAB3-18",Kerberos,928,"2025-04-17T12:33:15.1889799Z",3,Kerberos,"LAB3-18$"
"Apr 17, 2025 @ 19:36:43.272",4624,"LAB3-10",Negotiate,1068,"2025-04-17T11:43:49.0586020Z",5,Advapi,SYSTEM
"Apr 17, 2025 @ 19:36:43.210",4624,"LAB3-10",Negotiate,1068,"2025-04-17T11:43:48.3913986Z",5,Advapi,SYSTEM
"Apr 17, 2025 @ 19:36:43.208",4624,"LAB3-18",Negotiate,928,"2025-04-17T12:33:15.1696793Z",5,Advapi,SYSTEM
"Apr 17, 2025 @ 19:36:43.163",4624,"LAB3-10",Negotiate,1068,"2025-04-17T11:43:47.3781560Z",5,Advapi,SYSTEM
"Apr 17, 2025 @ 19:36:43.132",4624,"LAB3-10",Negotiate,1068,"2025-04-17T11:43:47.2386123Z",5,Advapi,SYSTEM
"Apr 17, 2025 @ 19:36:43.098",4624,"LAB3-18",Kerberos,928,"2025-04-17T12:33:15.1187101Z",3,Kerberos,"LAB3-18$"
"Apr 17, 2025 @ 19:36:43.085",4624,"LAB3-10",Negotiate,1068,"2025-04-17T11:43:47.2286197Z",5,Advapi,SYSTEM
"Apr 17, 2025 @ 19:36:43.023",4624,"LAB3-10",Negotiate,1068,"2025-04-17T11:43:47.2065107Z",5,Advapi,SYSTEM
"Apr 17, 2025 @ 19:36:43.005",4624,"LAB3-18",Negotiate,928,"2025-04-17T12:33:15.0969316Z",5,Advapi,SYSTEM
"Apr 17, 2025 @ 19:36:42.960",4624,"LAB3-10",Negotiate,1068,"2025-04-17T11:43:47.2043586Z",5,Advapi,SYSTEM
"Apr 17, 2025 @ 19:36:42.943",4624,"LAB3-18",Negotiate,928,"2025-04-17T12:33:15.0967857Z",5,Advapi,SYSTEM
"Apr 17, 2025 @ 19:36:42.929",4624,"LAB3-10",Negotiate,1068,"2025-04-17T11:43:47.2040828Z",5,Advapi,SYSTEM
"Apr 17, 2025 @ 19:36:42.882",4624,"LAB3-10",Negotiate,1068,"2025-04-17T11:43:47.2034322Z",5,Advapi,SYSTEM
"Apr 17, 2025 @ 19:36:42.835",4624,"LAB3-10",Negotiate,1068,"2025-04-17T11:43:47.2029094Z",5,Advapi,SYSTEM
"Apr 17, 2025 @ 19:36:42.785",4624,"LAB3-18",Negotiate,928,"2025-04-16T15:38:12.6205388Z",5,Advapi,SYSTEM
"Apr 17, 2025 @ 19:36:42.773",4624,"LAB3-10",Negotiate,1068,"2025-04-17T11:43:47.1467038Z",5,Advapi,SYSTEM
"Apr 17, 2025 @ 19:36:42.739",4624,"LAB3-18",Negotiate,928,"2025-04-16T15:38:11.0116132Z",5,Advapi,SYSTEM
"Apr 17, 2025 @ 19:36:42.692",4624,"LAB3-18",Negotiate,928,"2025-04-16T15:38:10.7830772Z",5,Advapi,SYSTEM
"Apr 17, 2025 @ 19:36:42.646",4624,"LAB3-18",Negotiate,928,"2025-04-16T15:38:10.7675060Z",5,Advapi,SYSTEM
"Apr 17, 2025 @ 19:36:42.584",4624,"LAB3-18",Negotiate,928,"2025-04-16T15:38:09.6107030Z",5,Advapi,SYSTEM
"Apr 17, 2025 @ 19:36:42.538",4624,"LAB3-18",Negotiate,928,"2025-04-16T15:38:09.3394204Z",5,Advapi,SYSTEM
"Apr 17, 2025 @ 19:36:42.476",4624,"LAB3-18",Negotiate,928,"2025-04-16T15:38:09.1616495Z",5,Advapi,SYSTEM
"Apr 17, 2025 @ 19:36:42.445",4624,"LAB3-18",Negotiate,928,"2025-04-16T15:38:09.0786478Z",5,Advapi,SYSTEM
"Apr 17, 2025 @ 19:36:42.397",4624,"LAB3-18",Negotiate,928,"2025-04-16T15:38:07.9474076Z",2,User32,"bsit22f.0005"
"Apr 17, 2025 @ 19:36:42.280",4624,"LAB3-11",Negotiate,1032,"2025-04-17T14:35:48.3814504Z",5,Advapi,SYSTEM
"Apr 17, 2025 @ 19:36:42.263",4624,"LAB3-11",Negotiate,1032,"2025-04-17T14:30:49.4561434Z",5,Advapi,SYSTEM
"Apr 17, 2025 @ 19:36:42.248",4624,"LAB3-11",Negotiate,1032,"2025-04-17T14:27:59.9508019Z",5,Advapi,SYSTEM
"Apr 17, 2025 @ 19:36:42.244",4624,"LAB3-18",Negotiate,928,"2025-04-16T15:38:03.6476003Z",5,Advapi,SYSTEM
"Apr 17, 2025 @ 19:36:42.241",4624,"LAB3-11",Negotiate,1032,"2025-04-17T14:25:22.1585193Z",5,Advapi,SYSTEM
"Apr 17, 2025 @ 19:36:42.225",4624,"LAB3-11",Negotiate,1032,"2025-04-17T14:23:03.9876722Z",5,Advapi,SYSTEM
"Apr 17, 2025 @ 19:36:42.188",4624,"LAB3-11",Kerberos,1032,"2025-04-17T14:21:44.3183070Z",3,Kerberos,"LAB3-11$"
"Apr 17, 2025 @ 19:36:42.181",4625,"LAB3-18",Negotiate,928,"2025-04-16T15:37:56.4556154Z",2,User32,"bsit22f.0005"
"Apr 17, 2025 @ 19:36:42.172",4624,"LAB3-11",Kerberos,1032,"2025-04-17T14:21:43.9777147Z",3,Kerberos,"LAB3-11$"
"Apr 17, 2025 @ 19:36:42.156",4624,"LAB3-11",Negotiate,1032,"2025-04-17T14:19:20.7722806Z",5,Advapi,SYSTEM
"Apr 17, 2025 @ 19:36:42.141",4624,"LAB3-11",Negotiate,1032,"2025-04-17T14:14:00.0774167Z",5,Advapi,SYSTEM
"Apr 17, 2025 @ 19:36:42.126",4624,"LAB3-11",Negotiate,1032,"2025-04-17T14:10:37.0746554Z",5,Advapi,SYSTEM
"Apr 17, 2025 @ 19:36:42.110",4624,"LAB3-11",Negotiate,1032,"2025-04-17T14:03:57.5595539Z",5,Advapi,SYSTEM
"Apr 17, 2025 @ 19:36:42.095",4624,"LAB3-11",Negotiate,1032,"2025-04-17T14:02:38.8903224Z",5,Advapi,SYSTEM
"Apr 17, 2025 @ 19:36:42.088",4624,"LAB3-18",Negotiate,928,"2025-04-16T15:37:48.1820181Z",5,Advapi,SYSTEM
"Apr 17, 2025 @ 19:36:42.077",4624,"LAB3-11",Negotiate,1032,"2025-04-17T13:59:22.2575155Z",5,Advapi,SYSTEM
"Apr 17, 2025 @ 19:36:42.062",4624,"LAB3-11",Negotiate,1032,"2025-04-17T13:55:56.2631884Z",5,Advapi,SYSTEM
"Apr 17, 2025 @ 19:36:42.061",4624,"LAB3-11",Negotiate,1032,"2025-04-17T13:53:36.3954382Z",5,Advapi,SYSTEM
"Apr 17, 2025 @ 19:36:42.046",4624,"LAB3-11",Negotiate,1032,"2025-04-17T13:45:23.7361383Z",5,Advapi,SYSTEM
"Apr 17, 2025 @ 19:36:42.046",4624,"LAB3-11",Negotiate,1032,"2025-04-17T13:45:53.8497633Z",5,Advapi,SYSTEM
"Apr 17, 2025 @ 19:36:42.030",4624,"LAB3-11",Negotiate,1032,"2025-04-17T13:43:53.1992277Z",5,Advapi,SYSTEM
"Apr 17, 2025 @ 19:36:42.025",4624,"LAB3-18",Negotiate,928,"2025-04-16T15:37:48.1274101Z",5,Advapi,SYSTEM
"Apr 17, 2025 @ 19:36:42.014",4624,"LAB3-11",Negotiate,1032,"2025-04-17T13:40:57.2098975Z",5,Advapi,SYSTEM
"Apr 17, 2025 @ 19:36:41.999",4624,"LAB3-11",Negotiate,1032,"2025-04-17T13:40:11.2862693Z",5,Advapi,SYSTEM
"Apr 17, 2025 @ 19:36:41.983",4624,"LAB3-11",Negotiate,1032,"2025-04-17T13:40:09.8381277Z",5,Advapi,SYSTEM
"Apr 17, 2025 @ 19:36:41.968",4624,"LAB3-11",Negotiate,1032,"2025-04-17T13:39:12.0437230Z",5,Advapi,SYSTEM
"Apr 17, 2025 @ 19:36:41.963",4624,"LAB3-18",Negotiate,928,"2025-04-16T15:37:48.1273754Z",5,Advapi,SYSTEM
"Apr 17, 2025 @ 19:36:41.959",4624,"LAB3-11",Negotiate,1032,"2025-04-17T13:36:31.4583803Z",5,Advapi,SYSTEM
"Apr 17, 2025 @ 19:36:41.951",4624,"LAB3-11",Negotiate,1032,"2025-04-17T13:33:50.9079313Z",5,Advapi,SYSTEM
"Apr 17, 2025 @ 19:36:41.935",4624,"LAB3-11",Negotiate,1032,"2025-04-17T13:30:56.8170831Z",5,Advapi,SYSTEM
"Apr 17, 2025 @ 19:36:41.919",4624,"LAB3-11",Negotiate,1032,"2025-04-17T13:30:55.7656317Z",5,Advapi,SYSTEM
"Apr 17, 2025 @ 19:36:41.917",4624,"LAB3-18",NTLM,928,"2025-04-16T15:37:48.0284920Z",3,NtLmSsp,Administrator
"Apr 17, 2025 @ 19:36:41.903",4624,"LAB3-11",Negotiate,1032,"2025-04-17T13:30:55.7460884Z",5,Advapi,SYSTEM
"Apr 17, 2025 @ 19:36:41.889",4624,"LAB3-11",Negotiate,1032,"2025-04-17T13:30:55.3993852Z",5,Advapi,SYSTEM
"Apr 17, 2025 @ 19:36:41.874",4624,"LAB3-11",Negotiate,1032,"2025-04-17T13:30:50.7792530Z",5,Advapi,SYSTEM
"Apr 17, 2025 @ 19:36:41.858",4624,"LAB3-11",Negotiate,1032,"2025-04-17T13:30:50.6620643Z",5,Advapi,SYSTEM
"Apr 17, 2025 @ 19:36:41.844",4624,"LAB3-11",Negotiate,1032,"2025-04-17T13:30:49.3343963Z",5,Advapi,SYSTEM
"Apr 17, 2025 @ 19:36:41.838",4624,"LAB3-18",Negotiate,928,"2025-04-16T15:37:19.4373001Z",5,Advapi,SYSTEM
"Apr 17, 2025 @ 19:36:41.827",4624,"LAB3-11",Negotiate,1032,"2025-04-17T13:26:30.3015840Z",5,Advapi,SYSTEM
"Apr 17, 2025 @ 19:36:41.813",4624,"LAB3-11",Negotiate,1032,"2025-04-17T13:25:49.2185837Z",5,Advapi,SYSTEM
"Apr 17, 2025 @ 19:36:41.799",4624,"LAB3-11",Negotiate,1032,"2025-04-17T13:18:27.2576426Z",5,Advapi,SYSTEM
"Apr 17, 2025 @ 19:36:41.791",4624,"LAB3-18",Negotiate,928,"2025-04-16T15:37:18.7326557Z",5,Advapi,SYSTEM
"Apr 17, 2025 @ 19:36:41.784",4624,"LAB3-11",Negotiate,1032,"2025-04-17T13:16:26.7664790Z",5,Advapi,SYSTEM
"Apr 17, 2025 @ 19:36:41.776",4624,"LAB3-11",Negotiate,1032,"2025-04-17T13:13:46.2988893Z",5,Advapi,SYSTEM
"Apr 17, 2025 @ 19:36:41.760",4624,"LAB3-11",Negotiate,1032,"2025-04-17T13:05:44.1256154Z",5,Advapi,SYSTEM
"Apr 17, 2025 @ 19:36:41.744",4624,"LAB3-11",Negotiate,1032,"2025-04-17T13:02:28.9075348Z",5,Advapi,SYSTEM
"Apr 17, 2025 @ 19:36:41.729",4624,"LAB3-11",Negotiate,1032,"2025-04-17T12:58:22.5384787Z",5,Advapi,SYSTEM
"Apr 17, 2025 @ 19:36:41.713",4624,"LAB3-11",Negotiate,1032,"2025-04-17T12:56:22.3276258Z",5,Advapi,SYSTEM
"Apr 17, 2025 @ 19:36:41.699",4624,"LAB3-11",Negotiate,1032,"2025-04-17T12:50:50.3264478Z",5,Advapi,SYSTEM
"Apr 17, 2025 @ 19:36:41.683",4624,"LAB3-11",Negotiate,1032,"2025-04-17T12:50:35.9020984Z",5,Advapi,SYSTEM
"Apr 17, 2025 @ 19:36:41.667",4624,"LAB3-11",Negotiate,1032,"2025-04-17T12:50:26.9855120Z",5,Advapi,SYSTEM
"Apr 17, 2025 @ 19:36:41.652",4624,"LAB3-11",Negotiate,1032,"2025-04-17T12:50:23.0121932Z",5,Advapi,SYSTEM
"Apr 17, 2025 @ 19:36:41.651",4624,"LAB3-18",Negotiate,928,"2025-04-16T15:37:18.0177131Z",5,Advapi,SYSTEM
"Apr 17, 2025 @ 19:36:41.637",4624,"LAB3-11",Negotiate,1032,"2025-04-17T12:50:21.1076624Z",5,Advapi,SYSTEM
"Apr 17, 2025 @ 19:36:41.621",4624,"LAB3-11",Negotiate,1032,"2025-04-17T12:50:20.9173605Z",5,Advapi,SYSTEM
"Apr 17, 2025 @ 19:36:41.590",4624,"LAB3-11",Kerberos,1032,"2025-04-17T12:48:43.7307678Z",3,Kerberos,"LAB3-11$"
"Apr 17, 2025 @ 19:36:41.560",4624,"LAB3-11",Kerberos,1032,"2025-04-17T12:48:43.5634845Z",3,Kerberos,"LAB3-11$"
"Apr 17, 2025 @ 19:36:41.544",4624,"LAB3-11",Negotiate,1032,"2025-04-17T12:45:39.3773962Z",5,Advapi,SYSTEM
"Apr 17, 2025 @ 19:36:41.527",4624,"LAB3-11",Negotiate,1032,"2025-04-17T12:36:16.8365065Z",5,Advapi,SYSTEM
"Apr 17, 2025 @ 19:36:41.519",4624,"LAB3-11",Negotiate,1032,"2025-04-17T12:16:30.1924205Z",5,Advapi,SYSTEM
"Apr 17, 2025 @ 19:36:41.504",4624,"LAB3-11",Negotiate,1032,"2025-04-17T12:16:20.9756501Z",5,Advapi,SYSTEM
"Apr 17, 2025 @ 19:36:41.493",4624,"LAB3-11",Negotiate,1032,"2025-04-17T12:09:56.6440597Z",5,Advapi,SYSTEM
"Apr 17, 2025 @ 19:36:41.478",4624,"LAB3-11",Negotiate,1032,"2025-04-17T12:02:18.8747293Z",5,Advapi,SYSTEM
"Apr 17, 2025 @ 19:36:41.465",4624,"LAB3-11",Negotiate,1032,"2025-04-17T11:41:28.5561192Z",5,Advapi,SYSTEM
"Apr 17, 2025 @ 19:36:41.461",4624,"LAB3-11",Negotiate,1032,"2025-04-17T11:36:10.7334545Z",5,Advapi,SYSTEM
"Apr 17, 2025 @ 19:36:41.456",4624,"LAB3-11",Negotiate,1032,"2025-04-17T11:29:29.2827541Z",5,Advapi,SYSTEM
"Apr 17, 2025 @ 19:36:41.444",4624,"LAB3-11",Negotiate,1032,"2025-04-17T11:27:58.7729677Z",5,Advapi,SYSTEM
"Apr 17, 2025 @ 19:36:41.430",4624,"LAB3-11",Negotiate,1032,"2025-04-17T11:27:22.0452165Z",5,Advapi,SYSTEM
"Apr 17, 2025 @ 19:36:41.415",4624,"LAB3-11",Negotiate,1032,"2025-04-17T11:26:58.4739479Z",5,Advapi,SYSTEM
"Apr 17, 2025 @ 19:36:41.410",4624,"LAB3-11",Negotiate,1032,"2025-04-17T11:19:20.0704588Z",5,Advapi,SYSTEM
"Apr 17, 2025 @ 19:36:41.385",4624,"LAB3-11",Kerberos,1032,"2025-04-17T11:15:43.4602335Z",3,Kerberos,"LAB3-11$"
"Apr 17, 2025 @ 19:36:41.368",4624,"LAB3-11",Kerberos,1032,"2025-04-17T11:15:43.2866204Z",3,Kerberos,"LAB3-11$"
"Apr 17, 2025 @ 19:36:41.365",4624,"LAB3-11",Negotiate,1032,"2025-04-17T11:15:26.9535688Z",5,Advapi,SYSTEM
"Apr 17, 2025 @ 19:36:41.361",4624,"LAB3-11",Negotiate,1032,"2025-04-17T11:13:39.9802477Z",5,Advapi,SYSTEM
"Apr 17, 2025 @ 19:36:41.352",4624,"LAB3-11",Negotiate,1032,"2025-04-17T11:06:25.4195926Z",5,Advapi,SYSTEM
"Apr 17, 2025 @ 19:36:41.344",4624,"LAB3-11",Negotiate,1032,"2025-04-17T11:04:37.3479854Z",5,Advapi,SYSTEM
"Apr 17, 2025 @ 19:36:41.326",4624,"LAB3-11",Negotiate,1032,"2025-04-17T11:02:17.1681951Z",5,Advapi,SYSTEM
"Apr 17, 2025 @ 19:36:41.310",4624,"LAB3-11",Negotiate,1032,"2025-04-17T11:02:17.0785598Z",5,Advapi,SYSTEM
"Apr 17, 2025 @ 19:36:41.294",4624,"LAB3-11",Negotiate,1032,"2025-04-17T11:02:16.9225296Z",2,User32,"ack.user"
"Apr 17, 2025 @ 19:36:41.260",4624,"LAB3-11",Negotiate,1032,"2025-04-17T11:02:08.9642803Z",5,Advapi,SYSTEM
"Apr 17, 2025 @ 19:36:41.243",4625,"LAB3-11",Negotiate,1032,"2025-04-17T11:01:49.4510427Z",2,User32,"bsit22f.0013"
"Apr 17, 2025 @ 19:36:41.228",4625,"LAB3-11",Negotiate,1032,"2025-04-17T11:01:46.9585479Z",2,User32,"bsit22f.0013"
"Apr 17, 2025 @ 19:36:41.225",4624,"LAB3-11",Negotiate,1032,"2025-04-17T11:01:46.5864898Z",5,Advapi,SYSTEM
"Apr 17, 2025 @ 19:36:41.208",4624,"LAB3-11",Negotiate,1032,"2025-04-17T11:01:46.5269314Z",5,Advapi,SYSTEM
"Apr 17, 2025 @ 19:36:41.192",4624,"LAB3-11",Negotiate,1032,"2025-04-17T11:01:36.5014712Z",5,Advapi,SYSTEM
"Apr 17, 2025 @ 19:36:41.177",4624,"LAB3-11",Negotiate,1032,"2025-04-17T11:01:36.4058618Z",5,Advapi,SYSTEM
"Apr 17, 2025 @ 19:36:41.160",4624,"LAB3-11",Negotiate,1032,"2025-04-17T11:01:30.4547473Z",5,Advapi,SYSTEM
"Apr 17, 2025 @ 19:36:41.144",4624,"LAB3-11",Negotiate,1032,"2025-04-17T10:54:43.8618308Z",5,Advapi,SYSTEM
"Apr 17, 2025 @ 19:36:41.126",4624,"LAB3-11",Negotiate,1032,"2025-04-17T10:51:40.8235351Z",5,Advapi,SYSTEM
"Apr 17, 2025 @ 19:36:41.110",4624,"LAB3-11",Negotiate,1032,"2025-04-17T10:48:33.5453456Z",5,Advapi,SYSTEM
"Apr 17, 2025 @ 19:36:41.093",4624,"LAB3-11",Negotiate,1032,"2025-04-17T10:40:52.8958733Z",5,Advapi,SYSTEM
"Apr 17, 2025 @ 19:36:41.077",4624,"LAB3-11",Negotiate,1032,"2025-04-17T10:37:56.3102795Z",5,Advapi,SYSTEM
"Apr 17, 2025 @ 19:36:41.065",4624,"LAB3-11",Negotiate,1032,"2025-04-17T10:33:27.3223587Z",5,Advapi,SYSTEM
"Apr 17, 2025 @ 19:36:41.061",4625,"LAB3-11",Negotiate,1032,"2025-04-17T10:31:57.9225130Z",2,User32,"bsit22f.0013"
"Apr 17, 2025 @ 19:36:41.048",4624,"LAB3-11",Negotiate,1032,"2025-04-17T10:31:40.4345048Z",5,Advapi,SYSTEM
"Apr 17, 2025 @ 19:36:41.027",4624,"LAB3-11",Negotiate,1032,"2025-04-17T10:30:54.2935898Z",2,User32,"bsit22f.0013"
"Apr 17, 2025 @ 19:36:41.011",4624,"LAB3-11",Negotiate,1032,"2025-04-17T10:30:28.3146642Z",5,Advapi,SYSTEM
"Apr 17, 2025 @ 19:36:40.992",4624,"LAB3-11",Negotiate,1032,"2025-04-17T10:30:08.8311797Z",5,Advapi,SYSTEM
"Apr 17, 2025 @ 19:36:40.977",4624,"LAB3-11",Negotiate,1032,"2025-04-17T10:30:08.6398476Z",2,User32,"ack.user"
"Apr 17, 2025 @ 19:36:40.950",4624,"LAB3-11",Negotiate,1032,"2025-04-17T10:29:49.3902515Z",5,Advapi,SYSTEM
"Apr 17, 2025 @ 19:36:40.944",4624,"LAB3-11",Negotiate,1032,"2025-04-17T10:29:49.1609519Z",5,Advapi,SYSTEM
"Apr 17, 2025 @ 19:36:40.926",4624,"LAB3-11",Negotiate,1032,"2025-04-17T10:28:03.5407161Z",5,Advapi,SYSTEM
"Apr 17, 2025 @ 19:36:40.911",4624,"LAB3-11",Negotiate,1032,"2025-04-17T10:28:02.8757280Z",5,Advapi,SYSTEM
"Apr 17, 2025 @ 19:36:40.893",4624,"LAB3-11",Negotiate,1032,"2025-04-17T10:27:20.1424714Z",5,Advapi,SYSTEM
"Apr 17, 2025 @ 19:36:40.861",4624,"LAB3-11",Kerberos,1032,"2025-04-17T10:27:19.0500669Z",3,Kerberos,"LAB3-11$"
"Apr 17, 2025 @ 19:36:40.827",4624,"LAB3-11",Kerberos,1032,"2025-04-17T10:27:18.8291472Z",3,Kerberos,"LAB3-11$"
"Apr 17, 2025 @ 19:36:40.794",4624,"LAB3-11",Negotiate,1032,"2025-04-17T10:27:18.6479645Z",5,Advapi,SYSTEM
"Apr 17, 2025 @ 19:36:40.790",4624,"LAB3-11",Negotiate,1032,"2025-04-17T10:21:55.3227127Z",5,Advapi,SYSTEM
"Apr 17, 2025 @ 19:36:40.775",4624,"LAB3-11",Negotiate,1032,"2025-04-17T10:11:39.9145552Z",5,Advapi,SYSTEM
"Apr 17, 2025 @ 19:36:40.759",4624,"LAB3-11",Negotiate,1032,"2025-04-17T10:06:30.7573404Z",5,Advapi,SYSTEM
"Apr 17, 2025 @ 19:36:40.744",4624,"LAB3-11",Negotiate,1032,"2025-04-17T10:04:23.4411885Z",5,Advapi,SYSTEM
"Apr 17, 2025 @ 19:36:40.728",4624,"LAB3-11",Negotiate,1032,"2025-04-17T10:01:31.9500966Z",5,Advapi,SYSTEM
"Apr 17, 2025 @ 19:36:40.725",4624,"LAB3-11",Negotiate,1032,"2025-04-17T10:01:30.3724286Z",5,Advapi,SYSTEM
"Apr 17, 2025 @ 19:36:40.710",4624,"LAB3-11",Negotiate,1032,"2025-04-17T09:58:13.4069490Z",5,Advapi,SYSTEM
"Apr 17, 2025 @ 19:36:40.702",4624,"LAB3-11",Negotiate,1032,"2025-04-17T09:47:06.3469562Z",5,Advapi,SYSTEM
"Apr 17, 2025 @ 19:36:40.690",4624,"LAB3-11",Kerberos,1032,"2025-04-17T09:42:44.2067504Z",3,Kerberos,"LAB3-11$"
"Apr 17, 2025 @ 19:36:40.675",4624,"LAB3-11",Kerberos,1032,"2025-04-17T09:42:44.0160971Z",3,Kerberos,"LAB3-11$"
"Apr 17, 2025 @ 19:36:18.452",4624,"DESKTOP-5JEIKFF",Negotiate,1012,"2025-04-17T14:36:13.9837824Z",5,Advapi,SYSTEM
"Apr 17, 2025 @ 19:36:18.447",4624,"DESKTOP-5JEIKFF",Negotiate,1012,"2025-04-17T14:36:11.8098194Z",5,Advapi,SYSTEM
"Apr 17, 2025 @ 19:36:18.435",4624,"DESKTOP-5JEIKFF",Negotiate,1012,"2025-04-17T14:36:11.0828732Z",2,User32,Project
"Apr 17, 2025 @ 19:36:18.432",4624,"DESKTOP-5JEIKFF",Negotiate,1012,"2025-04-17T14:36:11.0828650Z",2,User32,Project
"Apr 17, 2025 @ 19:36:18.422",4624,"DESKTOP-5JEIKFF",Negotiate,1012,"2025-04-17T14:36:07.3223474Z",5,Advapi,SYSTEM
"Apr 17, 2025 @ 19:36:18.419",4624,"DESKTOP-5JEIKFF",Negotiate,1012,"2025-04-17T14:36:07.3073466Z",5,Advapi,SYSTEM
"Apr 17, 2025 @ 14:38:40.753",4624,"CP-AKT-000210",Negotiate,1060,"2025-04-17T09:39:56.7917018Z",5,Advapi,SYSTEM
"Apr 17, 2025 @ 14:38:19.089",4624,"LAB3-10",Negotiate,1040,"2025-04-17T09:40:02.5111589Z",5,Advapi,SYSTEM
"Apr 17, 2025 @ 14:38:19.088",4624,"LAB3-10",Negotiate,1040,"2025-04-17T09:40:01.8533056Z",5,Advapi,SYSTEM
"Apr 17, 2025 @ 14:37:35.934",4624,"LAB3-11",Negotiate,1032,"2025-04-17T09:38:50.6613770Z",5,Advapi,SYSTEM
"Apr 17, 2025 @ 14:37:28.036",4624,"LAB3-11",Negotiate,1032,"2025-04-17T09:38:43.3029250Z",5,Advapi,SYSTEM
"Apr 17, 2025 @ 14:37:28.031",4624,"LAB3-11",Negotiate,1032,"2025-04-17T09:38:42.7585845Z",5,Advapi,SYSTEM
"Apr 17, 2025 @ 14:37:23.558",4624,"CP-AKT-000210",Negotiate,1060,"2025-04-17T09:38:40.0661946Z",5,Advapi,SYSTEM
"Apr 17, 2025 @ 14:37:23.554",4624,"CP-AKT-000210",Negotiate,1060,"2025-04-17T09:38:39.5367706Z",5,Advapi,SYSTEM
"Apr 17, 2025 @ 14:37:08.413",4624,"CP-AKT-000210",Negotiate,1060,"2025-04-17T09:38:24.4120925Z",5,Advapi,SYSTEM
"Apr 17, 2025 @ 14:36:48.051",4624,"DESKTOP-5JEIKFF",Negotiate,1012,"2025-04-17T09:36:48.2797334Z",5,Advapi,SYSTEM
"Apr 17, 2025 @ 14:36:48.049",4624,"DESKTOP-5JEIKFF",Negotiate,1012,"2025-04-17T09:36:48.0809511Z",5,Advapi,SYSTEM
"Apr 17, 2025 @ 14:36:30.102",4624,"LAB3-09",Negotiate,1060,"2025-04-17T09:37:45.9748839Z",5,Advapi,SYSTEM
"Apr 17, 2025 @ 14:36:30.101",4624,"LAB3-09",Negotiate,1060,"2025-04-17T09:37:45.1626747Z",5,Advapi,SYSTEM
"Apr 17, 2025 @ 14:34:45.859",4624,"LAB3-09",Negotiate,1060,"2025-04-17T09:36:00.8423859Z",5,Advapi,SYSTEM
"Apr 17, 2025 @ 14:34:44.208",4624,"CP-AKT-000210",Negotiate,1060,"2025-04-17T09:36:00.0962437Z",5,Advapi,SYSTEM
"Apr 17, 2025 @ 14:34:41.125",4624,"CP-AKT-000210",Negotiate,1060,"2025-04-17T09:35:57.0151681Z",5,Advapi,SYSTEM
"Apr 17, 2025 @ 14:33:02.593",4624,"LAB3-11",Negotiate,1032,"2025-04-17T09:34:17.3254322Z",5,Advapi,SYSTEM
"Apr 17, 2025 @ 14:32:51.510",4624,"DESKTOP-5JEIKFF",Negotiate,1012,"2025-04-17T09:32:51.5321846Z",5,Advapi,SYSTEM
"Apr 17, 2025 @ 14:32:37.745",4624,"DESKTOP-5JEIKFF",Negotiate,1012,"2025-04-17T09:32:37.7824897Z",5,Advapi,SYSTEM
"Apr 17, 2025 @ 14:32:37.743",4624,"DESKTOP-5JEIKFF",Negotiate,1012,"2025-04-17T09:32:37.7645488Z",5,Advapi,SYSTEM
"Apr 17, 2025 @ 14:31:25.810",4624,"CP-AKT-002912",Negotiate,1064,"2025-04-17T09:32:41.4037643Z",5,Advapi,SYSTEM
"Apr 17, 2025 @ 14:31:08.902",4624,"CP-AKT-002912",Negotiate,1064,"2025-04-17T09:32:24.6019552Z",5,Advapi,SYSTEM
"Apr 17, 2025 @ 14:31:08.014",4624,"CP-AKT-000210",Negotiate,1060,"2025-04-17T09:32:23.7541437Z",5,Advapi,SYSTEM
"Apr 17, 2025 @ 14:30:59.014",4624,"LAB3-11",Negotiate,1032,"2025-04-17T09:32:13.7748930Z",5,Advapi,SYSTEM
"Apr 17, 2025 @ 14:30:34.207",4624,"LAB3-10",Negotiate,1040,"2025-04-17T09:30:43.4165894Z",5,Advapi,SYSTEM
"Apr 17, 2025 @ 14:30:15.683",4624,"LAB3-11",Negotiate,1032,"2025-04-17T09:31:30.4326391Z",5,Advapi,SYSTEM
"Apr 17, 2025 @ 14:29:54.691",4624,"CP-AKT-002912",Negotiate,1064,"2025-04-17T09:31:10.8887527Z",5,Advapi,SYSTEM
"Apr 17, 2025 @ 14:29:15.592",4624,"LAB3-09",Negotiate,1060,"2025-04-17T09:30:32.1507751Z",5,Advapi,SYSTEM
"Apr 17, 2025 @ 14:28:46.421",4624,"CP-AKT-002912",Negotiate,1064,"2025-04-17T09:30:03.0962286Z",5,Advapi,SYSTEM
"Apr 17, 2025 @ 14:27:52.265",4624,"CP-AKT-000210",Negotiate,1060,"2025-04-17T09:29:07.9153705Z",5,Advapi,SYSTEM
"Apr 17, 2025 @ 14:25:15.419",4624,"CP-AKT-002912",Negotiate,1064,"2025-04-17T09:26:32.1251900Z",5,Advapi,SYSTEM
"Apr 17, 2025 @ 14:25:00.995",4624,"CP-AKT-000210",Negotiate,1060,"2025-04-17T09:26:16.5377755Z",5,Advapi,SYSTEM
"Apr 17, 2025 @ 14:24:51.019",4624,"CP-AKT-000210",Negotiate,1060,"2025-04-17T09:26:06.5545088Z",5,Advapi,SYSTEM
"Apr 17, 2025 @ 14:24:35.313",4624,"CP-AKT-002912",Negotiate,1064,"2025-04-17T09:25:52.5909147Z",5,Advapi,SYSTEM
"Apr 17, 2025 @ 14:24:35.302",4624,"CP-AKT-002912",Negotiate,1064,"2025-04-17T09:25:52.3939103Z",5,Advapi,SYSTEM
"Apr 17, 2025 @ 14:24:35.301",4624,"CP-AKT-002912",Negotiate,1064,"2025-04-17T09:25:52.0128814Z",5,Advapi,SYSTEM
"Apr 17, 2025 @ 14:23:52.639",4624,"LAB3-10",Negotiate,1040,"2025-04-17T09:23:49.6087248Z",5,Advapi,SYSTEM
"Apr 17, 2025 @ 14:23:52.639",4624,"LAB3-10",Negotiate,1040,"2025-04-17T09:23:49.3698259Z",5,Advapi,SYSTEM
"Apr 17, 2025 @ 14:23:50.456",4624,"LAB3-10",Negotiate,1040,"2025-04-17T09:23:47.1978004Z",5,Advapi,SYSTEM
"Apr 17, 2025 @ 14:21:17.818",4624,"LAB3-10",Negotiate,1040,"2025-04-17T09:21:14.5509082Z",5,Advapi,SYSTEM
"Apr 17, 2025 @ 14:20:54.664",4624,"CP-AKT-002912",Negotiate,1064,"2025-04-17T09:22:11.4197795Z",5,Advapi,SYSTEM
"Apr 17, 2025 @ 14:20:52.013",4624,"CP-AKT-002912",Negotiate,1064,"2025-04-17T09:22:08.7648655Z",5,Advapi,SYSTEM
"Apr 17, 2025 @ 14:20:08.495",4624,"DESKTOP-5JEIKFF",Negotiate,1012,"2025-04-17T09:20:08.5213787Z",5,Advapi,SYSTEM
"Apr 17, 2025 @ 14:20:08.275",4624,"CP-AKT-000210",Negotiate,1060,"2025-04-17T09:21:23.7747488Z",5,Advapi,SYSTEM
"Apr 17, 2025 @ 14:20:08.273",4624,"CP-AKT-000210",Negotiate,1060,"2025-04-17T09:21:23.7080154Z",5,Advapi,SYSTEM
"Apr 17, 2025 @ 14:19:44.086",4624,"LAB3-10",Negotiate,1040,"2025-04-17T09:19:40.8201531Z",5,Advapi,SYSTEM
"Apr 17, 2025 @ 14:19:44.086",4624,"LAB3-10",Negotiate,1040,"2025-04-17T09:19:41.0363288Z",5,Advapi,SYSTEM
"Apr 17, 2025 @ 14:19:41.013",4624,"LAB3-10",Negotiate,1040,"2025-04-17T09:19:37.7429022Z",5,Advapi,SYSTEM
"Apr 17, 2025 @ 14:19:32.707",4624,"CP-AKT-002912",Negotiate,1064,"2025-04-17T09:20:49.5591920Z",5,Advapi,SYSTEM
"Apr 17, 2025 @ 14:19:32.706",4624,"CP-AKT-002912",Negotiate,1064,"2025-04-17T09:20:49.4803572Z",5,Advapi,SYSTEM
"Apr 17, 2025 @ 14:19:08.839",4624,"CP-AKT-002912",Negotiate,1064,"2025-04-17T09:20:25.5974024Z",5,Advapi,SYSTEM
"Apr 17, 2025 @ 14:19:04.829",4624,"CP-AKT-000210",Negotiate,1060,"2025-04-17T09:20:20.7308099Z",5,Advapi,SYSTEM
"Apr 17, 2025 @ 14:19:04.827",4624,"CP-AKT-000210",Negotiate,1060,"2025-04-17T09:20:20.5776596Z",5,Advapi,SYSTEM
"Apr 17, 2025 @ 14:19:04.825",4624,"CP-AKT-000210",Negotiate,1060,"2025-04-17T09:20:20.2567482Z",5,Advapi,SYSTEM
"Apr 17, 2025 @ 14:18:56.221",4624,"LAB3-09",Negotiate,1060,"2025-04-17T09:20:12.9191433Z",5,Advapi,SYSTEM
"Apr 17, 2025 @ 14:18:54.610",4624,"LAB3-09",Negotiate,1060,"2025-04-17T09:20:11.8082403Z",5,Advapi,SYSTEM
"Apr 17, 2025 @ 14:18:54.594",4624,"LAB3-09",Negotiate,1060,"2025-04-17T09:20:11.7283552Z",5,Advapi,SYSTEM
"Apr 17, 2025 @ 14:18:54.582",4624,"LAB3-09",Negotiate,1060,"2025-04-17T09:20:11.2816901Z",5,Advapi,SYSTEM
"Apr 17, 2025 @ 14:18:54.581",4624,"LAB3-09",Negotiate,1060,"2025-04-17T09:20:11.2801324Z",5,Advapi,SYSTEM
"Apr 17, 2025 @ 14:17:34.474",4624,"LAB3-10",Negotiate,1040,"2025-04-17T09:17:31.5896777Z",5,Advapi,SYSTEM
"Apr 17, 2025 @ 14:17:34.461",4624,"LAB3-10",Negotiate,1040,"2025-04-17T09:17:31.4785601Z",5,Advapi,SYSTEM
"Apr 17, 2025 @ 14:17:34.461",4624,"LAB3-10",Negotiate,1040,"2025-04-17T09:17:31.2069852Z",5,Advapi,SYSTEM
"Apr 17, 2025 @ 14:17:26.022",4624,"CP-AKT-000210",Negotiate,1060,"2025-04-17T09:18:41.4435279Z",5,Advapi,SYSTEM
"Apr 17, 2025 @ 14:16:26.049",4624,"LAB3-11",Negotiate,1032,"2025-04-17T09:17:40.8346151Z",5,Advapi,SYSTEM
"Apr 17, 2025 @ 14:16:11.769",4624,"LAB3-11",Negotiate,1032,"2025-04-17T09:17:26.5420673Z",5,Advapi,SYSTEM
"Apr 17, 2025 @ 14:15:28.354",4624,"LAB3-10",Negotiate,1040,"2025-04-17T09:15:25.1150476Z",5,Advapi,SYSTEM
"Apr 17, 2025 @ 14:15:21.756",4624,"LAB3-11",Negotiate,1032,"2025-04-17T09:16:37.0977568Z",5,Advapi,SYSTEM
"Apr 17, 2025 @ 14:15:21.743",4624,"LAB3-11",Negotiate,1032,"2025-04-17T09:16:36.8618719Z",5,Advapi,SYSTEM
"Apr 17, 2025 @ 14:15:21.742",4624,"LAB3-11",Negotiate,1032,"2025-04-17T09:16:36.5219976Z",5,Advapi,SYSTEM
"Apr 17, 2025 @ 14:14:32.745",4624,"CP-AKT-000210",Negotiate,1060,"2025-04-17T09:15:48.2233886Z",5,Advapi,SYSTEM
"Apr 17, 2025 @ 14:14:32.745",4624,"CP-AKT-000210",Negotiate,1060,"2025-04-17T09:15:48.3017805Z",5,Advapi,SYSTEM
"Apr 17, 2025 @ 14:13:51.610",4624,"LAB3-09",Negotiate,1060,"2025-04-17T09:15:15.5085779Z",5,Advapi,SYSTEM
"Apr 17, 2025 @ 14:13:20.711",4624,"LAB3-10",Negotiate,1040,"2025-04-17T09:13:17.5049652Z",5,Advapi,SYSTEM
"Apr 17, 2025 @ 14:12:34.004",4624,"LAB3-10",Negotiate,1040,"2025-04-17T09:12:30.8185535Z",5,Advapi,SYSTEM
"Apr 17, 2025 @ 14:11:36.800",4624,"CP-AKT-000210",Negotiate,1060,"2025-04-17T09:12:52.4011023Z",5,Advapi,SYSTEM
"Apr 17, 2025 @ 14:11:11.260",4624,"CP-AKT-002912",Negotiate,1064,"2025-04-17T09:12:52.3403931Z",5,Advapi,SYSTEM
"Apr 17, 2025 @ 14:11:03.997",4624,"CP-AKT-002912",Kerberos,1064,"2025-04-17T09:12:45.3507365Z",3,Kerberos,"CP-AKT-002912$"
"Apr 17, 2025 @ 14:11:03.986",4624,"CP-AKT-002912",Kerberos,1064,"2025-04-17T09:12:45.0621552Z",3,Kerberos,"CP-AKT-002912$"
"Apr 17, 2025 @ 14:10:43.423",4624,"LAB3-11",Negotiate,1032,"2025-04-17T09:11:58.2353864Z",5,Advapi,SYSTEM
"Apr 17, 2025 @ 14:10:43.422",4624,"LAB3-11",Negotiate,1032,"2025-04-17T09:11:58.2134599Z",5,Advapi,SYSTEM
"Apr 17, 2025 @ 14:10:14.047",4624,"LAB3-09",Negotiate,1060,"2025-04-17T09:11:51.5231472Z",5,Advapi,SYSTEM
"Apr 17, 2025 @ 14:10:10.449",4624,"LAB3-10",Negotiate,1040,"2025-04-17T09:10:07.2514109Z",5,Advapi,SYSTEM
"Apr 17, 2025 @ 14:09:56.668",4624,"LAB3-09",Negotiate,1060,"2025-04-17T09:11:34.1359297Z",5,Advapi,SYSTEM
"Apr 17, 2025 @ 14:09:51.007",4624,"DESKTOP-5JEIKFF",Negotiate,1012,"2025-04-17T09:09:51.0684872Z",5,Advapi,SYSTEM
"Apr 17, 2025 @ 14:09:50.999",4624,"DESKTOP-5JEIKFF",Negotiate,1012,"2025-04-17T09:09:51.0301986Z",5,Advapi,SYSTEM
"Apr 17, 2025 @ 14:09:49.484",4624,"LAB3-11",Negotiate,1032,"2025-04-17T09:11:04.2621259Z",5,Advapi,SYSTEM
"Apr 17, 2025 @ 14:09:47.257",4624,"CP-AKT-002912",Negotiate,1064,"2025-04-17T09:11:28.3421333Z",5,Advapi,SYSTEM
"Apr 17, 2025 @ 14:09:44.419",4624,"CP-AKT-000210",Negotiate,1060,"2025-04-17T09:11:00.2738186Z",5,Advapi,SYSTEM
"Apr 17, 2025 @ 14:09:33.219",4624,"CP-AKT-002912",Negotiate,1064,"2025-04-17T09:11:14.2988087Z",5,Advapi,SYSTEM
"Apr 17, 2025 @ 14:09:24.147",4624,"CP-AKT-002912",Negotiate,1064,"2025-04-17T09:11:05.2551236Z",5,Advapi,SYSTEM
"Apr 17, 2025 @ 14:09:24.147",4624,"CP-AKT-002912",Negotiate,1064,"2025-04-17T09:11:05.2345122Z",5,Advapi,SYSTEM
"Apr 17, 2025 @ 14:09:17.224",4624,"CP-AKT-002912",Negotiate,1064,"2025-04-17T09:10:58.3067410Z",5,Advapi,SYSTEM
"Apr 17, 2025 @ 14:09:15.351",4624,"CP-AKT-002912",Negotiate,1064,"2025-04-17T09:10:56.4375934Z",5,Advapi,SYSTEM
"Apr 17, 2025 @ 14:09:11.462",4624,"CP-AKT-002912",Negotiate,1064,"2025-04-17T09:10:52.5531434Z",5,Advapi,SYSTEM
"Apr 17, 2025 @ 14:09:10.413",4624,"CP-AKT-002912",Negotiate,1064,"2025-04-17T09:10:51.5082263Z",5,Advapi,SYSTEM
"Apr 17, 2025 @ 14:09:10.413",4624,"CP-AKT-002912",Negotiate,1064,"2025-04-17T09:10:51.6843352Z",5,Advapi,SYSTEM
"Apr 17, 2025 @ 14:09:09.112",4624,"CP-AKT-002912",Negotiate,1064,"2025-04-17T09:10:50.4057551Z",5,Advapi,SYSTEM
"Apr 17, 2025 @ 14:09:09.112",4624,"CP-AKT-002912",Negotiate,1064,"2025-04-17T09:10:50.1980817Z",5,Advapi,SYSTEM
"Apr 17, 2025 @ 14:09:08.514",4624,"CP-AKT-000210",Negotiate,1060,"2025-04-17T09:10:24.4458578Z",5,Advapi,SYSTEM
"Apr 17, 2025 @ 14:09:04.093",4624,"CP-AKT-000210",Negotiate,1060,"2025-04-17T09:10:20.0344919Z",5,Advapi,SYSTEM
"Apr 17, 2025 @ 14:09:03.765",4624,"LAB3-10",Negotiate,1040,"2025-04-17T09:09:00.5514529Z",5,Advapi,SYSTEM
"Apr 17, 2025 @ 14:08:35.832",4624,"CP-AKT-002912",Negotiate,1064,"2025-04-17T09:10:16.9199080Z",5,Advapi,SYSTEM
"Apr 17, 2025 @ 14:08:26.296",4624,"DESKTOP-5JEIKFF",Negotiate,1012,"2025-04-17T09:08:26.4138268Z",5,Advapi,SYSTEM
"Apr 17, 2025 @ 14:08:24.503",4624,"LAB3-11",Negotiate,1032,"2025-04-17T09:09:39.2916200Z",5,Advapi,SYSTEM
"Apr 17, 2025 @ 14:07:56.675",4624,"DESKTOP-5JEIKFF",Negotiate,1012,"2025-04-17T09:07:56.7075242Z",5,Advapi,SYSTEM
"Apr 17, 2025 @ 14:07:39.993",4624,"LAB3-09",Negotiate,1060,"2025-04-17T09:09:17.2932689Z",5,Advapi,SYSTEM
"Apr 17, 2025 @ 14:07:39.990",4624,"LAB3-09",Negotiate,1060,"2025-04-17T09:09:17.2919376Z",5,Advapi,SYSTEM
"Apr 17, 2025 @ 14:07:35.978",4624,"LAB3-11",Negotiate,1032,"2025-04-17T09:08:50.7814400Z",5,Advapi,SYSTEM
"Apr 17, 2025 @ 14:07:24.211",4624,"CP-AKT-002912",Negotiate,1064,"2025-04-17T09:08:51.1809803Z",5,Advapi,SYSTEM
"Apr 17, 2025 @ 14:07:02.390",4625,"LAB3-10",Negotiate,1040,"2025-04-17T09:06:59.3049691Z",2,CredPro,Administrator
"Apr 17, 2025 @ 14:07:02.388",4625,"LAB3-10",Negotiate,1040,"2025-04-17T09:06:59.1841547Z",11,CredPro,Administrator
"Apr 17, 2025 @ 14:06:53.214",4625,"LAB3-10",Negotiate,1040,"2025-04-17T09:06:50.0651468Z",2,CredPro,Administrator
"Apr 17, 2025 @ 14:06:53.211",4625,"LAB3-10",Negotiate,1040,"2025-04-17T09:06:49.9981162Z",11,CredPro,Administrator
"Apr 17, 2025 @ 14:06:37.005",4624,"CP-AKT-000210",Kerberos,1060,"2025-04-17T09:07:53.2341855Z",3,Kerberos,"CP-AKT-000210$"
"Apr 17, 2025 @ 14:06:36.964",4624,"CP-AKT-000210",Kerberos,1060,"2025-04-17T09:07:53.1893704Z",3,Kerberos,"CP-AKT-000210$"
"Apr 17, 2025 @ 14:06:23.900",4624,"CP-AKT-002912",Negotiate,1064,"2025-04-17T09:07:30.3028402Z",5,Advapi,SYSTEM
"Apr 17, 2025 @ 14:06:23.898",4624,"CP-AKT-002912",Negotiate,1064,"2025-04-17T09:07:30.1476942Z",5,Advapi,SYSTEM
"Apr 17, 2025 @ 14:06:06.222",4624,"LAB3-11",Negotiate,1032,"2025-04-17T09:07:21.0198369Z",5,Advapi,SYSTEM
"Apr 17, 2025 @ 14:06:00.525",4624,"CP-AKT-000210",Negotiate,1060,"2025-04-17T09:07:16.8224230Z",5,Advapi,SYSTEM
"Apr 17, 2025 @ 14:06:00.511",4624,"CP-AKT-000210",Negotiate,1060,"2025-04-17T09:07:16.7277334Z",2,User32,"bsit22f.0005"
"Apr 17, 2025 @ 14:05:58.202",4624,"CP-AKT-002912",Negotiate,1064,"2025-04-17T09:06:55.6262881Z",2,Advapi,"DWM-3"
"Apr 17, 2025 @ 14:05:58.187",4624,"CP-AKT-002912",Negotiate,1064,"2025-04-17T09:06:55.6262754Z",2,Advapi,"DWM-3"
"Apr 17, 2025 @ 14:05:58.155",4624,"CP-AKT-002912",Negotiate,1064,"2025-04-17T09:06:55.5844542Z",2,Advapi,"UMFD-3"
"Apr 17, 2025 @ 14:05:58.133",4624,"CP-AKT-002912",Negotiate,1064,"2025-04-17T09:06:55.5266513Z",2,User32,"bsit22f.0038"
"Apr 17, 2025 @ 14:05:55.508",4624,"CP-AKT-002912",Negotiate,1064,"2025-04-17T09:06:51.9870451Z",5,Advapi,SYSTEM
"Apr 17, 2025 @ 14:05:54.437",4624,"CP-AKT-002912",Negotiate,1064,"2025-04-17T09:06:51.4948839Z",2,Advapi,"bsit22f.0038"
"Apr 17, 2025 @ 14:05:54.423",4624,"CP-AKT-002912",Negotiate,1064,"2025-04-17T09:06:50.5456547Z",5,Advapi,SYSTEM
"Apr 17, 2025 @ 14:05:21.610",4624,"LAB3-11",Negotiate,1032,"2025-04-17T09:06:36.4026514Z",5,Advapi,SYSTEM
"Apr 17, 2025 @ 14:05:16.535",4624,"CP-AKT-000210",Negotiate,1060,"2025-04-17T09:06:32.7039471Z",2,User32,"ack.user"
"Apr 17, 2025 @ 14:05:15.646",4624,"LAB3-11",Negotiate,1032,"2025-04-17T09:06:30.4587041Z",11,CredPro,"bsit22f.0013"
"Apr 17, 2025 @ 14:05:00.246",4624,"DESKTOP-5JEIKFF",Negotiate,1012,"2025-04-17T09:05:00.5140766Z",5,Advapi,SYSTEM
"Apr 17, 2025 @ 14:05:00.244",4624,"DESKTOP-5JEIKFF",Negotiate,1012,"2025-04-17T09:05:00.3226371Z",5,Advapi,SYSTEM
"Apr 17, 2025 @ 14:05:00.237",4624,"DESKTOP-5JEIKFF",Negotiate,1012,"2025-04-17T09:05:00.2742953Z",5,Advapi,SYSTEM
"Apr 17, 2025 @ 14:04:59.840",4624,"CP-AKT-000210",Negotiate,1060,"2025-04-17T09:06:16.0169675Z",5,Advapi,SYSTEM
"Apr 17, 2025 @ 14:04:46.981",4624,"CP-AKT-000210",Negotiate,1060,"2025-04-17T09:06:03.1300594Z",5,Advapi,SYSTEM
"Apr 17, 2025 @ 14:04:42.576",4624,"CP-AKT-000210",Negotiate,1060,"2025-04-17T09:05:58.7377601Z",5,Advapi,SYSTEM
"Apr 17, 2025 @ 14:04:42.574",4624,"CP-AKT-000210",Negotiate,1060,"2025-04-17T09:05:58.7190689Z",5,Advapi,SYSTEM
"Apr 17, 2025 @ 14:04:33.873",4624,"CP-AKT-000210",Negotiate,1060,"2025-04-17T09:05:50.0234697Z",5,Advapi,SYSTEM
"Apr 17, 2025 @ 14:04:29.211",4625,"CP-AKT-002912",Negotiate,1064,"2025-04-17T09:04:56.0847080Z",2,User32,"bsit22f.0038"
"Apr 17, 2025 @ 14:04:11.838",4624,"CP-AKT-000210",Negotiate,1060,"2025-04-17T09:05:27.9784335Z",5,Advapi,SYSTEM
"Apr 17, 2025 @ 14:04:08.126",4624,"CP-AKT-000210",Negotiate,1060,"2025-04-17T09:05:24.3056532Z",5,Advapi,SYSTEM
"Apr 17, 2025 @ 14:04:08.124",4624,"CP-AKT-000210",Negotiate,1060,"2025-04-17T09:05:24.2672157Z",5,Advapi,SYSTEM
"Apr 17, 2025 @ 14:04:03.898",4624,"DESKTOP-5JEIKFF",Negotiate,1012,"2025-04-17T09:04:03.9396031Z",5,Advapi,SYSTEM
"Apr 17, 2025 @ 14:04:03.749",4624,"CP-AKT-000210",Negotiate,1060,"2025-04-17T09:05:20.8104347Z",5,Advapi,SYSTEM
"Apr 17, 2025 @ 14:04:03.736",4624,"CP-AKT-000210",Negotiate,1060,"2025-04-17T09:05:20.0540533Z",5,Advapi,SYSTEM
"Apr 17, 2025 @ 14:04:03.735",4624,"CP-AKT-000210",Negotiate,1060,"2025-04-17T09:05:19.8783712Z",5,Advapi,SYSTEM
"Apr 17, 2025 @ 14:04:02.134",4624,"CP-AKT-000210",Negotiate,1060,"2025-04-17T09:05:18.7686163Z",5,Advapi,SYSTEM
"Apr 17, 2025 @ 14:04:02.118",4624,"CP-AKT-000210",Negotiate,1060,"2025-04-17T09:05:18.2510057Z",2,Advapi,"DWM-3"
"Apr 17, 2025 @ 14:04:02.100",4624,"CP-AKT-000210",Negotiate,1060,"2025-04-17T09:05:18.2509964Z",2,Advapi,"DWM-3"
"Apr 17, 2025 @ 14:04:02.071",4624,"CP-AKT-000210",Negotiate,1060,"2025-04-17T09:05:18.2487429Z",5,Advapi,SYSTEM
"Apr 17, 2025 @ 14:04:02.055",4624,"CP-AKT-000210",Negotiate,1060,"2025-04-17T09:05:18.2207472Z",2,Advapi,"UMFD-3"
"Apr 17, 2025 @ 14:04:02.025",4624,"CP-AKT-000210",Negotiate,1060,"2025-04-17T09:05:18.1600541Z",2,User32,"bsit22f.0005"
"Apr 17, 2025 @ 14:03:59.960",4624,"CP-AKT-000210",Negotiate,1060,"2025-04-17T09:05:16.3402706Z",5,Advapi,SYSTEM
"Apr 17, 2025 @ 14:03:59.944",4624,"CP-AKT-000210",Negotiate,1060,"2025-04-17T09:05:16.0671179Z",2,Advapi,"bsit22f.0005"
"Apr 17, 2025 @ 14:02:51.836",4625,"CP-AKT-000210",Negotiate,1060,"2025-04-17T09:04:07.9228521Z",2,User32,"bsit22f.0005"
"Apr 17, 2025 @ 14:02:44.465",4624,"LAB3-10",Negotiate,1040,"2025-04-17T09:02:41.2626956Z",5,Advapi,SYSTEM
"Apr 17, 2025 @ 14:02:44.465",4624,"LAB3-10",Negotiate,1040,"2025-04-17T09:02:41.8976421Z",5,Advapi,SYSTEM
"Apr 17, 2025 @ 14:02:33.327",4624,"CP-AKT-002912",Negotiate,1064,"2025-04-17T09:02:31.4479999Z",5,Advapi,SYSTEM
"Apr 17, 2025 @ 14:02:33.326",4624,"CP-AKT-002912",Negotiate,1064,"2025-04-17T09:02:31.4048956Z",5,Advapi,SYSTEM
"Apr 17, 2025 @ 14:01:52.520",4625,"CP-AKT-000210",Negotiate,1060,"2025-04-17T09:03:08.5645720Z",2,User32,"bsit22f.00005"
"Apr 17, 2025 @ 14:01:51.373",4624,"LAB3-09",Negotiate,1060,"2025-04-17T09:03:28.3036475Z",5,Advapi,SYSTEM
"Apr 17, 2025 @ 14:01:17.365",4624,"LAB3-11",Negotiate,1032,"2025-04-17T09:02:32.1883215Z",5,Advapi,SYSTEM
"Apr 17, 2025 @ 14:01:12.633",4624,"LAB3-10",Negotiate,1040,"2025-04-17T09:01:09.4269580Z",2,User32,"bsit22f.0020"
"Apr 17, 2025 @ 14:00:54.059",4624,"CP-AKT-000210",Negotiate,1060,"2025-04-17T09:02:10.0718520Z",5,Advapi,SYSTEM
"Apr 17, 2025 @ 14:00:54.059",4624,"CP-AKT-000210",Negotiate,1060,"2025-04-17T09:02:10.1249110Z",5,Advapi,SYSTEM
"Apr 17, 2025 @ 14:00:52.051",4624,"LAB3-10",Negotiate,1040,"2025-04-17T09:00:49.0821932Z",5,Advapi,SYSTEM
"Apr 17, 2025 @ 14:00:52.049",4624,"LAB3-10",Negotiate,1040,"2025-04-17T09:00:48.8438932Z",5,Advapi,SYSTEM
"Apr 17, 2025 @ 14:00:46.532",4624,"LAB3-11",Negotiate,1032,"2025-04-17T09:02:01.3597762Z",5,Advapi,SYSTEM
"Apr 17, 2025 @ 14:00:40.594",4624,"LAB3-11",Negotiate,1032,"2025-04-17T09:01:55.4251602Z",5,Advapi,SYSTEM
"Apr 17, 2025 @ 14:00:35.708",4624,"LAB3-11",Negotiate,1032,"2025-04-17T09:01:50.5660097Z",5,Advapi,SYSTEM
"Apr 17, 2025 @ 14:00:35.706",4624,"LAB3-11",Negotiate,1032,"2025-04-17T09:01:50.5414667Z",5,Advapi,SYSTEM
"Apr 17, 2025 @ 14:00:33.999",4624,"LAB3-11",Negotiate,1032,"2025-04-17T09:01:48.8279287Z",5,Advapi,SYSTEM
"Apr 17, 2025 @ 14:00:30.062",4624,"LAB3-11",Negotiate,1032,"2025-04-17T09:01:44.9044609Z",5,Advapi,SYSTEM
"Apr 17, 2025 @ 14:00:27.248",4624,"LAB3-11",Negotiate,1032,"2025-04-17T09:01:42.0707606Z",5,Advapi,SYSTEM
"Apr 17, 2025 @ 14:00:25.890",4624,"LAB3-11",Negotiate,1032,"2025-04-17T09:01:40.7682451Z",5,Advapi,SYSTEM
"Apr 17, 2025 @ 14:00:25.890",4624,"LAB3-11",Negotiate,1032,"2025-04-17T09:01:40.7264954Z",5,Advapi,SYSTEM
"Apr 17, 2025 @ 14:00:22.284",4624,"LAB3-11",Negotiate,1032,"2025-04-17T09:01:37.1248404Z",5,Advapi,SYSTEM
"Apr 17, 2025 @ 14:00:21.201",4624,"LAB3-11",Negotiate,1032,"2025-04-17T09:01:36.2248692Z",5,Advapi,SYSTEM
"Apr 17, 2025 @ 14:00:21.188",4624,"LAB3-11",Negotiate,1032,"2025-04-17T09:01:36.0225171Z",5,Advapi,SYSTEM
"Apr 17, 2025 @ 14:00:21.188",4624,"LAB3-11",Negotiate,1032,"2025-04-17T09:01:36.0320617Z",5,Advapi,SYSTEM
"Apr 17, 2025 @ 14:00:20.024",4624,"LAB3-11",Negotiate,1032,"2025-04-17T09:01:35.7797675Z",5,Advapi,SYSTEM
"Apr 17, 2025 @ 14:00:20.008",4624,"LAB3-11",Negotiate,1032,"2025-04-17T09:01:34.7985432Z",2,User32,"bsit22f.0013"
"Apr 17, 2025 @ 14:00:18.291",4624,"LAB3-11",Negotiate,1032,"2025-04-17T09:01:33.3133134Z",5,Advapi,SYSTEM
"Apr 17, 2025 @ 14:00:18.277",4624,"LAB3-11",Negotiate,1032,"2025-04-17T09:01:33.0964985Z",2,Advapi,"bsit22f.0013"
"Apr 17, 2025 @ 13:58:54.251",4624,"LAB3-11",Negotiate,1032,"2025-04-17T09:00:09.0867461Z",5,Advapi,SYSTEM
"Apr 17, 2025 @ 13:58:52.346",4624,"DESKTOP-5JEIKFF",Negotiate,1012,"2025-04-17T08:58:52.3231559Z",5,Advapi,SYSTEM
"Apr 17, 2025 @ 13:58:52.252",4624,"DESKTOP-5JEIKFF",Negotiate,1012,"2025-04-17T08:58:52.2882587Z",5,Advapi,SYSTEM
"Apr 17, 2025 @ 13:58:01.991",4624,"LAB3-10",Negotiate,1040,"2025-04-17T08:57:58.8272075Z",5,Advapi,SYSTEM
"Apr 17, 2025 @ 13:56:59.340",4625,"LAB3-11",Negotiate,1032,"2025-04-17T08:58:14.1794385Z",2,User32,"bsit22f.0013"
"Apr 17, 2025 @ 13:56:56.526",4624,"LAB3-10",Negotiate,1040,"2025-04-17T08:56:53.3716026Z",5,Advapi,SYSTEM
"Apr 17, 2025 @ 13:56:55.400",4624,"LAB3-10",Negotiate,1040,"2025-04-17T08:56:52.2473361Z",5,Advapi,SYSTEM
"Apr 17, 2025 @ 13:56:53.650",4624,"LAB3-11",Negotiate,1032,"2025-04-17T08:58:08.4777520Z",5,Advapi,SYSTEM
"Apr 17, 2025 @ 13:56:42.809",4624,"LAB3-10",Negotiate,1040,"2025-04-17T08:56:39.6578752Z",5,Advapi,SYSTEM
"Apr 17, 2025 @ 13:55:50.763",4624,"LAB3-10",Negotiate,1040,"2025-04-17T08:55:47.6099017Z",5,Advapi,SYSTEM
"Apr 17, 2025 @ 13:55:21.812",4624,"CP-AKT-000210",Negotiate,1060,"2025-04-17T08:56:37.5954381Z",5,Advapi,SYSTEM
"Apr 17, 2025 @ 13:54:13.130",4624,"LAB3-11",Negotiate,1032,"2025-04-17T08:55:27.9638674Z",5,Advapi,SYSTEM
"Apr 17, 2025 @ 13:53:00.250",4624,"LAB3-10",Negotiate,1040,"2025-04-17T08:52:57.1035913Z",5,Advapi,SYSTEM
"Apr 17, 2025 @ 13:52:51.839",4624,"DESKTOP-5JEIKFF",Negotiate,1012,"2025-04-17T08:52:52.0946074Z",5,Advapi,SYSTEM
"Apr 17, 2025 @ 13:52:51.837",4624,"DESKTOP-5JEIKFF",Negotiate,1012,"2025-04-17T08:52:51.9169543Z",5,Advapi,SYSTEM
"Apr 17, 2025 @ 13:52:51.828",4624,"DESKTOP-5JEIKFF",Negotiate,1012,"2025-04-17T08:52:51.8700289Z",5,Advapi,SYSTEM
"Apr 17, 2025 @ 13:52:47.801",4624,"LAB3-09",Negotiate,1060,"2025-04-17T08:52:44.6174073Z",5,Advapi,SYSTEM
"Apr 17, 2025 @ 13:52:47.801",4624,"LAB3-09",Negotiate,1060,"2025-04-17T08:52:44.5587166Z",5,Advapi,SYSTEM
"Apr 17, 2025 @ 13:52:40.626",4624,"LAB3-09",Negotiate,1060,"2025-04-17T08:52:37.4781022Z",5,Advapi,SYSTEM
"Apr 17, 2025 @ 13:52:38.333",4624,"LAB3-09",Negotiate,1060,"2025-04-17T08:52:35.1822007Z",5,Advapi,SYSTEM
"Apr 17, 2025 @ 13:52:22.968",4624,"LAB3-10",Negotiate,1040,"2025-04-17T08:52:19.8320550Z",5,Advapi,SYSTEM
"Apr 17, 2025 @ 13:51:55.830",4624,"CP-AKT-002912",Negotiate,1064,"2025-04-17T08:51:53.2926053Z",5,Advapi,SYSTEM
"Apr 17, 2025 @ 13:51:55.830",4624,"CP-AKT-002912",Negotiate,1064,"2025-04-17T08:51:53.9883435Z",5,Advapi,SYSTEM
"Apr 17, 2025 @ 13:51:32.588",4624,"LAB3-11",Negotiate,1032,"2025-04-17T08:52:47.4268068Z",5,Advapi,SYSTEM
"Apr 17, 2025 @ 13:49:55.931",4624,"LAB3-10",Negotiate,1040,"2025-04-17T08:49:52.8154190Z",5,Advapi,SYSTEM
"Apr 17, 2025 @ 13:49:32.190",4624,"CP-AKT-002912",Negotiate,1064,"2025-04-17T08:49:30.2817963Z",5,Advapi,SYSTEM
"Apr 17, 2025 @ 13:48:42.115",4624,"LAB3-09",Negotiate,1060,"2025-04-17T08:48:38.9706570Z",5,Advapi,SYSTEM
"Apr 17, 2025 @ 13:48:16.747",4624,"LAB3-10",Negotiate,1040,"2025-04-17T08:48:13.5771244Z",5,Advapi,SYSTEM
"Apr 17, 2025 @ 13:48:11.775",4624,"LAB3-11",Negotiate,1032,"2025-04-17T08:49:26.6218404Z",5,Advapi,SYSTEM
"Apr 17, 2025 @ 13:47:56.678",4624,"DESKTOP-5JEIKFF",Negotiate,1012,"2025-04-17T08:47:56.7310343Z",5,Advapi,SYSTEM
"Apr 17, 2025 @ 13:47:25.156",4624,"LAB3-10",Negotiate,1040,"2025-04-17T08:47:21.7720261Z",5,Advapi,SYSTEM
"Apr 17, 2025 @ 13:47:24.070",4624,"LAB3-09",Negotiate,1060,"2025-04-17T08:47:20.9232558Z",5,Advapi,SYSTEM
"Apr 17, 2025 @ 13:47:16.896",4624,"LAB3-09",Negotiate,1060,"2025-04-17T08:47:13.7603592Z",5,Advapi,SYSTEM
"Apr 17, 2025 @ 13:47:07.371",4624,"LAB3-09",Negotiate,1060,"2025-04-17T08:47:04.2936401Z",5,Advapi,SYSTEM
"Apr 17, 2025 @ 13:47:07.371",4624,"LAB3-09",Negotiate,1060,"2025-04-17T08:47:04.2320595Z",5,Advapi,SYSTEM
"Apr 17, 2025 @ 13:47:02.326",4624,"LAB3-10",Negotiate,1040,"2025-04-17T08:46:58.8517736Z",5,Advapi,SYSTEM
"Apr 17, 2025 @ 13:46:57.204",4624,"LAB3-10",Negotiate,1040,"2025-04-17T08:46:53.7061036Z",5,Advapi,SYSTEM
"Apr 17, 2025 @ 13:46:53.058",4624,"CP-AKT-000210",Negotiate,1060,"2025-04-17T08:48:08.5997880Z",5,Advapi,SYSTEM
"Apr 17, 2025 @ 13:46:17.178",4624,"LAB3-10",Negotiate,1040,"2025-04-17T08:46:13.5279365Z",5,Advapi,SYSTEM
"Apr 17, 2025 @ 13:45:34.628",4624,"LAB3-09",Negotiate,1060,"2025-04-17T08:45:31.5057087Z",5,Advapi,SYSTEM
"Apr 17, 2025 @ 13:45:31.363",4624,"LAB3-11",Negotiate,1032,"2025-04-17T08:46:46.2088145Z",5,Advapi,SYSTEM
"Apr 17, 2025 @ 13:45:31.007",4624,"LAB3-09",Negotiate,1060,"2025-04-17T08:45:27.8807489Z",5,Advapi,SYSTEM
"Apr 17, 2025 @ 13:45:04.104",4624,"DESKTOP-5JEIKFF",Negotiate,1012,"2025-04-17T08:45:04.1475509Z",5,Advapi,SYSTEM
"Apr 17, 2025 @ 13:45:04.063",4624,"DESKTOP-5JEIKFF",Negotiate,1012,"2025-04-17T08:45:04.1112479Z",5,Advapi,SYSTEM
"Apr 17, 2025 @ 13:43:41.391",4624,"LAB3-10",Negotiate,1040,"2025-04-17T08:43:37.1432163Z",5,Advapi,SYSTEM
"Apr 17, 2025 @ 13:43:36.673",4624,"LAB3-10",Negotiate,1040,"2025-04-17T08:43:32.4741170Z",5,Advapi,SYSTEM
"Apr 17, 2025 @ 13:43:36.673",4624,"LAB3-10",Negotiate,1040,"2025-04-17T08:43:32.4084764Z",5,Advapi,SYSTEM
"Apr 17, 2025 @ 13:43:30.866",4624,"LAB3-11",Negotiate,1032,"2025-04-17T08:44:45.7138976Z",5,Advapi,SYSTEM
"Apr 17, 2025 @ 13:43:27.869",4624,"LAB3-10",Negotiate,1040,"2025-04-17T08:43:23.5976440Z",5,Advapi,SYSTEM
"Apr 17, 2025 @ 13:42:30.919",4624,"LAB3-09",Negotiate,1060,"2025-04-17T08:42:27.7812760Z",5,Advapi,SYSTEM
"Apr 17, 2025 @ 13:42:30.918",4624,"LAB3-09",Negotiate,1060,"2025-04-17T08:42:27.7761806Z",5,Advapi,SYSTEM
"Apr 17, 2025 @ 13:42:23.833",4624,"LAB3-10",Negotiate,1040,"2025-04-17T08:42:20.0366062Z",5,Advapi,SYSTEM
"Apr 17, 2025 @ 13:42:23.832",4624,"LAB3-10",Negotiate,1040,"2025-04-17T08:42:19.5408010Z",5,Advapi,SYSTEM
"Apr 17, 2025 @ 13:42:03.586",4624,"CP-AKT-000210",Kerberos,1060,"2025-04-17T08:43:19.3262149Z",3,Kerberos,"CP-AKT-000210$"
"Apr 17, 2025 @ 13:42:03.579",4624,"CP-AKT-000210",Kerberos,1060,"2025-04-17T08:43:19.0846504Z",3,Kerberos,"CP-AKT-000210$"
"Apr 17, 2025 @ 13:42:03.422",4624,"LAB3-10",Negotiate,1040,"2025-04-17T08:41:59.1261123Z",5,Advapi,SYSTEM
"Apr 17, 2025 @ 13:42:01.937",4624,"LAB3-10",Negotiate,1040,"2025-04-17T08:41:57.8529863Z",5,Advapi,SYSTEM
"Apr 17, 2025 @ 13:42:01.923",4624,"LAB3-10",Negotiate,1040,"2025-04-17T08:41:57.6569649Z",5,Advapi,SYSTEM
"Apr 17, 2025 @ 13:42:01.922",4624,"LAB3-10",Negotiate,1040,"2025-04-17T08:41:57.6306902Z",5,Advapi,SYSTEM
"Apr 17, 2025 @ 13:41:58.374",4624,"LAB3-10",Negotiate,1040,"2025-04-17T08:41:55.0554223Z",5,Advapi,SYSTEM
"Apr 17, 2025 @ 13:41:58.360",4624,"LAB3-10",Negotiate,1040,"2025-04-17T08:41:54.3017988Z",5,Advapi,SYSTEM
"Apr 17, 2025 @ 13:41:58.359",4624,"LAB3-10",Negotiate,1040,"2025-04-17T08:41:54.0775632Z",5,Advapi,SYSTEM
"Apr 17, 2025 @ 13:41:57.204",4624,"LAB3-10",Negotiate,1040,"2025-04-17T08:41:52.9182136Z",5,Advapi,SYSTEM
"Apr 17, 2025 @ 13:41:55.906",4624,"LAB3-10",Negotiate,1040,"2025-04-17T08:41:51.5823373Z",2,User32,"bsit22f.0020"
"Apr 17, 2025 @ 13:41:43.216",4624,"LAB3-09",Negotiate,1060,"2025-04-17T08:41:40.0805331Z",5,Advapi,SYSTEM
"Apr 17, 2025 @ 13:41:30.210",4624,"LAB3-11",Negotiate,1032,"2025-04-17T08:42:45.0586436Z",5,Advapi,SYSTEM
"Apr 17, 2025 @ 13:39:47.625",4624,"LAB3-10",Negotiate,1040,"2025-04-17T08:39:43.3249112Z",5,Advapi,SYSTEM
"Apr 17, 2025 @ 13:39:46.650",4624,"LAB3-10",Negotiate,1040,"2025-04-17T08:39:43.1058123Z",5,Advapi,SYSTEM
"Apr 17, 2025 @ 13:39:46.634",4624,"LAB3-10",Negotiate,1040,"2025-04-17T08:39:42.8884705Z",5,Advapi,SYSTEM
"Apr 17, 2025 @ 13:39:46.618",4624,"LAB3-10",Negotiate,1040,"2025-04-17T08:39:42.5220431Z",5,Advapi,"SQLTELEMETRY$SQLEXPRESS"
"Apr 17, 2025 @ 13:39:46.588",4624,"LAB3-10",Negotiate,1040,"2025-04-17T08:39:42.3033959Z",5,Advapi,SQLTELEMETRY
"Apr 17, 2025 @ 13:39:45.203",4624,"LAB3-10",Negotiate,1040,"2025-04-17T08:39:40.9171959Z",5,Advapi,SYSTEM
"Apr 17, 2025 @ 13:39:43.900",4624,"LAB3-10",Negotiate,1040,"2025-04-17T08:39:39.6148604Z",5,Advapi,MSSQLSERVER
"Apr 17, 2025 @ 13:39:42.555",4624,"LAB3-10",Negotiate,1040,"2025-04-17T08:39:38.2349896Z",5,Advapi,"MSSQL$SQLEXPRESS"
"Apr 17, 2025 @ 13:39:29.641",4624,"LAB3-11",Negotiate,1032,"2025-04-17T08:40:44.4961590Z",5,Advapi,SYSTEM
"Apr 17, 2025 @ 13:39:18.176",4624,"LAB3-10",Negotiate,1040,"2025-04-17T08:39:13.8918257Z",5,Advapi,SYSTEM
"Apr 17, 2025 @ 13:39:03.662",4624,"DESKTOP-5JEIKFF",Negotiate,1012,"2025-04-17T08:39:03.9313260Z",5,Advapi,SYSTEM
"Apr 17, 2025 @ 13:39:03.656",4624,"DESKTOP-5JEIKFF",Negotiate,1012,"2025-04-17T08:39:03.7446649Z",5,Advapi,SYSTEM
"Apr 17, 2025 @ 13:39:03.647",4624,"DESKTOP-5JEIKFF",Negotiate,1012,"2025-04-17T08:39:03.6993797Z",5,Advapi,SYSTEM
"Apr 17, 2025 @ 13:38:53.328",4624,"LAB3-10",Negotiate,1040,"2025-04-17T08:38:49.0424818Z",5,Advapi,SYSTEM
"Apr 17, 2025 @ 13:38:45.707",4624,"LAB3-09",Negotiate,1060,"2025-04-17T08:38:42.5805044Z",5,Advapi,SYSTEM
"Apr 17, 2025 @ 13:38:41.752",4624,"LAB3-10",Negotiate,1040,"2025-04-17T08:38:37.5465024Z",5,Advapi,SYSTEM
"Apr 17, 2025 @ 13:38:41.736",4624,"LAB3-10",Negotiate,1040,"2025-04-17T08:38:37.4552073Z",5,Advapi,SYSTEM
"Apr 17, 2025 @ 13:38:41.736",4624,"LAB3-10",Negotiate,1040,"2025-04-17T08:38:37.5177119Z",5,Advapi,SYSTEM
"Apr 17, 2025 @ 13:38:25.612",4624,"LAB3-10",Negotiate,1040,"2025-04-17T08:38:21.3330063Z",5,Advapi,SYSTEM
"Apr 17, 2025 @ 13:38:19.236",4625,"LAB3-10",Negotiate,1040,"2025-04-17T08:38:12.8635788Z",2,User32,"bsit22f.0020"
"Apr 17, 2025 @ 13:38:17.688",4624,"LAB3-10",Negotiate,1040,"2025-04-17T08:38:07.3569589Z",5,Advapi,SYSTEM
"Apr 17, 2025 @ 13:38:17.673",4624,"LAB3-10",Negotiate,1040,"2025-04-17T08:38:07.3155994Z",5,Advapi,SYSTEM
"Apr 17, 2025 @ 13:38:17.658",4624,"LAB3-10",Negotiate,1040,"2025-04-17T08:38:07.3155469Z",5,Advapi,SYSTEM
"Apr 17, 2025 @ 13:38:17.611",4624,"LAB3-10",Kerberos,1040,"2025-04-17T08:38:07.2808404Z",3,Kerberos,"LAB3-10$"
"Apr 17, 2025 @ 13:38:17.581",4624,"LAB3-10",Kerberos,1040,"2025-04-17T08:38:06.8641401Z",3,Kerberos,"LAB3-10$"
"Apr 17, 2025 @ 13:38:17.564",4624,"LAB3-10",Negotiate,1040,"2025-04-17T08:37:38.8171176Z",5,Advapi,SYSTEM
"Apr 17, 2025 @ 13:38:17.548",4624,"LAB3-10",Negotiate,1040,"2025-04-17T08:37:38.1191146Z",5,Advapi,SYSTEM
"Apr 17, 2025 @ 13:38:17.532",4624,"LAB3-10",Negotiate,1040,"2025-04-17T08:37:37.0815590Z",5,Advapi,SYSTEM
"Apr 17, 2025 @ 13:38:17.516",4624,"LAB3-10",Negotiate,1040,"2025-04-17T08:37:36.9413540Z",5,Advapi,SYSTEM
"Apr 17, 2025 @ 13:38:17.501",4624,"LAB3-10",Negotiate,1040,"2025-04-17T08:37:36.9249427Z",5,Advapi,SYSTEM
"Apr 17, 2025 @ 13:38:17.486",4624,"LAB3-10",Negotiate,1040,"2025-04-17T08:37:36.9170543Z",5,Advapi,SYSTEM
"Apr 17, 2025 @ 13:38:17.470",4624,"LAB3-10",Negotiate,1040,"2025-04-17T08:37:36.9127436Z",5,Advapi,SYSTEM
"Apr 17, 2025 @ 13:38:17.455",4624,"LAB3-10",Negotiate,1040,"2025-04-17T08:37:36.9123101Z",5,Advapi,SYSTEM
"Apr 17, 2025 @ 13:38:17.439",4624,"LAB3-10",Negotiate,1040,"2025-04-17T08:37:36.9109774Z",5,Advapi,SYSTEM
"Apr 17, 2025 @ 13:38:17.423",4624,"LAB3-10",Negotiate,1040,"2025-04-17T08:37:36.9109261Z",5,Advapi,SYSTEM
"Apr 17, 2025 @ 13:38:17.407",4624,"LAB3-10",Negotiate,1040,"2025-04-17T08:37:36.8527814Z",5,Advapi,SYSTEM
"Apr 17, 2025 @ 13:38:15.088",4624,"LAB3-09",Negotiate,1060,"2025-04-17T08:38:12.9096782Z",5,Advapi,SYSTEM
"Apr 17, 2025 @ 13:38:15.087",4624,"LAB3-09",Negotiate,1060,"2025-04-17T08:38:11.9625173Z",5,Advapi,SYSTEM
"Apr 17, 2025 @ 13:38:13.678",4624,"LAB3-09",Negotiate,1060,"2025-04-17T08:38:11.1558403Z",5,Advapi,SYSTEM
"Apr 17, 2025 @ 13:38:13.658",4624,"LAB3-09",Negotiate,1060,"2025-04-17T08:38:11.1528953Z",5,Advapi,SYSTEM
"Apr 17, 2025 @ 13:38:13.651",4624,"LAB3-09",Negotiate,1060,"2025-04-17T08:38:11.1525396Z",5,Advapi,SYSTEM
"Apr 17, 2025 @ 13:38:13.636",4624,"LAB3-09",Negotiate,1060,"2025-04-17T08:38:11.1512909Z",5,Advapi,SYSTEM
"Apr 17, 2025 @ 13:38:13.621",4624,"LAB3-09",Negotiate,1060,"2025-04-17T08:38:11.1508697Z",5,Advapi,SYSTEM
"Apr 17, 2025 @ 13:38:13.606",4624,"LAB3-09",Negotiate,1060,"2025-04-17T08:38:11.1496493Z",5,Advapi,SYSTEM
"Apr 17, 2025 @ 13:38:13.605",4624,"LAB3-09",Negotiate,1060,"2025-04-17T08:38:10.4770713Z",5,Advapi,SYSTEM
"Apr 17, 2025 @ 13:38:09.034",4624,"LAB3-09",Negotiate,1060,"2025-04-17T08:38:05.9047822Z",5,Advapi,SYSTEM
"Apr 17, 2025 @ 13:37:48.253",4624,"LAB3-09",Negotiate,1060,"2025-04-17T08:37:44.1369989Z",5,Advapi,"SQLTELEMETRY$SQLEXPRESS"
"Apr 17, 2025 @ 13:37:48.176",4624,"LAB3-09",Negotiate,1060,"2025-04-17T08:37:43.9371494Z",5,Advapi,SQLTELEMETRY
"Apr 17, 2025 @ 13:37:45.892",4624,"LAB3-09",Negotiate,1060,"2025-04-17T08:37:42.7227671Z",5,Advapi,MSSQLSERVER
"Apr 17, 2025 @ 13:37:45.861",4624,"LAB3-09",Negotiate,1060,"2025-04-17T08:37:41.8531315Z",5,Advapi,"MSSQL$SQLEXPRESS"
"Apr 17, 2025 @ 13:37:31.346",4624,"LAB3-11",Negotiate,1032,"2025-04-17T08:38:44.0428948Z",5,Advapi,SYSTEM
"Apr 17, 2025 @ 13:37:30.744",4624,"LAB3-09",Kerberos,1060,"2025-04-17T08:37:27.6719328Z",3,Kerberos,"LAB3-09$"
"Apr 17, 2025 @ 13:37:30.740",4624,"LAB3-09",Kerberos,1060,"2025-04-17T08:37:27.6229749Z",3,Kerberos,"LAB3-09$"
"Apr 17, 2025 @ 13:37:25.965",4624,"LAB3-09",Negotiate,1060,"2025-04-17T08:37:23.0326350Z",5,Advapi,SYSTEM
"Apr 17, 2025 @ 13:37:25.951",4624,"LAB3-09",Negotiate,1060,"2025-04-17T08:37:22.9982368Z",5,Advapi,SYSTEM
"Apr 17, 2025 @ 13:37:25.934",4624,"LAB3-09",Negotiate,1060,"2025-04-17T08:37:22.9957049Z",5,Advapi,SYSTEM
"Apr 17, 2025 @ 13:37:25.919",4624,"LAB3-09",Negotiate,1060,"2025-04-17T08:37:22.9952706Z",5,Advapi,SYSTEM
"Apr 17, 2025 @ 13:37:25.903",4624,"LAB3-09",Negotiate,1060,"2025-04-17T08:37:22.9938840Z",5,Advapi,SYSTEM
"Apr 17, 2025 @ 13:37:25.887",4624,"LAB3-09",Negotiate,1060,"2025-04-17T08:37:22.9934712Z",5,Advapi,SYSTEM
"Apr 17, 2025 @ 13:37:25.871",4624,"LAB3-09",Negotiate,1060,"2025-04-17T08:37:22.9921127Z",5,Advapi,SYSTEM
"Apr 17, 2025 @ 13:37:25.855",4624,"LAB3-09",Negotiate,1060,"2025-04-17T08:37:22.9390648Z",5,Advapi,SYSTEM
"Apr 17, 2025 @ 13:37:25.137",4624,"LAB3-09",Negotiate,1060,"2025-04-17T08:37:22.5953455Z",5,Advapi,SYSTEM
"Apr 17, 2025 @ 13:37:25.060",4624,"LAB3-09",Kerberos,1060,"2025-04-17T08:37:22.1964866Z",3,Kerberos,"LAB3-09$"
"Apr 17, 2025 @ 13:37:25.011",4624,"LAB3-09",Kerberos,1060,"2025-04-17T08:37:21.9388738Z",3,Kerberos,"LAB3-09$"
"Apr 17, 2025 @ 13:37:24.964",4624,"LAB3-09",Kerberos,1060,"2025-04-17T08:37:21.8589400Z",3,Kerberos,"LAB3-09$"
"Apr 17, 2025 @ 13:37:24.934",4624,"LAB3-09",Kerberos,1060,"2025-04-17T08:37:21.8464821Z",3,Kerberos,"LAB3-09$"
"Apr 17, 2025 @ 13:37:24.918",4624,"LAB3-09",Negotiate,1060,"2025-04-17T08:37:21.7741145Z",5,Advapi,SYSTEM
"Apr 17, 2025 @ 13:37:24.903",4624,"LAB3-09",Negotiate,1060,"2025-04-17T08:37:21.7442847Z",5,Advapi,SYSTEM
"Apr 17, 2025 @ 13:37:24.887",4624,"LAB3-09",Negotiate,1060,"2025-04-17T08:37:21.7190796Z",5,Advapi,SYSTEM
"Apr 17, 2025 @ 13:37:20.113",4624,"LAB3-09",Negotiate,1060,"2025-04-13T11:24:05.8318802Z",5,Advapi,SYSTEM
"Apr 17, 2025 @ 13:37:20.111",4624,"LAB3-09",Negotiate,1060,"2025-04-13T11:24:05.8316943Z",5,Advapi,SYSTEM
"Apr 17, 2025 @ 13:37:10.121",4624,"LAB3-09",Negotiate,1060,"2025-04-13T11:23:55.8511633Z",5,Advapi,SYSTEM
"Apr 17, 2025 @ 13:37:08.121",4624,"LAB3-09",Negotiate,1060,"2025-04-13T11:23:54.1184415Z",5,Advapi,SYSTEM
"Apr 17, 2025 @ 13:37:08.107",4624,"LAB3-09",Negotiate,1060,"2025-04-13T11:23:53.8343922Z",5,Advapi,SYSTEM
"Apr 17, 2025 @ 13:37:08.107",4624,"LAB3-09",Negotiate,1060,"2025-04-13T11:23:54.0965675Z",5,Advapi,SYSTEM
"Apr 17, 2025 @ 13:37:04.171",4624,"LAB3-09",Negotiate,1060,"2025-04-13T11:23:49.8899811Z",5,Advapi,SYSTEM
"Apr 17, 2025 @ 13:37:00.959",4624,"LAB3-11",Negotiate,1032,"2025-04-17T08:38:16.5287881Z",5,Advapi,SYSTEM
"Apr 17, 2025 @ 13:37:00.959",4624,"LAB3-11",Negotiate,1032,"2025-04-17T08:38:15.8403945Z",5,Advapi,SYSTEM
"Apr 17, 2025 @ 13:36:53.747",4624,"CP-AKT-000210",Negotiate,1060,"2025-04-17T08:38:10.1110197Z",5,Advapi,SYSTEM
"Apr 17, 2025 @ 13:36:53.745",4624,"CP-AKT-000210",Negotiate,1060,"2025-04-17T08:38:09.4824114Z",5,Advapi,SYSTEM
"Apr 17, 2025 @ 13:36:53.272",4624,"LAB3-09",Negotiate,1060,"2025-04-13T11:23:39.0999998Z",5,Advapi,SYSTEM
"Apr 17, 2025 @ 13:36:53.271",4624,"LAB3-09",Negotiate,1060,"2025-04-13T11:23:39.0027093Z",5,Advapi,SYSTEM
"Apr 17, 2025 @ 13:36:50.945",4624,"LAB3-09",Negotiate,1060,"2025-04-13T11:23:37.2461271Z",5,Advapi,SYSTEM
"Apr 17, 2025 @ 13:36:50.929",4624,"LAB3-09",Negotiate,1060,"2025-04-13T11:23:36.8596295Z",5,Advapi,SYSTEM
"Apr 17, 2025 @ 13:36:50.917",4624,"LAB3-09",Negotiate,1060,"2025-04-13T11:23:36.6685000Z",5,Advapi,SYSTEM
"Apr 17, 2025 @ 13:36:50.915",4624,"LAB3-09",Negotiate,1060,"2025-04-13T11:23:36.6369841Z",5,Advapi,SYSTEM
"Apr 17, 2025 @ 13:36:48.369",4624,"LAB3-09",Negotiate,1060,"2025-04-13T11:23:34.0988371Z",5,Advapi,SYSTEM
"Apr 17, 2025 @ 13:36:46.462",4624,"LAB3-09",Negotiate,1060,"2025-04-13T11:23:32.4674690Z",5,Advapi,SYSTEM
"Apr 17, 2025 @ 13:36:46.450",4624,"LAB3-09",Negotiate,1060,"2025-04-13T11:23:32.1866982Z",5,Advapi,SYSTEM
"Apr 17, 2025 @ 13:36:46.449",4624,"LAB3-09",Negotiate,1060,"2025-04-13T11:23:32.1689108Z",5,Advapi,SYSTEM
"Apr 17, 2025 @ 13:36:45.041",4624,"LAB3-09",Negotiate,1060,"2025-04-13T11:23:31.3130750Z",5,Advapi,SYSTEM
"Apr 17, 2025 @ 13:36:45.025",4624,"LAB3-09",Negotiate,1060,"2025-04-13T11:23:31.0814501Z",5,Advapi,SYSTEM
"Apr 17, 2025 @ 13:36:45.009",4624,"LAB3-09",Negotiate,1060,"2025-04-13T11:23:30.8723346Z",5,Advapi,SYSTEM
"Apr 17, 2025 @ 13:36:44.997",4624,"LAB3-09",Negotiate,1060,"2025-04-13T11:23:30.7968856Z",5,Advapi,SYSTEM
"Apr 17, 2025 @ 13:36:44.996",4624,"LAB3-09",Negotiate,1060,"2025-04-13T11:23:30.7314542Z",5,Advapi,SYSTEM
"Apr 17, 2025 @ 13:36:44.248",4624,"LAB3-10",Negotiate,1044,"2025-04-17T08:36:41.6080821Z",5,Advapi,SYSTEM
"Apr 17, 2025 @ 13:36:44.247",4624,"LAB3-10",Negotiate,1044,"2025-04-17T08:36:40.8980589Z",5,Advapi,SYSTEM
"Apr 17, 2025 @ 13:36:42.884",4624,"LAB3-09",Negotiate,1060,"2025-04-13T11:23:28.6002383Z",2,User32,"bsit22f.0001"
"Apr 17, 2025 @ 13:36:32.259",4624,"LAB3-09",Negotiate,1060,"2025-04-13T11:23:16.2939970Z",5,Advapi,SYSTEM
"Apr 17, 2025 @ 13:36:27.370",4625,"LAB3-09",Negotiate,1060,"2025-04-13T11:23:08.8337344Z",2,User32,"bsit22f.0001"
"Apr 17, 2025 @ 13:36:27.353",4625,"LAB3-09",NTLM,1060,"2025-04-13T11:23:04.1381568Z",3,NtLmSsp,Administrator
"Apr 17, 2025 @ 13:36:27.338",4624,"LAB3-09",Negotiate,1060,"2025-04-13T11:23:02.5349008Z",5,Advapi,SYSTEM
"Apr 17, 2025 @ 13:36:27.322",4624,"LAB3-09",Negotiate,1060,"2025-04-13T11:22:48.9590745Z",5,Advapi,SYSTEM
"Apr 17, 2025 @ 13:36:27.308",4624,"LAB3-09",Negotiate,1060,"2025-04-13T11:22:31.9259110Z",5,Advapi,SYSTEM
"Apr 17, 2025 @ 13:35:18.958",4625,"LAB3-10",Negotiate,1044,"2025-04-17T08:35:15.5915889Z",2,User32,"bsit22f.0020"
"Apr 17, 2025 @ 13:34:56.200",4624,"DESKTOP-5JEIKFF",Negotiate,1012,"2025-04-17T08:34:55.2469355Z",5,Advapi,SYSTEM
"Apr 17, 2025 @ 13:34:42.008",4624,"CP-AKT-000210",Negotiate,1060,"2025-04-17T08:35:58.0430944Z",5,Advapi,SYSTEM
"Apr 17, 2025 @ 13:34:38.659",4624,"DESKTOP-5JEIKFF",Negotiate,1012,"2025-04-17T08:34:38.7172145Z",5,Advapi,SYSTEM
"Apr 17, 2025 @ 13:34:28.848",4625,"LAB3-10",Negotiate,1044,"2025-04-17T08:34:25.4401719Z",2,User32,"bsit22f.0020"
"Apr 17, 2025 @ 13:34:17.446",4624,"DESKTOP-5JEIKFF",Negotiate,1012,"2025-04-17T08:34:17.5074855Z",5,Advapi,SYSTEM
"Apr 17, 2025 @ 13:34:16.357",4624,"DESKTOP-5JEIKFF",Negotiate,1012,"2025-04-17T08:34:16.4048031Z",2,User32,Project
"Apr 17, 2025 @ 13:34:16.354",4624,"DESKTOP-5JEIKFF",Negotiate,1012,"2025-04-17T08:34:16.4047951Z",2,User32,Project
"Apr 17, 2025 @ 13:34:10.868",4625,"DESKTOP-5JEIKFF",Negotiate,1012,"2025-04-17T08:34:10.9261699Z",2,User32,Project
"Apr 17, 2025 @ 13:33:45.573",4624,"CP-AKT-002912",Kerberos,1064,"2025-04-17T08:33:32.6850619Z",3,Kerberos,"ADMANAGER$"
"Apr 17, 2025 @ 13:33:45.557",4624,"CP-AKT-002912",NTLM,1064,"2025-04-17T08:33:32.6758841Z",3,NtLmSsp,"ADMANAGER$"
"Apr 17, 2025 @ 13:33:45.547",4624,"CP-AKT-002912",Kerberos,1064,"2025-04-17T08:33:32.6249591Z",3,Kerberos,Administrator
"Apr 17, 2025 @ 13:33:45.547",4624,"CP-AKT-002912",Kerberos,1064,"2025-04-17T08:33:32.6486527Z",3,Kerberos,Administrator
"Apr 17, 2025 @ 13:33:27.747",4624,"LAB3-11",Negotiate,1032,"2025-04-17T08:34:42.6172709Z",5,Advapi,SYSTEM
"Apr 17, 2025 @ 13:32:58.541",4625,"LAB3-10",Negotiate,1044,"2025-04-17T08:32:55.0937025Z",2,User32,"bsit22f.0020"
"Apr 17, 2025 @ 13:32:51.473",4624,"DESKTOP-5JEIKFF",Negotiate,1012,"2025-04-17T08:32:51.5322904Z",5,Advapi,SYSTEM
"Apr 17, 2025 @ 13:31:27.086",4624,"LAB3-11",Negotiate,1032,"2025-04-17T08:32:41.9572035Z",5,Advapi,SYSTEM
"Apr 17, 2025 @ 13:31:17.433",4624,"CP-AKT-000210",Negotiate,1060,"2025-04-17T08:32:33.7378240Z",5,Advapi,SYSTEM
"Apr 17, 2025 @ 13:28:28.095",4624,"CP-AKT-000210",Negotiate,1060,"2025-04-17T08:29:44.2784213Z",5,Advapi,SYSTEM
"Apr 17, 2025 @ 13:27:49.837",4624,"CP-AKT-002912",Negotiate,1064,"2025-04-17T08:27:46.2872236Z",5,Advapi,SYSTEM
"Apr 17, 2025 @ 13:27:26.398",4624,"LAB3-11",Negotiate,1032,"2025-04-17T08:28:41.2927076Z",5,Advapi,SYSTEM
"Apr 17, 2025 @ 13:26:04.292",4624,"CP-AKT-000210",Negotiate,1060,"2025-04-17T08:27:20.3764434Z",5,Advapi,SYSTEM
"Apr 17, 2025 @ 13:24:31.182",4624,"LAB3-10",Negotiate,1044,"2025-04-17T08:24:27.7748446Z",5,Advapi,SYSTEM
"Apr 17, 2025 @ 13:24:22.625",4624,"LAB3-11",Negotiate,1032,"2025-04-17T08:25:37.5448643Z",5,Advapi,SYSTEM
"Apr 17, 2025 @ 13:24:14.903",4624,"CP-AKT-002912",Negotiate,1064,"2025-04-17T08:24:11.6271877Z",5,Advapi,SYSTEM
"Apr 17, 2025 @ 13:20:58.749",4624,"DESKTOP-5JEIKFF",Negotiate,1012,"2025-04-17T08:20:58.8449978Z",5,Advapi,SYSTEM
"Apr 17, 2025 @ 13:20:34.286",4624,"LAB3-10",Negotiate,1044,"2025-04-17T08:20:30.9260698Z",5,Advapi,SYSTEM
"Apr 17, 2025 @ 13:20:30.104",4624,"LAB3-10",Negotiate,1044,"2025-04-17T08:20:26.9796869Z",5,Advapi,SYSTEM
"Apr 17, 2025 @ 13:20:30.101",4624,"LAB3-10",Negotiate,1044,"2025-04-17T08:20:26.8899675Z",2,Advapi,"DWM-2"
"Apr 17, 2025 @ 13:20:30.097",4624,"LAB3-10",Negotiate,1044,"2025-04-17T08:20:26.8899304Z",2,Advapi,"DWM-2"
"Apr 17, 2025 @ 13:20:30.091",4624,"LAB3-10",Negotiate,1044,"2025-04-17T08:20:26.8542365Z",2,Advapi,"UMFD-2"
"Apr 17, 2025 @ 13:20:30.083",4624,"LAB3-10",Negotiate,1044,"2025-04-17T08:20:26.8291664Z",5,Advapi,SYSTEM
"Apr 17, 2025 @ 13:20:30.079",4624,"LAB3-10",Negotiate,1044,"2025-04-17T08:20:26.7226952Z",5,Advapi,SYSTEM
"Apr 17, 2025 @ 13:20:27.365",4624,"LAB3-10",Negotiate,1044,"2025-04-17T08:20:24.0103291Z",5,Advapi,SYSTEM
"Apr 17, 2025 @ 13:20:21.536",4624,"LAB3-11",Negotiate,1032,"2025-04-17T08:21:36.5999016Z",2,Advapi,"DWM-2"
"Apr 17, 2025 @ 13:20:21.534",4624,"LAB3-11",Negotiate,1032,"2025-04-17T08:21:36.5998915Z",2,Advapi,"DWM-2"
"Apr 17, 2025 @ 13:20:21.531",4624,"LAB3-11",Negotiate,1032,"2025-04-17T08:21:36.5601871Z",2,Advapi,"UMFD-2"
"Apr 17, 2025 @ 13:20:21.527",4624,"LAB3-11",Negotiate,1032,"2025-04-17T08:21:36.5295442Z",5,Advapi,SYSTEM
"Apr 17, 2025 @ 13:20:21.525",4624,"LAB3-11",Negotiate,1032,"2025-04-17T08:21:36.4450044Z",5,Advapi,SYSTEM
"Apr 17, 2025 @ 13:20:19.247",4624,"LAB3-11",Negotiate,1032,"2025-04-17T08:21:34.1693036Z",5,Advapi,SYSTEM
"Apr 17, 2025 @ 13:19:58.838",4624,"DESKTOP-5JEIKFF",Negotiate,1012,"2025-04-17T08:19:58.9416857Z",5,Advapi,SYSTEM
"Apr 17, 2025 @ 13:19:58.835",4624,"DESKTOP-5JEIKFF",Negotiate,1012,"2025-04-17T08:19:58.9093708Z",5,Advapi,SYSTEM
"Apr 17, 2025 @ 13:19:10.302",4624,"LAB3-11",Negotiate,1032,"2025-04-17T08:20:25.2233685Z",5,Advapi,SYSTEM
"Apr 17, 2025 @ 13:19:08.398",4624,"LAB3-10",Negotiate,1044,"2025-04-17T08:19:05.0643021Z",5,Advapi,SYSTEM
"Apr 17, 2025 @ 13:16:03.390",4624,"LAB3-11",Negotiate,1032,"2025-04-17T08:17:18.3179911Z",5,Advapi,SYSTEM
"Apr 17, 2025 @ 13:15:58.765",4624,"DESKTOP-5JEIKFF",Negotiate,1012,"2025-04-17T08:15:58.9171406Z",5,Advapi,SYSTEM
"Apr 17, 2025 @ 13:15:58.721",4624,"DESKTOP-5JEIKFF",Negotiate,1012,"2025-04-17T08:15:58.8797955Z",5,Advapi,SYSTEM
"Apr 17, 2025 @ 13:15:58.713",4624,"DESKTOP-5JEIKFF",Negotiate,1012,"2025-04-17T08:15:58.7900424Z",5,Advapi,SYSTEM
"Apr 17, 2025 @ 13:14:34.067",4624,"CP-AKT-000210",Negotiate,1060,"2025-04-17T08:15:49.7243414Z",5,Advapi,SYSTEM
"Apr 17, 2025 @ 13:12:51.398",4624,"CP-AKT-002912",Negotiate,1064,"2025-04-17T08:12:47.9888948Z",5,Advapi,SYSTEM
"Apr 17, 2025 @ 13:12:42.539",4624,"LAB3-11",Negotiate,1032,"2025-04-17T08:13:57.4693552Z",5,Advapi,SYSTEM
"Apr 17, 2025 @ 13:10:02.195",4624,"LAB3-11",Negotiate,1032,"2025-04-17T08:11:17.1245837Z",5,Advapi,SYSTEM
"Apr 17, 2025 @ 13:09:58.328",4624,"DESKTOP-5JEIKFF",Negotiate,1012,"2025-04-17T08:09:58.4298524Z",5,Advapi,SYSTEM
"Apr 17, 2025 @ 13:09:58.319",4624,"DESKTOP-5JEIKFF",Negotiate,1012,"2025-04-17T08:09:58.3919284Z",5,Advapi,SYSTEM
"Apr 17, 2025 @ 13:09:54.190",4624,"CP-AKT-000210",Negotiate,1060,"2025-04-17T08:11:09.7167641Z",5,Advapi,SYSTEM
"Apr 17, 2025 @ 13:08:35.506",4624,"CP-AKT-000210",Negotiate,1060,"2025-04-17T08:09:50.9887585Z",5,Advapi,SYSTEM
"Apr 17, 2025 @ 13:08:28.687",4624,"LAB3-11",Kerberos,1032,"2025-04-17T08:09:43.7684958Z",3,Kerberos,"LAB3-11$"
"Apr 17, 2025 @ 13:08:28.677",4624,"LAB3-11",Kerberos,1032,"2025-04-17T08:09:43.6187094Z",3,Kerberos,"LAB3-11$"
"Apr 17, 2025 @ 13:05:20.088",4624,"LAB3-11",Negotiate,1032,"2025-04-17T08:06:35.0255460Z",5,Advapi,SYSTEM
"Apr 17, 2025 @ 13:04:40.890",4624,"LAB3-11",Negotiate,1032,"2025-04-17T08:05:55.8195672Z",5,Advapi,SYSTEM
"Apr 17, 2025 @ 13:03:51.165",4624,"LAB3-10",Negotiate,1044,"2025-04-17T08:03:47.9923507Z",5,Advapi,SYSTEM
"Apr 17, 2025 @ 13:03:37.255",4624,"DESKTOP-5JEIKFF",Negotiate,1012,"2025-04-17T08:03:37.3525567Z",5,Advapi,SYSTEM
"Apr 17, 2025 @ 13:03:37.253",4624,"DESKTOP-5JEIKFF",Negotiate,1012,"2025-04-17T08:03:37.3307921Z",5,Advapi,SYSTEM
"Apr 17, 2025 @ 13:02:00.037",4624,"LAB3-11",Negotiate,1032,"2025-04-17T08:03:14.9862763Z",5,Advapi,SYSTEM
"Apr 17, 2025 @ 13:01:36.271",4624,"LAB3-10",Negotiate,1044,"2025-04-17T08:01:33.1038180Z",5,Advapi,SYSTEM
"Apr 17, 2025 @ 13:01:20.405",4624,"LAB3-11",Negotiate,1032,"2025-04-17T08:02:35.3423971Z",5,Advapi,SYSTEM
"Apr 17, 2025 @ 12:59:37.241",4624,"DESKTOP-5JEIKFF",Negotiate,1012,"2025-04-17T07:59:37.3086660Z",5,Advapi,SYSTEM
"Apr 17, 2025 @ 12:59:37.187",4624,"DESKTOP-5JEIKFF",Negotiate,1012,"2025-04-17T07:59:37.2538935Z",5,Advapi,SYSTEM
"Apr 17, 2025 @ 12:59:19.748",4624,"LAB3-11",Negotiate,1032,"2025-04-17T08:00:34.6777232Z",5,Advapi,SYSTEM
"Apr 17, 2025 @ 12:55:59.081",4624,"LAB3-11",Negotiate,1032,"2025-04-17T07:57:14.0151996Z",5,Advapi,SYSTEM
"Apr 17, 2025 @ 12:55:42.567",4624,"CP-AKT-000210",Negotiate,1060,"2025-04-17T07:56:58.1663373Z",5,Advapi,SYSTEM
"Apr 17, 2025 @ 12:55:12.561",4624,"LAB3-11",Negotiate,1032,"2025-04-17T07:56:27.5105542Z",5,Advapi,SYSTEM
"Apr 17, 2025 @ 12:54:21.668",4624,"DESKTOP-5JEIKFF",Negotiate,1012,"2025-04-17T07:54:21.7486633Z",5,Advapi,SYSTEM
"Apr 17, 2025 @ 12:54:21.621",4624,"DESKTOP-5JEIKFF",Negotiate,1012,"2025-04-17T07:54:21.6869838Z",5,Advapi,SYSTEM
"Apr 17, 2025 @ 12:54:06.720",4624,"DESKTOP-5JEIKFF",Negotiate,1012,"2025-04-17T07:54:06.7871147Z",5,Advapi,SYSTEM
"Apr 17, 2025 @ 12:53:59.878",4624,"LAB3-10",Negotiate,1044,"2025-04-17T07:53:56.6883419Z",5,Advapi,SYSTEM
"Apr 17, 2025 @ 12:53:36.915",4624,"DESKTOP-5JEIKFF",Negotiate,1012,"2025-04-17T07:53:37.1086785Z",5,Advapi,SYSTEM
"Apr 17, 2025 @ 12:53:36.906",4624,"DESKTOP-5JEIKFF",Negotiate,1012,"2025-04-17T07:53:36.9651902Z",5,Advapi,SYSTEM
"Apr 17, 2025 @ 12:53:18.489",4624,"LAB3-11",Negotiate,1032,"2025-04-17T07:54:33.4557361Z",5,Advapi,SYSTEM
"Apr 17, 2025 @ 12:52:19.267",4624,"CP-AKT-002912",Kerberos,1064,"2025-04-17T07:52:15.8863402Z",3,Kerberos,"CP-AKT-002912$"
"Apr 17, 2025 @ 12:52:19.229",4624,"CP-AKT-002912",Kerberos,1064,"2025-04-17T07:52:15.8434978Z",3,Kerberos,"CP-AKT-002912$"
"Apr 17, 2025 @ 12:51:20.161",4624,"CP-AKT-000210",Negotiate,1060,"2025-04-17T07:52:35.6743830Z",5,Advapi,SYSTEM
"Apr 17, 2025 @ 12:50:25.733",4624,"CP-AKT-000210",Negotiate,1060,"2025-04-17T07:51:41.2441498Z",5,Advapi,SYSTEM
"Apr 17, 2025 @ 12:50:20.890",4624,"CP-AKT-000210",Negotiate,1060,"2025-04-17T07:51:36.4135137Z",5,Advapi,SYSTEM
"Apr 17, 2025 @ 12:49:19.531",4624,"LAB3-11",Negotiate,1032,"2025-04-17T07:50:34.5421629Z",5,Advapi,SYSTEM
"Apr 17, 2025 @ 12:47:51.600",4624,"DESKTOP-5JEIKFF",Negotiate,1012,"2025-04-17T07:47:51.8229449Z",5,Advapi,SYSTEM
"Apr 17, 2025 @ 12:47:37.671",4624,"DESKTOP-5JEIKFF",Negotiate,1012,"2025-04-17T07:47:37.7896051Z",5,Advapi,SYSTEM
"Apr 17, 2025 @ 12:47:37.667",4624,"DESKTOP-5JEIKFF",Negotiate,1012,"2025-04-17T07:47:37.7666935Z",5,Advapi,SYSTEM
"Apr 17, 2025 @ 12:47:25.094",4624,"CP-AKT-002912",Negotiate,1064,"2025-04-17T07:47:21.8300813Z",5,Advapi,SYSTEM
"Apr 17, 2025 @ 12:46:48.062",4624,"DESKTOP-5JEIKFF",Negotiate,1012,"2025-04-17T07:46:48.1694143Z",5,Advapi,SYSTEM
"Apr 17, 2025 @ 12:46:09.451",4624,"LAB3-11",Negotiate,1032,"2025-04-17T07:47:24.4740244Z",5,Advapi,SYSTEM
"Apr 17, 2025 @ 12:45:33.694",4624,"CP-AKT-000210",Negotiate,1060,"2025-04-17T07:46:49.2926318Z",5,Advapi,SYSTEM
"Apr 17, 2025 @ 12:45:15.558",4624,"CP-AKT-002912",Negotiate,1064,"2025-04-17T07:45:12.3473551Z",5,Advapi,SYSTEM
"Apr 17, 2025 @ 12:44:52.507",4624,"DESKTOP-5JEIKFF",Negotiate,1012,"2025-04-17T07:44:52.6281149Z",5,Advapi,SYSTEM
"Apr 17, 2025 @ 12:44:30.007",4624,"DESKTOP-5JEIKFF",Negotiate,1012,"2025-04-17T07:44:30.1299967Z",5,Advapi,SYSTEM
"Apr 17, 2025 @ 12:44:22.396",4624,"DESKTOP-5JEIKFF",Negotiate,1012,"2025-04-17T07:44:22.5251660Z",5,Advapi,SYSTEM
"Apr 17, 2025 @ 12:44:10.718",4624,"LAB3-11",Negotiate,1032,"2025-04-17T07:45:25.7633477Z",5,Advapi,SYSTEM
"Apr 17, 2025 @ 12:42:54.565",4624,"DESKTOP-5JEIKFF",Negotiate,1012,"2025-04-17T07:42:54.6967567Z",5,Advapi,SYSTEM
"Apr 17, 2025 @ 12:42:51.317",4624,"DESKTOP-5JEIKFF",Negotiate,1012,"2025-04-17T07:42:51.4474658Z",5,Advapi,SYSTEM
"Apr 17, 2025 @ 12:41:51.942",4624,"DESKTOP-5JEIKFF",Negotiate,1012,"2025-04-17T07:41:52.0753475Z",5,Advapi,SYSTEM
"Apr 17, 2025 @ 12:41:21.208",4624,"DESKTOP-5JEIKFF",Negotiate,1012,"2025-04-17T07:41:21.3328533Z",5,Advapi,SYSTEM
"Apr 17, 2025 @ 12:41:07.906",4624,"DESKTOP-5JEIKFF",Negotiate,1012,"2025-04-17T07:41:08.0379687Z",5,Advapi,SYSTEM
"Apr 17, 2025 @ 12:41:04.203",4624,"CP-AKT-000210",Negotiate,1060,"2025-04-17T07:42:20.0027499Z",5,Advapi,SYSTEM
"Apr 17, 2025 @ 12:40:46.788",4624,"DESKTOP-5JEIKFF",Negotiate,1012,"2025-04-17T07:40:47.7124331Z",5,Advapi,SYSTEM
"Apr 17, 2025 @ 12:40:46.783",4624,"DESKTOP-5JEIKFF",Negotiate,1012,"2025-04-17T07:40:47.2958643Z",5,Advapi,SYSTEM
"Apr 17, 2025 @ 12:40:46.774",4624,"DESKTOP-5JEIKFF",Negotiate,1012,"2025-04-17T07:40:46.8978233Z",5,Advapi,SYSTEM
"Apr 17, 2025 @ 12:39:50.367",4624,"DESKTOP-5JEIKFF",Negotiate,1012,"2025-04-17T07:39:50.4971055Z",5,Advapi,SYSTEM
"Apr 17, 2025 @ 12:39:14.067",4624,"LAB3-10",Kerberos,1044,"2025-04-17T07:39:11.1289363Z",3,Kerberos,"LAB3-10$"
"Apr 17, 2025 @ 12:39:14.059",4624,"LAB3-10",Kerberos,1044,"2025-04-17T07:39:10.9473290Z",3,Kerberos,"LAB3-10$"
"Apr 17, 2025 @ 12:37:37.714",4624,"DESKTOP-5JEIKFF",Negotiate,1012,"2025-04-17T07:37:37.7924816Z",5,Advapi,SYSTEM
"Apr 17, 2025 @ 12:36:51.384",4624,"CP-AKT-000210",Kerberos,1060,"2025-04-17T07:08:19.7722380Z",3,Kerberos,"CP-AKT-000210$"
"Apr 17, 2025 @ 12:36:51.384",4624,"CP-AKT-000210",Negotiate,1060,"2025-04-17T07:18:04.8384701Z",5,Advapi,SYSTEM
"Apr 17, 2025 @ 12:36:51.384",4624,"CP-AKT-000210",Kerberos,1060,"2025-04-17T07:08:19.4818076Z",3,Kerberos,"CP-AKT-000210$"
"Apr 17, 2025 @ 12:36:51.384",4624,"CP-AKT-000210",Negotiate,1060,"2025-04-17T07:24:38.5517917Z",5,Advapi,SYSTEM
"Apr 17, 2025 @ 12:36:51.384",4624,"CP-AKT-000210",Negotiate,1060,"2025-04-17T07:00:29.1917178Z",5,Advapi,SYSTEM
"Apr 17, 2025 @ 12:36:51.384",4624,"CP-AKT-000210",Negotiate,1060,"2025-04-17T07:12:20.1330241Z",5,Advapi,SYSTEM
"Apr 17, 2025 @ 12:36:51.384",4624,"CP-AKT-000210",Negotiate,1060,"2025-04-17T06:42:47.3001049Z",5,Advapi,SYSTEM
"Apr 17, 2025 @ 12:36:51.383",4624,"CP-AKT-000210",Negotiate,1060,"2025-04-17T06:17:04.6156148Z",5,Advapi,SYSTEM
"Apr 17, 2025 @ 12:36:51.383",4624,"CP-AKT-000210",Negotiate,1060,"2025-04-17T06:18:02.6682778Z",5,Advapi,SYSTEM
"Apr 17, 2025 @ 12:36:51.383",4624,"CP-AKT-000210",Negotiate,1060,"2025-04-17T06:27:24.0829679Z",5,Advapi,SYSTEM
"Apr 17, 2025 @ 12:36:51.383",4624,"CP-AKT-000210",Negotiate,1060,"2025-04-17T06:15:10.2876907Z",5,Advapi,SYSTEM
"Apr 17, 2025 @ 12:36:51.383",4624,"CP-AKT-000210",Negotiate,1060,"2025-04-17T06:15:23.0481201Z",5,Advapi,SYSTEM
"Apr 17, 2025 @ 12:36:51.383",4624,"CP-AKT-000210",Negotiate,1060,"2025-04-17T06:21:09.0639891Z",5,Advapi,SYSTEM
"Apr 17, 2025 @ 12:36:51.383",4624,"CP-AKT-000210",Negotiate,1060,"2025-04-17T06:17:45.3268642Z",2,User32,"ack.user"
"Apr 17, 2025 @ 12:36:51.383",4624,"CP-AKT-000210",Negotiate,1060,"2025-04-17T06:17:33.1204931Z",5,Advapi,SYSTEM
"Apr 17, 2025 @ 12:36:51.383",4624,"CP-AKT-000210",Negotiate,1060,"2025-04-17T06:31:55.9611006Z",5,Advapi,SYSTEM
"Apr 17, 2025 @ 12:36:51.382",4624,"CP-AKT-000210",Negotiate,1060,"2025-04-17T05:35:28.8350434Z",5,Advapi,SYSTEM
"Apr 17, 2025 @ 12:36:51.382",4624,"CP-AKT-000210",Negotiate,1060,"2025-04-17T05:35:28.8124007Z",5,Advapi,SYSTEM
"Apr 17, 2025 @ 12:36:51.382",4624,"CP-AKT-000210",Negotiate,1060,"2025-04-17T05:56:13.6473281Z",5,Advapi,SYSTEM
"Apr 17, 2025 @ 12:36:51.382",4624,"CP-AKT-000210",Negotiate,1060,"2025-04-17T06:12:13.9313769Z",5,Advapi,SYSTEM
"Apr 17, 2025 @ 12:36:51.382",4624,"CP-AKT-000210",Negotiate,1060,"2025-04-17T05:35:38.7320508Z",5,Advapi,SYSTEM
"Apr 17, 2025 @ 12:36:51.382",4624,"CP-AKT-000210",Negotiate,1060,"2025-04-17T05:35:26.9947047Z",5,Advapi,SYSTEM
"Apr 17, 2025 @ 12:36:51.382",4624,"CP-AKT-000210",Negotiate,1060,"2025-04-17T05:42:49.4377195Z",5,Advapi,SYSTEM
"Apr 17, 2025 @ 12:36:51.382",4624,"CP-AKT-000210",Negotiate,1060,"2025-04-17T05:54:14.3406371Z",5,Advapi,SYSTEM
"Apr 17, 2025 @ 12:36:51.382",4624,"CP-AKT-000210",Negotiate,1060,"2025-04-17T05:48:49.4280582Z",5,Advapi,SYSTEM
"Apr 17, 2025 @ 12:36:51.382",4624,"CP-AKT-000210",Negotiate,1060,"2025-04-17T05:45:31.2672850Z",5,Advapi,SYSTEM
"Apr 17, 2025 @ 12:36:51.382",4624,"CP-AKT-000210",Kerberos,1060,"2025-04-17T05:33:18.9508006Z",3,Kerberos,"CP-AKT-000210$"
"Apr 17, 2025 @ 12:36:51.382",4624,"CP-AKT-000210",Negotiate,1060,"2025-04-17T06:12:13.9865059Z",5,Advapi,SYSTEM
"Apr 17, 2025 @ 12:36:51.381",4624,"CP-AKT-000210",Kerberos,1060,"2025-04-17T05:33:18.7309719Z",3,Kerberos,"CP-AKT-000210$"
"Apr 17, 2025 @ 12:36:51.381",4624,"CP-AKT-000210",Negotiate,1060,"2025-04-17T05:19:36.1931957Z",5,Advapi,SYSTEM
"Apr 17, 2025 @ 12:36:51.381",4624,"CP-AKT-000210",Negotiate,1060,"2025-04-17T05:24:36.6342851Z",5,Advapi,SYSTEM
"Apr 17, 2025 @ 12:36:51.381",4624,"CP-AKT-000210",Negotiate,1060,"2025-04-17T05:33:02.0923369Z",5,Advapi,SYSTEM
"Apr 17, 2025 @ 12:36:51.381",4624,"CP-AKT-000210",Negotiate,1060,"2025-04-17T05:19:35.9928662Z",5,Advapi,SYSTEM
"Apr 17, 2025 @ 12:36:51.381",4624,"CP-AKT-000210",Negotiate,1060,"2025-04-17T05:24:36.0566636Z",5,Advapi,SYSTEM
"Apr 17, 2025 @ 12:36:51.381",4624,"CP-AKT-000210",Negotiate,1060,"2025-04-17T05:24:36.2348639Z",5,Advapi,SYSTEM
"Apr 17, 2025 @ 12:36:51.381",4624,"CP-AKT-000210",Negotiate,1060,"2025-04-17T05:19:36.0865853Z",5,Advapi,SYSTEM
"Apr 17, 2025 @ 12:36:51.380",4624,"CP-AKT-000210",Negotiate,1060,"2025-04-17T05:14:34.9123882Z",5,Advapi,SYSTEM
"Apr 17, 2025 @ 12:36:51.380",4624,"CP-AKT-000210",Negotiate,1060,"2025-04-17T05:18:14.4284473Z",5,Advapi,SYSTEM
"Apr 17, 2025 @ 12:36:51.380",4624,"CP-AKT-000210",Negotiate,1060,"2025-04-17T05:10:30.9931696Z",5,Advapi,SYSTEM
"Apr 17, 2025 @ 12:36:51.380",4624,"CP-AKT-000210",Negotiate,1060,"2025-04-17T05:19:35.1284126Z",5,Advapi,SYSTEM
"Apr 17, 2025 @ 12:36:51.380",4624,"CP-AKT-000210",Negotiate,1060,"2025-04-17T05:12:37.3870660Z",5,Advapi,SYSTEM
"Apr 17, 2025 @ 12:36:51.380",4624,"CP-AKT-000210",Negotiate,1060,"2025-04-17T05:13:48.4582076Z",5,Advapi,SYSTEM
"Apr 17, 2025 @ 12:36:51.379",4624,"CP-AKT-000210",Negotiate,1060,"2025-04-17T05:09:47.0835583Z",5,Advapi,SYSTEM
"Apr 17, 2025 @ 12:36:51.379",4624,"CP-AKT-000210",Negotiate,1060,"2025-04-17T05:09:59.0730678Z",7,Negotiat,"ack.user"
"Apr 17, 2025 @ 12:36:51.379",4624,"CP-AKT-000210",Negotiate,1060,"2025-04-17T05:10:19.4964156Z",5,Advapi,SYSTEM
"Apr 17, 2025 @ 12:36:51.379",4624,"CP-AKT-000210",Negotiate,1060,"2025-04-17T05:10:21.9343261Z",5,Advapi,SYSTEM
"Apr 17, 2025 @ 12:36:51.379",4624,"CP-AKT-000210",Negotiate,1060,"2025-04-17T05:10:22.6066386Z",5,Advapi,SYSTEM
"Apr 17, 2025 @ 12:36:51.379",4624,"CP-AKT-000210",Negotiate,1060,"2025-04-17T05:09:47.0704417Z",11,User32,"ack.user"
"Apr 17, 2025 @ 12:36:51.378",4624,"CP-AKT-000210",NTLM,1060,"2025-04-17T04:39:35.1711148Z",3,NtLmSsp,"ADMANAGER$"
"Apr 17, 2025 @ 12:36:51.378",4624,"CP-AKT-000210",Kerberos,1060,"2025-04-17T04:39:33.1426735Z",3,Kerberos,Administrator
"Apr 17, 2025 @ 12:36:51.378",4624,"CP-AKT-000210",Kerberos,1060,"2025-04-17T04:39:35.1764160Z",3,Kerberos,"ADMANAGER$"
"Apr 17, 2025 @ 12:36:51.378",4624,"CP-AKT-000210",Kerberos,1060,"2025-04-17T04:39:33.1230724Z",3,Kerberos,Administrator
"Apr 17, 2025 @ 12:36:51.378",4624,"CP-AKT-000210",Negotiate,1060,"2025-04-17T05:09:16.7747474Z",5,Advapi,SYSTEM
"Apr 17, 2025 @ 12:36:51.377",4624,"CP-AKT-000210",Negotiate,1060,"2025-04-17T04:17:27.2220544Z",5,Advapi,SYSTEM
"Apr 17, 2025 @ 12:36:51.377",4624,"CP-AKT-000210",Negotiate,1060,"2025-04-17T04:02:04.3655267Z",5,Advapi,SYSTEM
"Apr 17, 2025 @ 12:36:51.377",4624,"CP-AKT-000210",Negotiate,1060,"2025-04-17T04:04:08.6850723Z",5,Advapi,SYSTEM
"Apr 17, 2025 @ 12:36:51.377",4624,"CP-AKT-000210",Negotiate,1060,"2025-04-17T04:39:31.6139397Z",5,Advapi,SYSTEM
"Apr 17, 2025 @ 12:36:51.377",4624,"CP-AKT-000210",Negotiate,1060,"2025-04-17T04:17:27.2728113Z",5,Advapi,SYSTEM
"Apr 17, 2025 @ 12:36:51.377",4624,"CP-AKT-000210",Negotiate,1060,"2025-04-17T04:02:04.3456004Z",5,Advapi,SYSTEM
"Apr 17, 2025 @ 12:36:51.377",4624,"CP-AKT-000210",Negotiate,1060,"2025-04-17T04:02:07.4743241Z",5,Advapi,SYSTEM
"Apr 17, 2025 @ 12:36:51.376",4624,"CP-AKT-000210",Kerberos,1060,"2025-04-17T03:58:19.2183928Z",3,Kerberos,"CP-AKT-000210$"
"Apr 17, 2025 @ 12:36:51.376",4624,"CP-AKT-000210",Negotiate,1060,"2025-04-17T04:01:30.2150632Z",5,Advapi,SYSTEM
"Apr 17, 2025 @ 12:36:51.376",4624,"CP-AKT-000210",Negotiate,1060,"2025-04-17T04:01:27.5531526Z",5,Advapi,SYSTEM
"Apr 17, 2025 @ 12:36:51.376",4624,"CP-AKT-000210",Negotiate,1060,"2025-04-17T04:01:28.7733494Z",5,Advapi,SYSTEM
"Apr 17, 2025 @ 12:36:51.375",4624,"CP-AKT-000210",Negotiate,1060,"2025-04-17T03:50:17.3413839Z",5,Advapi,SYSTEM
"Apr 17, 2025 @ 12:36:51.375",4624,"CP-AKT-000210",Negotiate,1060,"2025-04-17T03:55:30.2760979Z",5,Advapi,SYSTEM
"Apr 17, 2025 @ 12:36:51.375",4624,"CP-AKT-000210",Negotiate,1060,"2025-04-17T03:50:36.9589686Z",5,Advapi,SYSTEM
"Apr 17, 2025 @ 12:36:51.375",4624,"CP-AKT-000210",Negotiate,1060,"2025-04-17T03:49:38.6059500Z",5,Advapi,SYSTEM
"Apr 17, 2025 @ 12:36:51.375",4624,"CP-AKT-000210",Kerberos,1060,"2025-04-17T03:58:18.9679391Z",3,Kerberos,"CP-AKT-000210$"
"Apr 17, 2025 @ 12:36:51.374",4624,"CP-AKT-000210",Negotiate,1060,"2025-04-17T03:38:44.2823205Z",5,Advapi,SYSTEM
"Apr 17, 2025 @ 12:36:51.374",4624,"CP-AKT-000210",Negotiate,1060,"2025-04-17T03:38:45.9771896Z",5,Advapi,SYSTEM
"Apr 17, 2025 @ 12:36:51.374",4624,"CP-AKT-000210",Negotiate,1060,"2025-04-17T03:38:46.3046381Z",5,Advapi,SYSTEM
"Apr 17, 2025 @ 12:36:51.374",4624,"CP-AKT-000210",Negotiate,1060,"2025-04-17T03:39:17.7794822Z",5,Advapi,SYSTEM
"Apr 17, 2025 @ 12:36:51.374",4624,"CP-AKT-000210",Negotiate,1060,"2025-04-17T03:45:03.7943183Z",5,Advapi,SYSTEM
"Apr 17, 2025 @ 12:36:51.374",4624,"CP-AKT-000210",Negotiate,1060,"2025-04-17T03:39:32.7907413Z",5,Advapi,SYSTEM
"Apr 17, 2025 @ 12:36:51.374",4624,"CP-AKT-000210",Negotiate,1060,"2025-04-17T03:38:46.0922038Z",5,Advapi,SYSTEM
"Apr 17, 2025 @ 12:36:51.374",4624,"CP-AKT-000210",Negotiate,1060,"2025-04-17T03:39:30.1370018Z",5,Advapi,SYSTEM
"Apr 17, 2025 @ 12:36:51.374",4624,"CP-AKT-000210",Negotiate,1060,"2025-04-17T03:39:58.2574854Z",5,Advapi,SYSTEM
"Apr 17, 2025 @ 12:36:51.373",4624,"CP-AKT-000210",Kerberos,1060,"2025-04-17T03:38:44.1590686Z",3,Kerberos,"CP-AKT-000210$"
"Apr 17, 2025 @ 12:36:51.373",4624,"CP-AKT-000210",Negotiate,1060,"2025-04-17T03:38:43.8310606Z",5,Advapi,SYSTEM
"Apr 17, 2025 @ 12:36:51.373",4624,"CP-AKT-000210",Kerberos,1060,"2025-04-17T03:38:44.2394042Z",3,Kerberos,"CP-AKT-000210$"
"Apr 17, 2025 @ 12:36:51.373",4624,"CP-AKT-000210",Negotiate,1060,"2025-04-17T03:38:43.7416364Z",5,Advapi,SYSTEM
"Apr 17, 2025 @ 12:36:51.373",4624,"CP-AKT-000210",Negotiate,1060,"2025-04-17T03:38:43.7629433Z",5,Advapi,SYSTEM
"Apr 17, 2025 @ 12:36:51.372",4624,"CP-AKT-000210",Negotiate,1060,"2025-04-16T17:11:31.7011509Z",5,Advapi,SYSTEM
"Apr 17, 2025 @ 12:36:51.372",4624,"CP-AKT-000210",Negotiate,1060,"2025-04-16T17:09:42.4922379Z",5,Advapi,SYSTEM
"Apr 17, 2025 @ 12:36:51.372",4624,"CP-AKT-000210",Negotiate,1060,"2025-04-16T17:11:57.8115251Z",11,User32,"ack.user"
"Apr 17, 2025 @ 12:36:51.372",4624,"CP-AKT-000210",Negotiate,1060,"2025-04-16T17:11:31.3767024Z",5,Advapi,SYSTEM
"Apr 17, 2025 @ 12:36:51.372",4624,"CP-AKT-000210",Negotiate,1060,"2025-04-16T17:12:05.9156612Z",7,Negotiat,"ack.user"
"Apr 17, 2025 @ 12:36:51.371",4624,"CP-AKT-000210",Negotiate,1060,"2025-04-16T17:09:20.5786358Z",5,Advapi,SYSTEM
"Apr 17, 2025 @ 12:36:51.371",4624,"CP-AKT-000210",Negotiate,1060,"2025-04-16T17:09:20.6117312Z",5,Advapi,SYSTEM
"Apr 17, 2025 @ 12:36:51.370",4624,"CP-AKT-000210",Kerberos,1060,"2025-04-16T16:50:40.7607892Z",3,Kerberos,Administrator
"Apr 17, 2025 @ 12:36:51.370",4624,"CP-AKT-000210",NTLM,1060,"2025-04-16T16:50:40.8541282Z",3,NtLmSsp,"ADMANAGER$"
"Apr 17, 2025 @ 12:36:51.370",4624,"CP-AKT-000210",Kerberos,1060,"2025-04-16T16:50:40.7842169Z",3,Kerberos,Administrator
"Apr 17, 2025 @ 12:36:51.370",4624,"CP-AKT-000210",Kerberos,1060,"2025-04-16T16:50:40.8678002Z",3,Kerberos,"ADMANAGER$"
"Apr 17, 2025 @ 12:36:51.369",4624,"CP-AKT-000210",Negotiate,1060,"2025-04-16T16:20:44.3461022Z",5,Advapi,SYSTEM
"Apr 17, 2025 @ 12:36:51.369",4624,"CP-AKT-000210",Negotiate,1060,"2025-04-16T16:14:12.8919225Z",5,Advapi,SYSTEM
"Apr 17, 2025 @ 12:36:51.369",4624,"CP-AKT-000210",Negotiate,1060,"2025-04-16T16:20:44.4127736Z",5,Advapi,SYSTEM
"Apr 17, 2025 @ 12:36:51.369",4624,"CP-AKT-000210",Negotiate,1060,"2025-04-16T16:06:45.2325378Z",5,Advapi,SYSTEM
"Apr 17, 2025 @ 12:36:51.368",4624,"CP-AKT-000210",Negotiate,1060,"2025-04-16T16:06:14.8054781Z",5,Advapi,SYSTEM
"Apr 17, 2025 @ 12:36:51.368",4624,"CP-AKT-000210",Negotiate,1060,"2025-04-16T16:06:38.7510687Z",5,Advapi,SYSTEM
"Apr 17, 2025 @ 12:36:51.368",4624,"CP-AKT-000210",Negotiate,1060,"2025-04-16T16:06:45.2092109Z",5,Advapi,SYSTEM
"Apr 17, 2025 @ 12:36:51.368",4624,"CP-AKT-000210",Negotiate,1060,"2025-04-16T16:06:19.1163552Z",5,Advapi,SYSTEM
"Apr 17, 2025 @ 12:36:51.368",4624,"CP-AKT-000210",Negotiate,1060,"2025-04-16T16:06:34.6689495Z",5,Advapi,SYSTEM
"Apr 17, 2025 @ 12:36:51.368",4624,"CP-AKT-000210",Negotiate,1060,"2025-04-16T16:06:16.2410576Z",5,Advapi,SYSTEM
"Apr 17, 2025 @ 12:36:51.368",4624,"CP-AKT-000210",Negotiate,1060,"2025-04-16T16:06:38.7533395Z",5,Advapi,SYSTEM
"Apr 17, 2025 @ 12:36:51.367",4624,"CP-AKT-000210",Negotiate,1060,"2025-04-16T15:29:13.6840190Z",5,Advapi,SYSTEM
"Apr 17, 2025 @ 12:36:51.367",4624,"CP-AKT-000210",Negotiate,1060,"2025-04-16T15:37:07.5306883Z",5,Advapi,SYSTEM
"Apr 17, 2025 @ 12:36:51.367",4624,"CP-AKT-000210",Negotiate,1060,"2025-04-16T16:05:14.7374795Z",5,Advapi,SYSTEM
"Apr 17, 2025 @ 12:36:51.367",4624,"CP-AKT-000210",Negotiate,1060,"2025-04-16T15:30:33.5373673Z",5,Advapi,SYSTEM
"Apr 17, 2025 @ 12:36:51.367",4624,"CP-AKT-000210",Negotiate,1060,"2025-04-16T15:56:54.9653162Z",5,Advapi,SYSTEM
"Apr 17, 2025 @ 12:36:51.367",4624,"CP-AKT-000210",Negotiate,1060,"2025-04-16T16:04:43.7322592Z",5,Advapi,SYSTEM
"Apr 17, 2025 @ 12:36:51.367",4624,"CP-AKT-000210",Negotiate,1060,"2025-04-16T15:30:32.3892878Z",5,Advapi,SYSTEM
"Apr 17, 2025 @ 12:36:51.367",4624,"CP-AKT-000210",Negotiate,1060,"2025-04-16T15:33:06.4066155Z",5,Advapi,SYSTEM
"Apr 17, 2025 @ 12:36:51.367",4624,"CP-AKT-000210",Negotiate,1060,"2025-04-16T15:56:44.3664028Z",5,Advapi,SYSTEM
"Apr 17, 2025 @ 12:36:51.367",4624,"CP-AKT-000210",Negotiate,1060,"2025-04-16T15:44:02.3469271Z",5,Advapi,SYSTEM
"Apr 17, 2025 @ 12:36:51.367",4624,"CP-AKT-000210",Negotiate,1060,"2025-04-16T16:06:14.7270009Z",5,Advapi,SYSTEM
"Apr 17, 2025 @ 12:36:51.367",4624,"CP-AKT-000210",Negotiate,1060,"2025-04-16T15:41:44.3012640Z",5,Advapi,SYSTEM
"Apr 17, 2025 @ 12:36:51.366",4624,"CP-AKT-000210",Kerberos,1060,"2025-04-16T15:18:19.2109019Z",3,Kerberos,"CP-AKT-000210$"
"Apr 17, 2025 @ 12:36:51.366",4624,"CP-AKT-000210",Negotiate,1060,"2025-04-16T15:21:54.0182698Z",5,Advapi,SYSTEM
"Apr 17, 2025 @ 12:36:51.366",4624,"CP-AKT-000210",Negotiate,1060,"2025-04-16T15:28:31.6732225Z",5,Advapi,SYSTEM
"Apr 17, 2025 @ 12:36:51.366",4624,"CP-AKT-000210",Negotiate,1060,"2025-04-16T15:26:48.3694466Z",5,Advapi,SYSTEM
"Apr 17, 2025 @ 12:36:51.366",4624,"CP-AKT-000210",Negotiate,1060,"2025-04-16T15:22:57.6061864Z",5,Advapi,SYSTEM
"Apr 17, 2025 @ 12:36:51.365",4624,"CP-AKT-000210",Kerberos,1060,"2025-04-16T15:18:18.9805187Z",3,Kerberos,"CP-AKT-000210$"
"Apr 17, 2025 @ 12:36:51.357",4624,"CP-AKT-000210",Kerberos,1060,"2025-04-16T15:15:01.7700219Z",3,Kerberos,"CP-AKT-000210$"
"Apr 17, 2025 @ 12:36:51.356",4624,"CP-AKT-000210",Kerberos,1060,"2025-04-16T15:15:01.6019993Z",3,Kerberos,"CP-AKT-000210$"
"Apr 17, 2025 @ 12:36:51.356",4624,"CP-AKT-000210",Negotiate,1060,"2025-04-16T15:10:32.0908492Z",5,Advapi,SYSTEM
"Apr 17, 2025 @ 12:36:51.356",4624,"CP-AKT-000210",Negotiate,1060,"2025-04-16T15:14:20.5884625Z",5,Advapi,SYSTEM
"Apr 17, 2025 @ 12:36:51.356",4624,"CP-AKT-000210",Negotiate,1060,"2025-04-16T15:14:12.3636980Z",5,Advapi,SYSTEM
"Apr 17, 2025 @ 12:36:51.355",4624,"CP-AKT-000210",Negotiate,1060,"2025-04-16T15:09:44.1711520Z",7,Negotiat,"ack.user"
"Apr 17, 2025 @ 12:36:51.354",4624,"CP-AKT-000210",Kerberos,1060,"2025-04-16T15:09:38.4338259Z",3,Kerberos,Administrator
"Apr 17, 2025 @ 12:36:51.354",4624,"CP-AKT-000210",Negotiate,1060,"2025-04-16T15:09:32.5860512Z",5,Advapi,SYSTEM
"Apr 17, 2025 @ 12:36:51.354",4624,"CP-AKT-000210",NTLM,1060,"2025-04-16T15:09:44.0914762Z",3,NtLmSsp,"ADMANAGER$"
"Apr 17, 2025 @ 12:36:51.354",4624,"CP-AKT-000210",Kerberos,1060,"2025-04-16T15:09:44.0975448Z",3,Kerberos,"ADMANAGER$"
"Apr 17, 2025 @ 12:36:51.354",4624,"CP-AKT-000210",Kerberos,1060,"2025-04-16T15:09:38.3854207Z",3,Kerberos,Administrator
"Apr 17, 2025 @ 12:36:51.353",4624,"CP-AKT-000210",Negotiate,1060,"2025-04-16T15:09:19.8357741Z",5,Advapi,SYSTEM
"Apr 17, 2025 @ 12:36:51.353",4624,"CP-AKT-000210",Negotiate,1060,"2025-04-16T15:09:19.8358771Z",5,Advapi,SYSTEM
"Apr 17, 2025 @ 12:36:51.353",4624,"CP-AKT-000210",Negotiate,1060,"2025-04-16T15:09:29.6282340Z",5,Advapi,SYSTEM
"Apr 17, 2025 @ 12:36:51.352",4624,"CP-AKT-000210",Negotiate,1060,"2025-04-16T11:47:47.1684647Z",5,Advapi,SYSTEM
"Apr 17, 2025 @ 12:36:51.352",4624,"CP-AKT-000210",Negotiate,1060,"2025-04-16T15:09:19.7390735Z",11,User32,"ack.user"
"Apr 17, 2025 @ 12:36:51.352",4624,"CP-AKT-000210",Negotiate,1060,"2025-04-16T11:47:47.1580236Z",5,Advapi,SYSTEM
"Apr 17, 2025 @ 12:36:51.352",4624,"CP-AKT-000210",Negotiate,1060,"2025-04-16T11:47:46.1117053Z",5,Advapi,SYSTEM
"Apr 17, 2025 @ 12:36:51.352",4624,"CP-AKT-000210",Negotiate,1060,"2025-04-16T15:09:19.7390639Z",11,User32,"ack.user"
"Apr 17, 2025 @ 12:36:51.352",4624,"CP-AKT-000210",Negotiate,1060,"2025-04-16T15:09:19.8357123Z",5,Advapi,SYSTEM
"Apr 17, 2025 @ 12:36:51.351",4624,"CP-AKT-000210",Negotiate,1060,"2025-04-16T11:44:10.5607195Z",5,Advapi,SYSTEM
"Apr 17, 2025 @ 12:36:51.351",4624,"CP-AKT-000210",Negotiate,1060,"2025-04-16T11:47:37.4677846Z",5,Advapi,SYSTEM
"Apr 17, 2025 @ 12:36:51.351",4624,"CP-AKT-000210",Negotiate,1060,"2025-04-16T11:47:22.7719075Z",5,Advapi,SYSTEM
"Apr 17, 2025 @ 12:36:51.351",4624,"CP-AKT-000210",Negotiate,1060,"2025-04-16T11:47:45.2989449Z",2,Advapi,"UMFD-2"
"Apr 17, 2025 @ 12:36:51.351",4624,"CP-AKT-000210",Negotiate,1060,"2025-04-16T11:47:45.3915296Z",5,Advapi,SYSTEM
"Apr 17, 2025 @ 12:36:51.351",4624,"CP-AKT-000210",Negotiate,1060,"2025-04-16T11:47:45.3325838Z",2,Advapi,"DWM-2"
"Apr 17, 2025 @ 12:36:51.351",4624,"CP-AKT-000210",Negotiate,1060,"2025-04-16T11:47:45.3326006Z",2,Advapi,"DWM-2"
"Apr 17, 2025 @ 12:36:51.348",4624,"CP-AKT-000210",Negotiate,1060,"2025-04-16T11:29:23.0725718Z",5,Advapi,SYSTEM
"Apr 17, 2025 @ 12:36:51.348",4624,"CP-AKT-002912",Negotiate,1064,"2025-04-17T07:34:45.4482812Z",5,Advapi,SYSTEM
"Apr 17, 2025 @ 12:36:51.348",4624,"CP-AKT-000210",Negotiate,1060,"2025-04-16T11:24:50.9466360Z",5,Advapi,SYSTEM
"Apr 17, 2025 @ 12:36:51.348",4624,"CP-AKT-000210",Negotiate,1060,"2025-04-16T11:42:51.0719016Z",5,Advapi,SYSTEM
"Apr 17, 2025 @ 12:36:46.514",4624,"CP-AKT-002912",Negotiate,1064,"2025-04-17T07:31:09.6819719Z",5,Advapi,SYSTEM
"Apr 17, 2025 @ 12:36:46.506",4624,"CP-AKT-000210",Negotiate,1060,"2025-04-16T11:08:11.8073390Z",5,Advapi,SYSTEM
"Apr 17, 2025 @ 12:36:46.505",4624,"CP-AKT-000210",Negotiate,1060,"2025-04-16T11:03:26.1147521Z",5,Advapi,SYSTEM
"Apr 17, 2025 @ 12:36:46.499",4624,"CP-AKT-002912",Negotiate,1064,"2025-04-17T07:29:36.1665391Z",5,Advapi,SYSTEM
"Apr 17, 2025 @ 12:36:46.490",4624,"CP-AKT-000210",Negotiate,1060,"2025-04-16T11:00:52.7387820Z",5,Advapi,SYSTEM
"Apr 17, 2025 @ 12:36:46.489",4624,"CP-AKT-000210",Negotiate,1060,"2025-04-16T10:56:51.2121694Z",5,Advapi,SYSTEM
"Apr 17, 2025 @ 12:36:46.483",4624,"CP-AKT-002912",Negotiate,1064,"2025-04-17T07:29:09.0908416Z",5,Advapi,SYSTEM
"Apr 17, 2025 @ 12:36:46.473",4624,"CP-AKT-000210",Negotiate,1060,"2025-04-16T10:56:51.1619441Z",5,Advapi,SYSTEM
"Apr 17, 2025 @ 12:36:46.470",4624,"CP-AKT-000210",Negotiate,1060,"2025-04-16T10:50:22.5571736Z",5,Advapi,SYSTEM
"Apr 17, 2025 @ 12:36:46.470",4624,"CP-AKT-000210",Negotiate,1060,"2025-04-16T10:53:28.9662325Z",5,Advapi,SYSTEM
"Apr 17, 2025 @ 12:36:46.468",4624,"CP-AKT-002912",Negotiate,1064,"2025-04-17T07:28:55.3826816Z",5,Advapi,SYSTEM
"Apr 17, 2025 @ 12:36:46.465",4624,"CP-AKT-000210",Negotiate,1060,"2025-04-16T10:50:22.5213051Z",5,Advapi,SYSTEM
"Apr 17, 2025 @ 12:36:46.449",4624,"CP-AKT-000210",Negotiate,1060,"2025-04-16T10:50:22.4588220Z",5,Advapi,SYSTEM
"Apr 17, 2025 @ 12:36:46.437",4624,"CP-AKT-002912",Kerberos,1064,"2025-04-17T07:28:44.9309114Z",3,Kerberos,"CP-AKT-002912$"
"Apr 17, 2025 @ 12:36:46.434",4624,"CP-AKT-000210",Negotiate,1060,"2025-04-16T10:50:21.1545291Z",5,Advapi,SYSTEM
"Apr 17, 2025 @ 12:36:46.418",4624,"CP-AKT-000210",Negotiate,1060,"2025-04-16T10:45:19.4562422Z",5,Advapi,SYSTEM
"Apr 17, 2025 @ 12:36:46.405",4624,"CP-AKT-002912",Kerberos,1064,"2025-04-17T07:28:44.8011858Z",3,Kerberos,"CP-AKT-002912$"
"Apr 17, 2025 @ 12:36:46.402",4624,"CP-AKT-000210",Negotiate,1060,"2025-04-16T10:39:44.1124256Z",5,Advapi,SYSTEM
"Apr 17, 2025 @ 12:36:46.390",4624,"CP-AKT-002912",Negotiate,1064,"2025-04-17T07:19:22.4364330Z",5,Advapi,SYSTEM
"Apr 17, 2025 @ 12:36:46.387",4624,"CP-AKT-000210",Negotiate,1060,"2025-04-16T10:39:07.2615216Z",5,Advapi,SYSTEM
"Apr 17, 2025 @ 12:36:46.371",4624,"CP-AKT-000210",Negotiate,1060,"2025-04-16T10:39:01.7907688Z",5,Advapi,SYSTEM
"Apr 17, 2025 @ 12:36:46.355",4624,"CP-AKT-000210",Negotiate,1060,"2025-04-16T10:38:14.4217346Z",5,Advapi,SYSTEM
"Apr 17, 2025 @ 12:36:46.354",4624,"CP-AKT-000210",Negotiate,1060,"2025-04-16T10:37:54.8018238Z",5,Advapi,SYSTEM
"Apr 17, 2025 @ 12:36:46.338",4624,"CP-AKT-000210",Negotiate,1060,"2025-04-16T10:37:51.7521734Z",5,Advapi,SYSTEM
"Apr 17, 2025 @ 12:36:46.323",4624,"CP-AKT-000210",Negotiate,1060,"2025-04-16T10:37:32.1019257Z",5,Advapi,SYSTEM
"Apr 17, 2025 @ 12:36:46.319",4624,"CP-AKT-000210",Negotiate,1060,"2025-04-16T10:37:28.2526945Z",5,Advapi,SYSTEM
"Apr 17, 2025 @ 12:36:46.319",4624,"CP-AKT-000210",Negotiate,1060,"2025-04-16T10:37:28.4561792Z",5,Advapi,SYSTEM
"Apr 17, 2025 @ 12:36:46.311",4624,"CP-AKT-002912",Negotiate,1064,"2025-04-17T07:19:11.6234182Z",5,Advapi,SYSTEM
"Apr 17, 2025 @ 12:36:46.304",4624,"CP-AKT-000210",Negotiate,1060,"2025-04-16T10:33:27.5866007Z",5,Advapi,SYSTEM
"Apr 17, 2025 @ 12:36:46.303",4624,"CP-AKT-000210",Negotiate,1060,"2025-04-16T10:33:27.5775347Z",5,Advapi,SYSTEM
"Apr 17, 2025 @ 12:36:46.296",4624,"CP-AKT-002912",Negotiate,1064,"2025-04-17T07:19:11.5139877Z",2,User32,"ack.user"
"Apr 17, 2025 @ 12:36:46.288",4624,"CP-AKT-000210",Negotiate,1060,"2025-04-16T10:33:27.3720672Z",5,Advapi,SYSTEM
"Apr 17, 2025 @ 12:36:46.255",4624,"CP-AKT-000210",Kerberos,1060,"2025-04-16T10:33:19.3460918Z",3,Kerberos,"CP-AKT-000210$"
"Apr 17, 2025 @ 12:36:46.222",4624,"CP-AKT-000210",Negotiate,1060,"2025-04-16T10:32:26.7367917Z",5,Advapi,SYSTEM
"Apr 17, 2025 @ 12:36:46.222",4624,"CP-AKT-000210",Kerberos,1060,"2025-04-16T10:33:18.9349116Z",3,Kerberos,"CP-AKT-000210$"
"Apr 17, 2025 @ 12:36:46.218",4624,"CP-AKT-002912",Negotiate,1064,"2025-04-17T07:18:38.7697829Z",2,Advapi,"DWM-3"
"Apr 17, 2025 @ 12:36:46.206",4624,"CP-AKT-000210",Negotiate,1060,"2025-04-16T10:32:03.5601299Z",5,Advapi,SYSTEM
"Apr 17, 2025 @ 12:36:46.205",4624,"CP-AKT-000210",Negotiate,1060,"2025-04-16T10:31:47.3236808Z",5,Advapi,SYSTEM
"Apr 17, 2025 @ 12:36:46.202",4624,"CP-AKT-002912",Negotiate,1064,"2025-04-17T07:18:38.7697735Z",2,Advapi,"DWM-3"
"Apr 17, 2025 @ 12:36:46.189",4624,"CP-AKT-000210",Negotiate,1060,"2025-04-16T10:31:46.4285500Z",5,Advapi,SYSTEM
"Apr 17, 2025 @ 12:36:46.188",4624,"CP-AKT-000210",Negotiate,1060,"2025-04-16T10:30:10.0279870Z",5,Advapi,"SQLTELEMETRY$SQLEXPRESS"
"Apr 17, 2025 @ 12:36:46.172",4624,"CP-AKT-000210",Negotiate,1060,"2025-04-16T10:30:09.8215175Z",5,Advapi,"SQLTELEMETRY$MSSQLSERVER01"
"Apr 17, 2025 @ 12:36:46.171",4624,"CP-AKT-002912",Negotiate,1064,"2025-04-17T07:18:38.7374217Z",5,Advapi,SYSTEM
"Apr 17, 2025 @ 12:36:46.155",4624,"CP-AKT-002912",Negotiate,1064,"2025-04-17T07:18:38.7356576Z",2,Advapi,"UMFD-3"
"Apr 17, 2025 @ 12:36:46.155",4624,"CP-AKT-000210",Negotiate,1060,"2025-04-16T10:30:09.6028448Z",5,Advapi,SQLTELEMETRY
"Apr 17, 2025 @ 12:36:46.124",4624,"CP-AKT-002912",Negotiate,1064,"2025-04-17T07:18:37.5341714Z",5,Advapi,SYSTEM
"Apr 17, 2025 @ 12:36:46.121",4624,"CP-AKT-000210",Negotiate,1060,"2025-04-16T10:30:08.1971258Z",5,Advapi,MSSQLSERVER
"Apr 17, 2025 @ 12:36:46.088",4624,"CP-AKT-000210",Negotiate,1060,"2025-04-16T10:30:06.8222337Z",5,Advapi,"MSSQL$SQLEXPRESS"
"Apr 17, 2025 @ 12:36:46.077",4624,"CP-AKT-002912",Negotiate,1064,"2025-04-17T07:17:23.8967278Z",2,User32,"ics23f.0108"
"Apr 17, 2025 @ 12:36:46.071",4624,"CP-AKT-000210",Negotiate,1060,"2025-04-16T10:30:05.5582481Z",5,Advapi,"MSSQL$MSSQLSERVER01"
"Apr 17, 2025 @ 12:36:46.055",4624,"CP-AKT-000210",Negotiate,1060,"2025-04-16T10:29:59.5026675Z",5,Advapi,SYSTEM
"Apr 17, 2025 @ 12:36:46.046",4624,"CP-AKT-002912",Negotiate,1064,"2025-04-17T07:17:03.6181095Z",5,Advapi,SYSTEM
"Apr 17, 2025 @ 12:36:46.039",4624,"CP-AKT-000210",Negotiate,1060,"2025-04-16T10:29:59.4792162Z",5,Advapi,SYSTEM
"Apr 17, 2025 @ 12:36:46.030",4624,"CP-AKT-002912",Negotiate,1064,"2025-04-17T07:16:54.3749656Z",5,Advapi,SYSTEM
"Apr 17, 2025 @ 12:36:46.023",4624,"CP-AKT-000210",Negotiate,1060,"2025-04-16T10:29:12.4583067Z",5,Advapi,SYSTEM
"Apr 17, 2025 @ 12:36:46.021",4624,"CP-AKT-000210",Negotiate,1060,"2025-04-16T10:28:58.6363707Z",5,Advapi,SYSTEM
"Apr 17, 2025 @ 12:36:46.004",4624,"CP-AKT-000210",Negotiate,1060,"2025-04-16T10:28:57.6488323Z",5,Advapi,SYSTEM
"Apr 17, 2025 @ 12:36:45.999",4624,"CP-AKT-002912",Negotiate,1064,"2025-04-17T07:15:31.8330432Z",2,User32,"ics23f.0108"
"Apr 17, 2025 @ 12:36:45.988",4624,"CP-AKT-000210",Negotiate,1060,"2025-04-16T10:28:56.7446850Z",5,Advapi,SYSTEM
"Apr 17, 2025 @ 12:36:45.972",4624,"CP-AKT-000210",Negotiate,1060,"2025-04-16T10:28:55.8227013Z",5,Advapi,SYSTEM
"Apr 17, 2025 @ 12:36:45.971",4624,"CP-AKT-000210",Negotiate,1060,"2025-04-16T10:28:55.8051882Z",5,Advapi,SYSTEM
"Apr 17, 2025 @ 12:36:45.968",4624,"CP-AKT-002912",Negotiate,1064,"2025-04-17T07:15:29.0906711Z",5,Advapi,SYSTEM
"Apr 17, 2025 @ 12:36:45.955",4624,"CP-AKT-000210",Negotiate,1060,"2025-04-16T10:28:55.8048171Z",5,Advapi,SYSTEM
"Apr 17, 2025 @ 12:36:45.955",4624,"CP-AKT-000210",Negotiate,1060,"2025-04-16T10:28:55.7973399Z",5,Advapi,SYSTEM
"Apr 17, 2025 @ 12:36:45.952",4624,"CP-AKT-002912",Negotiate,1064,"2025-04-17T07:15:16.2324271Z",5,Advapi,SYSTEM
"Apr 17, 2025 @ 12:36:45.939",4624,"CP-AKT-000210",Negotiate,1060,"2025-04-16T10:28:55.7969739Z",5,Advapi,SYSTEM
"Apr 17, 2025 @ 12:36:45.938",4624,"CP-AKT-000210",Negotiate,1060,"2025-04-16T10:28:55.7953818Z",5,Advapi,SYSTEM
"Apr 17, 2025 @ 12:36:45.922",4624,"CP-AKT-000210",Negotiate,1060,"2025-04-16T10:28:54.5558421Z",5,Advapi,SYSTEM
"Apr 17, 2025 @ 12:36:45.921",4624,"CP-AKT-002912",Negotiate,1064,"2025-04-17T07:14:50.7907747Z",5,Advapi,SYSTEM
"Apr 17, 2025 @ 12:36:45.921",4624,"CP-AKT-000210",Negotiate,1060,"2025-04-16T10:28:52.3691222Z",5,Advapi,SYSTEM
"Apr 17, 2025 @ 12:36:45.905",4624,"CP-AKT-000210",Kerberos,1060,"2025-04-16T10:28:52.0886869Z",3,Kerberos,"CP-AKT-000210$"
"Apr 17, 2025 @ 12:36:45.905",4624,"CP-AKT-002912",Negotiate,1064,"2025-04-17T07:14:41.2452697Z",5,Advapi,SYSTEM
"Apr 17, 2025 @ 12:36:45.890",4624,"CP-AKT-002912",Negotiate,1064,"2025-04-17T07:14:36.5229899Z",5,Advapi,SYSTEM
"Apr 17, 2025 @ 12:36:45.874",4624,"CP-AKT-002912",Negotiate,1064,"2025-04-17T07:14:36.5033516Z",5,Advapi,SYSTEM
"Apr 17, 2025 @ 12:36:45.858",4624,"CP-AKT-002912",Negotiate,1064,"2025-04-17T07:14:30.8936744Z",5,Advapi,SYSTEM
"Apr 17, 2025 @ 12:36:45.856",4624,"CP-AKT-000210",Kerberos,1060,"2025-04-16T10:28:52.0187754Z",3,Kerberos,"CP-AKT-000210$"
"Apr 17, 2025 @ 12:36:45.843",4624,"CP-AKT-002912",Negotiate,1064,"2025-04-17T07:14:26.9118151Z",5,Advapi,SYSTEM
"Apr 17, 2025 @ 12:36:45.827",4624,"CP-AKT-002912",Negotiate,1064,"2025-04-17T07:14:26.8658956Z",5,Advapi,SYSTEM
"Apr 17, 2025 @ 12:36:45.811",4624,"CP-AKT-002912",Negotiate,1064,"2025-04-17T07:14:22.2848704Z",5,Advapi,SYSTEM
"Apr 17, 2025 @ 12:36:45.796",4624,"CP-AKT-002912",Negotiate,1064,"2025-04-17T07:14:22.0929965Z",5,Advapi,SYSTEM
"Apr 17, 2025 @ 12:36:45.780",4624,"CP-AKT-002912",Negotiate,1064,"2025-04-17T07:14:21.0132072Z",5,Advapi,SYSTEM
"Apr 17, 2025 @ 12:36:45.771",4624,"CP-AKT-000210",Kerberos,1060,"2025-04-16T10:28:51.5400140Z",3,Kerberos,"CP-AKT-000210$"
"Apr 17, 2025 @ 12:36:45.765",4624,"CP-AKT-002912",Negotiate,1064,"2025-04-17T07:14:20.5065601Z",2,Advapi,"DWM-2"
"Apr 17, 2025 @ 12:36:45.757",4624,"CP-AKT-000210",Negotiate,1060,"2025-04-16T10:28:51.1394878Z",5,Advapi,SYSTEM
"Apr 17, 2025 @ 12:36:45.754",4624,"CP-AKT-000210",Kerberos,1060,"2025-04-16T10:28:51.1313850Z",3,Kerberos,"CP-AKT-000210$"
"Apr 17, 2025 @ 12:36:45.752",4624,"CP-AKT-000210",Negotiate,1060,"2025-04-16T10:28:51.0947151Z",5,Advapi,SYSTEM
"Apr 17, 2025 @ 12:36:45.749",4624,"CP-AKT-002912",Negotiate,1064,"2025-04-17T07:14:20.5065508Z",2,Advapi,"DWM-2"
"Apr 17, 2025 @ 12:36:45.737",4624,"CP-AKT-000210",Negotiate,1060,"2025-04-16T10:28:51.0514310Z",5,Advapi,SYSTEM
"Apr 17, 2025 @ 12:36:45.736",4624,"CP-AKT-000210",Negotiate,1060,"2025-04-16T10:28:51.0393969Z",5,Advapi,SYSTEM
"Apr 17, 2025 @ 12:36:45.721",4624,"CP-AKT-000210",Negotiate,1060,"2025-04-16T10:28:50.9737759Z",5,Advapi,SYSTEM
"Apr 17, 2025 @ 12:36:45.717",4624,"CP-AKT-002912",Negotiate,1064,"2025-04-17T07:14:20.5010314Z",5,Advapi,SYSTEM
"Apr 17, 2025 @ 12:36:45.702",4624,"CP-AKT-002912",Negotiate,1064,"2025-04-17T07:14:20.4713558Z",2,Advapi,"UMFD-2"
"Apr 17, 2025 @ 12:36:45.688",4624,"CP-AKT-000210",Negotiate,1060,"2025-04-15T17:08:33.1069659Z",5,Advapi,SYSTEM
"Apr 17, 2025 @ 12:36:45.671",4624,"CP-AKT-000210",Negotiate,1060,"2025-04-15T17:08:17.2145829Z",5,Advapi,SYSTEM
"Apr 17, 2025 @ 12:36:45.671",4624,"CP-AKT-002912",Negotiate,1064,"2025-04-17T07:14:20.4248385Z",2,User32,"ics23f.0108"
"Apr 17, 2025 @ 12:36:45.653",4624,"CP-AKT-000210",Negotiate,1060,"2025-04-15T17:08:17.1560606Z",5,Advapi,SYSTEM
"Apr 17, 2025 @ 12:36:45.640",4624,"DESKTOP-5JEIKFF",Negotiate,1012,"2025-04-17T07:35:10.4557736Z",5,Advapi,SYSTEM
"Apr 17, 2025 @ 12:36:45.639",4624,"CP-AKT-002912",Negotiate,1064,"2025-04-17T07:14:16.2713263Z",5,Advapi,SYSTEM
"Apr 17, 2025 @ 12:36:45.637",4624,"CP-AKT-000210",Negotiate,1060,"2025-04-15T17:08:17.1559014Z",5,Advapi,SYSTEM
"Apr 17, 2025 @ 12:36:45.624",4624,"CP-AKT-002912",Negotiate,1064,"2025-04-17T07:14:16.0281793Z",2,Advapi,"ics23f.0108"
"Apr 17, 2025 @ 12:36:45.620",4624,"CP-AKT-000210",Negotiate,1060,"2025-04-15T17:08:10.4270452Z",5,Advapi,SYSTEM
"Apr 17, 2025 @ 12:36:45.603",4624,"CP-AKT-000210",Negotiate,1060,"2025-04-15T17:08:08.7702463Z",5,Advapi,SYSTEM
"Apr 17, 2025 @ 12:36:45.592",4625,"CP-AKT-002912",Negotiate,1064,"2025-04-17T07:13:52.4271199Z",2,User32,"ics23f.0108"
"Apr 17, 2025 @ 12:36:45.587",4624,"CP-AKT-000210",Negotiate,1060,"2025-04-15T17:08:07.4946476Z",5,Advapi,SYSTEM
"Apr 17, 2025 @ 12:36:45.578",4625,"CP-AKT-002912",Negotiate,1064,"2025-04-17T07:13:12.5481508Z",2,User32,"ics23f.0108"
"Apr 17, 2025 @ 12:36:45.571",4624,"CP-AKT-000210",Negotiate,1060,"2025-04-15T17:08:06.4641706Z",5,Advapi,SYSTEM
"Apr 17, 2025 @ 12:36:45.555",4624,"CP-AKT-000210",Negotiate,1060,"2025-04-15T17:08:04.8265882Z",5,Advapi,SYSTEM
"Apr 17, 2025 @ 12:36:45.546",4624,"CP-AKT-002912",Negotiate,1064,"2025-04-17T07:12:17.1201596Z",5,Advapi,SYSTEM
"Apr 17, 2025 @ 12:36:45.539",4624,"CP-AKT-000210",Negotiate,1060,"2025-04-15T17:08:03.2638455Z",5,Advapi,SYSTEM
"Apr 17, 2025 @ 12:36:45.536",4624,"CP-AKT-000210",Negotiate,1060,"2025-04-15T17:08:01.3937566Z",5,Advapi,SYSTEM
"Apr 17, 2025 @ 12:36:45.530",4624,"CP-AKT-002912",Negotiate,1064,"2025-04-17T07:12:17.1058699Z",2,User32,"ack.user"
"Apr 17, 2025 @ 12:36:45.520",4624,"CP-AKT-000210",Negotiate,1060,"2025-04-15T17:08:01.1242031Z",5,Advapi,SYSTEM
"Apr 17, 2025 @ 12:36:45.503",4624,"CP-AKT-000210",Negotiate,1060,"2025-04-15T17:08:00.9709866Z",5,Advapi,SYSTEM
"Apr 17, 2025 @ 12:36:45.499",4625,"CP-AKT-002912",Negotiate,1064,"2025-04-17T07:12:03.0443536Z",2,User32,"ics23f.0108"
"Apr 17, 2025 @ 12:36:45.486",4624,"CP-AKT-000210",Negotiate,1060,"2025-04-15T17:08:00.9526076Z",5,Advapi,SYSTEM
"Apr 17, 2025 @ 12:36:45.483",4625,"CP-AKT-002912",Negotiate,1064,"2025-04-17T07:11:35.9046869Z",2,User32,"ics23f.0108"
"Apr 17, 2025 @ 12:36:45.467",4624,"CP-AKT-002912",Negotiate,1064,"2025-04-17T07:11:00.8384131Z",5,Advapi,SYSTEM
"Apr 17, 2025 @ 12:36:45.462",4624,"DESKTOP-5JEIKFF",Negotiate,1012,"2025-04-17T07:34:56.3010862Z",5,Advapi,SYSTEM
"Apr 17, 2025 @ 12:36:45.457",4624,"CP-AKT-000210",Negotiate,1060,"2025-04-15T17:08:00.2484082Z",5,Advapi,SYSTEM
"Apr 17, 2025 @ 12:36:45.456",4624,"DESKTOP-5JEIKFF",Negotiate,1012,"2025-04-17T07:34:41.4684135Z",5,Advapi,SYSTEM
"Apr 17, 2025 @ 12:36:45.450",4624,"DESKTOP-5JEIKFF",Negotiate,1012,"2025-04-17T07:34:40.8420778Z",5,Advapi,SYSTEM
"Apr 17, 2025 @ 12:36:45.442",4624,"CP-AKT-000210",Negotiate,1060,"2025-04-15T17:08:00.0400275Z",5,Advapi,SYSTEM
"Apr 17, 2025 @ 12:36:45.436",4624,"CP-AKT-000210",Negotiate,1060,"2025-04-15T17:07:57.0411789Z",5,Advapi,SYSTEM
"Apr 17, 2025 @ 12:36:45.436",4624,"CP-AKT-002912",Negotiate,1064,"2025-04-17T07:10:12.8601632Z",2,User32,"ack.user"
"Apr 17, 2025 @ 12:36:45.415",4624,"DESKTOP-5JEIKFF",Negotiate,1012,"2025-04-17T07:34:23.1714600Z",5,Advapi,SYSTEM
"Apr 17, 2025 @ 12:36:45.405",4624,"CP-AKT-002912",Negotiate,1064,"2025-04-17T07:09:55.6323690Z",5,Advapi,SYSTEM
"Apr 17, 2025 @ 12:36:45.402",4624,"CP-AKT-000210",Negotiate,1060,"2025-04-15T17:07:56.7046989Z",7,Negotiat,"ack.user"
"Apr 17, 2025 @ 12:36:45.395",4624,"CP-AKT-000210",Negotiate,1060,"2025-04-15T17:07:56.7046895Z",7,Negotiat,"ack.user"
"Apr 17, 2025 @ 12:36:45.389",4624,"CP-AKT-002912",Negotiate,1064,"2025-04-17T07:07:33.3803302Z",5,Advapi,SYSTEM
"Apr 17, 2025 @ 12:36:45.379",4624,"CP-AKT-000210",Negotiate,1060,"2025-04-15T17:07:56.6130657Z",11,User32,"ack.user"
"Apr 17, 2025 @ 12:36:45.374",4624,"CP-AKT-002912",Negotiate,1064,"2025-04-17T07:07:30.4994236Z",5,Advapi,SYSTEM
"Apr 17, 2025 @ 12:36:45.370",4624,"CP-AKT-000210",Negotiate,1060,"2025-04-15T17:07:56.6130529Z",11,User32,"ack.user"
"Apr 17, 2025 @ 12:36:45.358",4624,"CP-AKT-002912",Negotiate,1064,"2025-04-17T07:07:30.2909228Z",5,Advapi,SYSTEM
"Apr 17, 2025 @ 12:36:45.351",4624,"CP-AKT-000210",Negotiate,1060,"2025-04-15T17:07:49.2881747Z",5,Advapi,SYSTEM
"Apr 17, 2025 @ 12:36:45.342",4624,"CP-AKT-002912",Negotiate,1064,"2025-04-17T07:07:30.2456767Z",5,Advapi,SYSTEM
"Apr 17, 2025 @ 12:36:45.338",4624,"CP-AKT-000210",Negotiate,1060,"2025-04-15T17:07:49.0957001Z",5,Advapi,SYSTEM
"Apr 17, 2025 @ 12:36:45.335",4624,"CP-AKT-000210",Negotiate,1060,"2025-04-15T17:07:49.0683546Z",5,Advapi,SYSTEM
"Apr 17, 2025 @ 12:36:45.327",4624,"CP-AKT-002912",Negotiate,1064,"2025-04-17T07:05:21.2704842Z",5,Advapi,SYSTEM
"Apr 17, 2025 @ 12:36:45.325",4624,"CP-AKT-000210",Negotiate,1060,"2025-04-15T17:07:48.4027599Z",5,Advapi,SYSTEM
"Apr 17, 2025 @ 12:36:45.295",4624,"CP-AKT-002912",Negotiate,1064,"2025-04-17T07:05:15.3123432Z",2,User32,"ack.user"
"Apr 17, 2025 @ 12:36:45.264",4624,"CP-AKT-002912",Negotiate,1064,"2025-04-17T07:05:04.4681987Z",5,Advapi,SYSTEM
"Apr 17, 2025 @ 12:36:45.249",4624,"CP-AKT-002912",Negotiate,1064,"2025-04-17T07:05:04.4255460Z",5,Advapi,SYSTEM
"Apr 17, 2025 @ 12:36:45.233",4624,"CP-AKT-002912",Negotiate,1064,"2025-04-17T06:42:01.3514934Z",5,Advapi,SYSTEM
"Apr 17, 2025 @ 12:36:45.217",4624,"CP-AKT-002912",Negotiate,1064,"2025-04-17T06:41:06.0005933Z",5,Advapi,SYSTEM
"Apr 17, 2025 @ 12:36:45.202",4624,"CP-AKT-002912",Negotiate,1064,"2025-04-17T06:41:05.9504527Z",5,Advapi,SYSTEM
"Apr 17, 2025 @ 12:36:45.186",4624,"CP-AKT-002912",Negotiate,1064,"2025-04-17T06:31:12.4565631Z",5,Advapi,SYSTEM
"Apr 17, 2025 @ 12:36:45.155",4624,"CP-AKT-002912",Negotiate,1064,"2025-04-17T06:29:53.2738067Z",2,User32,"ack.user"
"Apr 17, 2025 @ 12:36:45.124",4624,"CP-AKT-002912",Negotiate,1064,"2025-04-17T06:29:42.3564990Z",5,Advapi,SYSTEM
"Apr 17, 2025 @ 12:36:45.108",4624,"CP-AKT-002912",Negotiate,1064,"2025-04-17T06:29:08.3741496Z",5,Advapi,SYSTEM
"Apr 17, 2025 @ 12:36:45.092",4624,"CP-AKT-002912",Negotiate,1064,"2025-04-17T06:28:12.8478614Z",5,Advapi,SYSTEM
"Apr 17, 2025 @ 12:36:45.077",4624,"CP-AKT-002912",Negotiate,1064,"2025-04-17T06:24:01.2270721Z",5,Advapi,SYSTEM
"Apr 17, 2025 @ 12:36:45.070",4624,"DESKTOP-5JEIKFF",Negotiate,1012,"2025-04-17T07:34:05.9597264Z",5,Advapi,SYSTEM
"Apr 17, 2025 @ 12:36:45.062",4624,"DESKTOP-5JEIKFF",Negotiate,1012,"2025-04-17T07:33:44.5941353Z",5,Advapi,SYSTEM
"Apr 17, 2025 @ 12:36:45.061",4624,"CP-AKT-002912",Negotiate,1064,"2025-04-17T06:24:01.1927169Z",5,Advapi,SYSTEM
"Apr 17, 2025 @ 12:36:45.046",4624,"CP-AKT-002912",Negotiate,1064,"2025-04-17T06:13:59.8987622Z",5,Advapi,SYSTEM
"Apr 17, 2025 @ 12:36:45.031",4624,"CP-AKT-002912",Negotiate,1064,"2025-04-17T06:11:55.3830283Z",5,Advapi,SYSTEM
"Apr 17, 2025 @ 12:36:45.031",4624,"CP-AKT-002912",Negotiate,1064,"2025-04-17T06:11:24.2723294Z",5,Advapi,SYSTEM
"Apr 17, 2025 @ 12:36:45.029",4624,"CP-AKT-002912",Negotiate,1064,"2025-04-17T06:10:34.8904306Z",5,Advapi,SYSTEM
"Apr 17, 2025 @ 12:36:45.029",4624,"CP-AKT-002912",Negotiate,1064,"2025-04-17T06:10:34.9549182Z",5,Advapi,SYSTEM
"Apr 17, 2025 @ 12:36:45.027",4624,"CP-AKT-002912",Kerberos,1064,"2025-04-17T05:44:44.7197943Z",3,Kerberos,"CP-AKT-002912$"
"Apr 17, 2025 @ 12:36:45.026",4624,"CP-AKT-002912",Kerberos,1064,"2025-04-17T05:44:44.4950067Z",3,Kerberos,"CP-AKT-002912$"
"Apr 17, 2025 @ 12:36:45.026",4624,"CP-AKT-002912",Negotiate,1064,"2025-04-17T05:44:36.2813313Z",5,Advapi,SYSTEM
"Apr 17, 2025 @ 12:36:45.025",4624,"CP-AKT-002912",Negotiate,1064,"2025-04-17T05:34:04.3506435Z",5,Advapi,SYSTEM
"Apr 17, 2025 @ 12:36:45.025",4624,"CP-AKT-002912",Negotiate,1064,"2025-04-17T05:34:47.2013002Z",5,Advapi,SYSTEM
"Apr 17, 2025 @ 12:36:45.025",4624,"CP-AKT-002912",Negotiate,1064,"2025-04-17T05:40:50.4723815Z",5,Advapi,SYSTEM
"Apr 17, 2025 @ 12:36:45.025",4624,"CP-AKT-002912",Negotiate,1064,"2025-04-17T05:24:12.1820946Z",5,Advapi,SYSTEM
"Apr 17, 2025 @ 12:36:45.024",4624,"LAB3-11",Negotiate,1032,"2025-04-17T07:31:08.8185056Z",5,Advapi,SYSTEM
"Apr 17, 2025 @ 12:36:45.023",4624,"CP-AKT-002912",Negotiate,1064,"2025-04-17T05:22:48.9827429Z",5,Advapi,SYSTEM
"Apr 17, 2025 @ 12:36:45.022",4624,"LAB3-11",Negotiate,1032,"2025-04-17T07:20:25.1046581Z",5,Advapi,SYSTEM
"Apr 17, 2025 @ 12:36:45.022",4624,"CP-AKT-002912",Negotiate,1064,"2025-04-17T05:22:48.8939768Z",5,Advapi,SYSTEM
"Apr 17, 2025 @ 12:36:45.022",4624,"CP-AKT-002912",Negotiate,1064,"2025-04-17T05:22:33.3436793Z",5,Advapi,SYSTEM
"Apr 17, 2025 @ 12:36:45.021",4624,"CP-AKT-002912",Negotiate,1064,"2025-04-17T05:22:08.6503235Z",5,Advapi,SYSTEM
"Apr 17, 2025 @ 12:36:45.021",4624,"CP-AKT-002912",Negotiate,1064,"2025-04-17T05:22:32.5079868Z",5,Advapi,SYSTEM
"Apr 17, 2025 @ 12:36:45.021",4624,"LAB3-11",Negotiate,1032,"2025-04-17T07:11:48.0614680Z",5,Advapi,SYSTEM
"Apr 17, 2025 @ 12:36:45.021",4624,"LAB3-11",Negotiate,1032,"2025-04-17T07:19:02.9225782Z",5,Advapi,SYSTEM
"Apr 17, 2025 @ 12:36:45.021",4624,"LAB3-11",Negotiate,1032,"2025-04-17T07:10:47.3681587Z",5,Advapi,SYSTEM
"Apr 17, 2025 @ 12:36:45.020",4624,"LAB3-11",Negotiate,1032,"2025-04-17T07:08:04.5603174Z",5,Advapi,SYSTEM
"Apr 17, 2025 @ 12:36:45.020",4624,"LAB3-11",Negotiate,1032,"2025-04-17T07:07:25.9309781Z",5,Advapi,SYSTEM
"Apr 17, 2025 @ 12:36:45.019",4624,"LAB3-11",Negotiate,1032,"2025-04-17T06:59:40.2649808Z",5,Advapi,SYSTEM
"Apr 17, 2025 @ 12:36:45.019",4624,"CP-AKT-002912",Negotiate,1064,"2025-04-17T05:16:47.1040918Z",5,Advapi,SYSTEM
"Apr 17, 2025 @ 12:36:45.019",4624,"LAB3-11",Negotiate,1032,"2025-04-17T07:05:23.8643060Z",5,Advapi,SYSTEM
"Apr 17, 2025 @ 12:36:45.019",4624,"CP-AKT-002912",Negotiate,1064,"2025-04-17T05:16:46.9197183Z",5,Advapi,SYSTEM
"Apr 17, 2025 @ 12:36:45.019",4624,"LAB3-11",Negotiate,1032,"2025-04-17T07:05:23.8205066Z",5,Advapi,SYSTEM
"Apr 17, 2025 @ 12:36:45.018",4624,"CP-AKT-002912",Negotiate,1064,"2025-04-17T05:15:14.9330746Z",5,Advapi,SYSTEM
"Apr 17, 2025 @ 12:36:45.018",4624,"LAB3-11",Negotiate,1032,"2025-04-17T07:04:17.1979143Z",5,Advapi,SYSTEM
"Apr 17, 2025 @ 12:36:45.018",4624,"DESKTOP-5JEIKFF",Negotiate,1012,"2025-04-17T07:33:16.9711892Z",5,Advapi,SYSTEM
"Apr 17, 2025 @ 12:36:45.018",4624,"LAB3-11",Negotiate,1032,"2025-04-17T06:47:35.8091382Z",5,Advapi,SYSTEM
"Apr 17, 2025 @ 12:36:45.017",4624,"LAB3-11",Negotiate,1032,"2025-04-17T06:56:04.3402443Z",5,Advapi,SYSTEM
"Apr 17, 2025 @ 12:36:45.017",4624,"CP-AKT-002912",Negotiate,1064,"2025-04-17T05:14:46.5261140Z",5,Advapi,SYSTEM
"Apr 17, 2025 @ 12:36:45.017",4624,"LAB3-11",Negotiate,1032,"2025-04-17T06:56:06.7173530Z",5,Advapi,SYSTEM
"Apr 17, 2025 @ 12:36:45.016",4624,"CP-AKT-002912",Negotiate,1064,"2025-04-17T05:14:46.6043896Z",5,Advapi,SYSTEM
"Apr 17, 2025 @ 12:36:45.016",4624,"LAB3-11",Negotiate,1032,"2025-04-17T06:54:18.6708916Z",5,Advapi,SYSTEM
"Apr 17, 2025 @ 12:36:45.015",4624,"LAB3-11",Negotiate,1032,"2025-04-17T06:46:37.2748558Z",5,Advapi,SYSTEM
"Apr 17, 2025 @ 12:36:45.015",4624,"LAB3-11",Negotiate,1032,"2025-04-17T06:51:01.7960724Z",5,Advapi,SYSTEM
"Apr 17, 2025 @ 12:36:45.013",4624,"CP-AKT-002912",Negotiate,1064,"2025-04-17T05:14:46.3172745Z",5,Advapi,SYSTEM
"Apr 17, 2025 @ 12:36:45.013",4624,"LAB3-11",Kerberos,1032,"2025-04-17T06:36:43.5024751Z",3,Kerberos,"LAB3-11$"
"Apr 17, 2025 @ 12:36:45.012",4624,"CP-AKT-002912",Negotiate,1064,"2025-04-17T05:12:30.1820320Z",5,Advapi,SYSTEM
"Apr 17, 2025 @ 12:36:45.011",4624,"LAB3-11",Negotiate,1032,"2025-04-17T06:32:53.4333014Z",5,Advapi,SYSTEM
"Apr 17, 2025 @ 12:36:45.011",4624,"LAB3-11",Kerberos,1032,"2025-04-17T06:36:43.3290654Z",3,Kerberos,"LAB3-11$"
"Apr 17, 2025 @ 12:36:45.010",4624,"CP-AKT-002912",Negotiate,1064,"2025-04-17T05:11:10.7612493Z",5,Advapi,SYSTEM
"Apr 17, 2025 @ 12:36:45.010",4624,"LAB3-11",Negotiate,1032,"2025-04-17T06:32:53.1833334Z",5,Advapi,SYSTEM
"Apr 17, 2025 @ 12:36:45.009",4624,"LAB3-11",Negotiate,1032,"2025-04-17T06:20:24.8732547Z",5,Advapi,SYSTEM
"Apr 17, 2025 @ 12:36:45.009",4624,"LAB3-11",Negotiate,1032,"2025-04-17T06:27:10.4956075Z",5,Advapi,SYSTEM
"Apr 17, 2025 @ 12:36:45.007",4624,"LAB3-11",Negotiate,1032,"2025-04-17T06:16:24.0415616Z",5,Advapi,SYSTEM
"Apr 17, 2025 @ 12:36:45.007",4624,"CP-AKT-002912",Negotiate,1064,"2025-04-17T05:10:47.4302481Z",5,Advapi,SYSTEM
"Apr 17, 2025 @ 12:36:45.007",4624,"LAB3-11",Negotiate,1032,"2025-04-17T06:18:25.4892266Z",5,Advapi,SYSTEM
"Apr 17, 2025 @ 12:36:45.006",4624,"LAB3-11",Negotiate,1032,"2025-04-17T06:07:46.6014954Z",5,Advapi,SYSTEM
"Apr 17, 2025 @ 12:36:45.006",4624,"LAB3-11",Negotiate,1032,"2025-04-17T06:06:58.9090077Z",5,Advapi,SYSTEM
"Apr 17, 2025 @ 12:36:45.006",4624,"CP-AKT-002912",Negotiate,1064,"2025-04-17T05:10:46.5222097Z",5,Advapi,SYSTEM
"Apr 17, 2025 @ 12:36:45.006",4624,"LAB3-11",Negotiate,1032,"2025-04-17T06:13:02.2811107Z",5,Advapi,SYSTEM
"Apr 17, 2025 @ 12:36:45.004",4624,"CP-AKT-002912",Negotiate,1064,"2025-04-17T05:10:05.7668371Z",5,Advapi,SYSTEM
"Apr 17, 2025 @ 12:36:45.004",4624,"LAB3-11",Negotiate,1032,"2025-04-17T06:04:57.6219745Z",5,Advapi,SYSTEM
"Apr 17, 2025 @ 12:36:45.003",4624,"LAB3-11",Negotiate,1032,"2025-04-17T05:59:56.3954811Z",5,Advapi,SYSTEM
"Apr 17, 2025 @ 12:36:45.002",4624,"LAB3-11",Negotiate,1032,"2025-04-17T05:58:54.6494200Z",5,Advapi,SYSTEM
"Apr 17, 2025 @ 12:36:45.002",4624,"CP-AKT-002912",Negotiate,1064,"2025-04-17T05:08:34.9807326Z",5,Advapi,SYSTEM
"Apr 17, 2025 @ 12:36:45.001",4624,"LAB3-11",Negotiate,1032,"2025-04-17T05:53:31.6140125Z",5,Advapi,SYSTEM
"Apr 17, 2025 @ 12:36:45.001",4624,"CP-AKT-002912",Negotiate,1064,"2025-04-17T05:08:18.2059746Z",5,Advapi,SYSTEM
"Apr 17, 2025 @ 12:36:45.001",4624,"LAB3-11",Negotiate,1032,"2025-04-17T05:55:32.7617105Z",5,Advapi,SYSTEM
"Apr 17, 2025 @ 12:36:45.000",4624,"CP-AKT-002912",Negotiate,1064,"2025-04-17T05:07:33.4059150Z",5,Advapi,SYSTEM
"Apr 17, 2025 @ 12:36:45.000",4624,"LAB3-11",Negotiate,1032,"2025-04-17T05:50:49.9960407Z",5,Advapi,SYSTEM
"Apr 17, 2025 @ 12:36:45.000",4624,"LAB3-11",Negotiate,1032,"2025-04-17T05:48:08.2899850Z",5,Advapi,SYSTEM
"Apr 17, 2025 @ 12:36:44.999",4624,"LAB3-11",Negotiate,1032,"2025-04-17T05:36:02.5885987Z",5,Advapi,SYSTEM
"Apr 17, 2025 @ 12:36:44.999",4624,"LAB3-11",Negotiate,1032,"2025-04-17T05:44:05.8900336Z",5,Advapi,SYSTEM
"Apr 17, 2025 @ 12:36:44.999",4624,"LAB3-11",Negotiate,1032,"2025-04-17T05:40:44.8792406Z",5,Advapi,SYSTEM
"Apr 17, 2025 @ 12:36:44.999",4624,"CP-AKT-002912",Negotiate,1064,"2025-04-17T05:07:32.7411001Z",5,Advapi,SYSTEM
"Apr 17, 2025 @ 12:36:44.998",4624,"DESKTOP-5JEIKFF",Negotiate,1012,"2025-04-17T07:33:13.4393787Z",5,Advapi,SYSTEM
"Apr 17, 2025 @ 12:36:44.998",4624,"DESKTOP-5JEIKFF",Negotiate,1012,"2025-04-17T07:33:11.4978883Z",5,Advapi,SYSTEM
"Apr 17, 2025 @ 12:36:44.998",4624,"DESKTOP-5JEIKFF",Negotiate,1012,"2025-04-17T07:33:11.8570496Z",5,Advapi,SYSTEM
"Apr 17, 2025 @ 12:36:44.998",4624,"LAB3-11",Negotiate,1032,"2025-04-17T05:20:23.5248510Z",5,Advapi,SYSTEM
"Apr 17, 2025 @ 12:36:44.998",4624,"CP-AKT-002912",Negotiate,1064,"2025-04-17T05:07:31.1751913Z",5,Advapi,SYSTEM
"Apr 17, 2025 @ 12:36:44.998",4624,"CP-AKT-002912",Negotiate,1064,"2025-04-17T05:07:29.4653825Z",5,Advapi,SYSTEM
"Apr 17, 2025 @ 12:36:44.998",4624,"LAB3-11",Negotiate,1032,"2025-04-17T05:24:32.7018271Z",5,Advapi,SYSTEM
"Apr 17, 2025 @ 12:36:44.998",4624,"LAB3-11",Negotiate,1032,"2025-04-17T05:30:39.8538938Z",5,Advapi,SYSTEM
"Apr 17, 2025 @ 12:36:44.998",4624,"LAB3-11",Negotiate,1032,"2025-04-17T05:25:57.2656573Z",5,Advapi,SYSTEM
"Apr 17, 2025 @ 12:36:44.997",4624,"LAB3-11",Negotiate,1032,"2025-04-17T05:18:34.3194026Z",5,Advapi,SYSTEM
"Apr 17, 2025 @ 12:36:44.997",4624,"LAB3-11",Negotiate,1032,"2025-04-17T05:19:02.8655843Z",5,Advapi,SYSTEM
"Apr 17, 2025 @ 12:36:44.997",4624,"LAB3-11",Negotiate,1032,"2025-04-17T05:19:02.9748510Z",5,Advapi,SYSTEM
"Apr 17, 2025 @ 12:36:44.997",4624,"CP-AKT-002912",Negotiate,1064,"2025-04-17T05:07:29.4652883Z",5,Advapi,SYSTEM
"Apr 17, 2025 @ 12:36:44.997",4624,"LAB3-11",Negotiate,1032,"2025-04-17T05:19:07.1377163Z",5,Advapi,SYSTEM
"Apr 17, 2025 @ 12:36:44.997",4624,"LAB3-11",Negotiate,1032,"2025-04-17T05:18:32.3178030Z",5,Advapi,SYSTEM
"Apr 17, 2025 @ 12:36:44.996",4624,"CP-AKT-002912",Negotiate,1064,"2025-04-17T05:07:29.3791708Z",5,Advapi,SYSTEM
"Apr 17, 2025 @ 12:36:44.996",4624,"LAB3-11",Negotiate,1032,"2025-04-17T05:12:10.0574743Z",5,Advapi,SYSTEM
"Apr 17, 2025 @ 12:36:44.996",4624,"LAB3-11",Negotiate,1032,"2025-04-17T05:18:32.0309697Z",5,Advapi,SYSTEM
"Apr 17, 2025 @ 12:36:44.996",4624,"LAB3-11",Negotiate,1032,"2025-04-17T05:18:32.2316033Z",5,Advapi,SYSTEM
"Apr 17, 2025 @ 12:36:44.995",4624,"LAB3-11",Negotiate,1032,"2025-04-17T05:10:49.0942357Z",5,Advapi,SYSTEM
"Apr 17, 2025 @ 12:36:44.995",4624,"LAB3-11",Negotiate,1032,"2025-04-17T05:11:26.4775785Z",5,Advapi,SYSTEM
"Apr 17, 2025 @ 12:36:44.995",4624,"LAB3-11",Negotiate,1032,"2025-04-17T05:10:23.8495640Z",5,Advapi,SYSTEM
"Apr 17, 2025 @ 12:36:44.994",4624,"LAB3-11",Negotiate,1032,"2025-04-17T05:08:48.8376837Z",5,Advapi,SYSTEM
"Apr 17, 2025 @ 12:36:44.994",4624,"LAB3-11",Negotiate,1032,"2025-04-17T05:08:49.7572378Z",5,Advapi,SYSTEM
"Apr 17, 2025 @ 12:36:44.994",4624,"CP-AKT-002912",Negotiate,1064,"2025-04-17T05:07:29.3306213Z",7,Negotiat,"ack.user"
"Apr 17, 2025 @ 12:36:44.994",4624,"LAB3-11",Negotiate,1032,"2025-04-17T05:08:31.1392676Z",5,Advapi,SYSTEM
"Apr 17, 2025 @ 12:36:44.994",4624,"LAB3-11",Negotiate,1032,"2025-04-17T05:10:16.8794083Z",5,Advapi,SYSTEM
"Apr 17, 2025 @ 12:36:44.993",4624,"LAB3-11",Negotiate,1032,"2025-04-17T05:05:24.9474197Z",5,Advapi,SYSTEM
"Apr 17, 2025 @ 12:36:44.993",4624,"LAB3-11",Negotiate,1032,"2025-04-17T05:05:27.0434185Z",5,Advapi,SYSTEM
"Apr 17, 2025 @ 12:36:44.993",4624,"CP-AKT-002912",Negotiate,1064,"2025-04-17T05:07:29.2864107Z",11,User32,"ack.user"
"Apr 17, 2025 @ 12:36:44.993",4624,"LAB3-11",Negotiate,1032,"2025-04-17T05:05:27.0380666Z",5,Advapi,SYSTEM
"Apr 17, 2025 @ 12:36:44.993",4624,"LAB3-11",Negotiate,1032,"2025-04-17T05:06:28.8443908Z",5,Advapi,SYSTEM
"Apr 17, 2025 @ 12:36:44.993",4624,"LAB3-11",Negotiate,1032,"2025-04-17T05:05:25.7976105Z",5,Advapi,SYSTEM
"Apr 17, 2025 @ 12:36:44.992",4625,"CP-AKT-002912",Negotiate,1064,"2025-04-17T05:07:04.6440823Z",2,User32,"ack.user"
"Apr 17, 2025 @ 12:36:44.992",4624,"LAB3-11",Negotiate,1032,"2025-04-17T05:05:23.4392451Z",5,Advapi,SYSTEM
"Apr 17, 2025 @ 12:36:44.991",4624,"LAB3-11",Negotiate,1032,"2025-04-17T05:05:23.0965905Z",5,Advapi,SYSTEM
"Apr 17, 2025 @ 12:36:44.991",4624,"CP-AKT-002912",Negotiate,1064,"2025-04-17T05:06:33.4988396Z",5,Advapi,SYSTEM
"Apr 17, 2025 @ 12:36:44.991",4624,"LAB3-11",Negotiate,1032,"2025-04-17T05:05:23.0966024Z",5,Advapi,SYSTEM
"Apr 17, 2025 @ 12:36:44.991",4624,"LAB3-11",Negotiate,1032,"2025-04-17T05:05:23.0266900Z",7,Negotiat,"ack.user"
"Apr 17, 2025 @ 12:36:44.991",4625,"CP-AKT-002912",Negotiate,1064,"2025-04-17T05:06:51.6817951Z",2,User32,"ack.user"
"Apr 17, 2025 @ 12:36:44.990",4624,"LAB3-11",Negotiate,1032,"2025-04-17T05:05:23.0188565Z",5,Advapi,SYSTEM
"Apr 17, 2025 @ 12:36:44.990",4625,"CP-AKT-002912",Negotiate,1064,"2025-04-17T05:06:03.9681169Z",2,User32,"ack.user"
"Apr 17, 2025 @ 12:36:44.989",4624,"LAB3-11",Negotiate,1032,"2025-04-17T05:05:22.9617545Z",11,User32,"ack.user"
"Apr 17, 2025 @ 12:36:44.989",4625,"LAB3-11",Negotiate,1032,"2025-04-17T05:03:54.2268951Z",2,User32,"ack.user"
"Apr 17, 2025 @ 12:36:44.989",4624,"CP-AKT-002912",Negotiate,1064,"2025-04-17T05:04:31.7017138Z",5,Advapi,"SQLTELEMETRY$SQLEXPRESS"
"Apr 17, 2025 @ 12:36:44.989",4624,"CP-AKT-002912",Negotiate,1064,"2025-04-17T05:04:32.2392112Z",5,Advapi,SYSTEM
"Apr 17, 2025 @ 12:36:44.989",4624,"LAB3-11",Negotiate,1032,"2025-04-17T05:05:22.9617666Z",11,User32,"ack.user"
"Apr 17, 2025 @ 12:36:44.988",4624,"CP-AKT-002912",Negotiate,1064,"2025-04-17T05:04:31.4831087Z",5,Advapi,SQLTELEMETRY
"Apr 17, 2025 @ 12:36:44.987",4624,"CP-AKT-002912",Negotiate,1064,"2025-04-17T05:04:29.7176606Z",5,Advapi,MSSQLSERVER
"Apr 17, 2025 @ 12:36:44.987",4624,"LAB3-11",Kerberos,1032,"2025-04-17T05:03:43.2352303Z",3,Kerberos,"LAB3-11$"
"Apr 17, 2025 @ 12:36:44.986",4624,"LAB3-11",Negotiate,1032,"2025-04-17T05:03:36.6438388Z",5,Advapi,"SQLTELEMETRY$SQLEXPRESS"
"Apr 17, 2025 @ 12:36:44.986",4624,"LAB3-11",Kerberos,1032,"2025-04-17T05:03:43.1061712Z",3,Kerberos,"LAB3-11$"
"Apr 17, 2025 @ 12:36:44.986",4624,"LAB3-11",Negotiate,1032,"2025-04-17T05:03:37.1722057Z",5,Advapi,SYSTEM
"Apr 17, 2025 @ 12:36:44.985",4624,"LAB3-11",Kerberos,1032,"2025-04-17T05:03:36.0841492Z",3,Kerberos,"ADMANAGER$"
"Apr 17, 2025 @ 12:36:44.985",4624,"CP-AKT-002912",Negotiate,1064,"2025-04-17T05:04:28.2020508Z",5,Advapi,"MSSQL$SQLEXPRESS"
"Apr 17, 2025 @ 12:36:44.985",4624,"DESKTOP-5JEIKFF",Negotiate,1012,"2025-04-17T07:33:05.5130162Z",5,Advapi,SYSTEM
"Apr 17, 2025 @ 12:36:44.985",4624,"LAB3-11",Negotiate,1032,"2025-04-17T05:03:36.3829903Z",5,Advapi,SQLTELEMETRY
"Apr 17, 2025 @ 12:36:44.984",4624,"LAB3-11",NTLM,1032,"2025-04-17T05:03:36.0799175Z",3,NtLmSsp,"ADMANAGER$"
"Apr 17, 2025 @ 12:36:44.984",4624,"LAB3-11",Kerberos,1032,"2025-04-17T05:03:35.9671548Z",3,Kerberos,Administrator
"Apr 17, 2025 @ 12:36:44.984",4624,"LAB3-11",Kerberos,1032,"2025-04-17T05:03:36.0642527Z",3,Kerberos,Administrator
"Apr 17, 2025 @ 12:36:44.983",4624,"CP-AKT-002912",Negotiate,1064,"2025-04-17T05:04:20.8758600Z",5,Advapi,SYSTEM
"Apr 17, 2025 @ 12:36:44.983",4624,"LAB3-11",Negotiate,1032,"2025-04-17T05:03:35.0151324Z",5,Advapi,SYSTEM
"Apr 17, 2025 @ 12:36:44.983",4624,"LAB3-11",Negotiate,1032,"2025-04-17T05:03:33.4468728Z",5,Advapi,MSSQLSERVER
"Apr 17, 2025 @ 12:36:44.982",4624,"LAB3-11",Negotiate,1032,"2025-04-17T05:03:32.1195742Z",5,Advapi,"MSSQL$SQLEXPRESS"
"Apr 17, 2025 @ 12:36:44.982",4624,"CP-AKT-002912",Negotiate,1064,"2025-04-17T05:04:17.0905699Z",5,Advapi,SYSTEM
"Apr 17, 2025 @ 12:36:44.981",4624,"LAB3-11",Negotiate,1032,"2025-04-17T05:02:41.1734779Z",5,Advapi,SYSTEM
"Apr 17, 2025 @ 12:36:44.981",4624,"LAB3-11",Negotiate,1032,"2025-04-17T05:02:37.6960982Z",5,Advapi,SYSTEM
"Apr 17, 2025 @ 12:36:44.981",4624,"LAB3-11",Negotiate,1032,"2025-04-17T05:03:22.0268565Z",5,Advapi,SYSTEM
"Apr 17, 2025 @ 12:36:44.980",4624,"LAB3-11",Negotiate,1032,"2025-04-17T05:02:39.7697272Z",5,Advapi,SYSTEM
"Apr 17, 2025 @ 12:36:44.980",4624,"LAB3-11",Negotiate,1032,"2025-04-17T05:02:40.3821455Z",5,Advapi,SYSTEM
"Apr 17, 2025 @ 12:36:44.980",4624,"CP-AKT-002912",Negotiate,1064,"2025-04-17T05:03:34.5889561Z",5,Advapi,SYSTEM
"Apr 17, 2025 @ 12:36:44.980",4624,"LAB3-11",Negotiate,1032,"2025-04-17T05:02:40.4173053Z",5,Advapi,SYSTEM
"Apr 17, 2025 @ 12:36:44.979",4624,"LAB3-11",Negotiate,1032,"2025-04-17T05:02:38.5312523Z",5,Advapi,SYSTEM
"Apr 17, 2025 @ 12:36:44.979",4624,"LAB3-11",Negotiate,1032,"2025-04-17T05:02:39.3723281Z",5,Advapi,SYSTEM
"Apr 17, 2025 @ 12:36:44.979",4624,"LAB3-11",Negotiate,1032,"2025-04-17T05:02:37.6989665Z",5,Advapi,SYSTEM
"Apr 17, 2025 @ 12:36:44.979",4624,"CP-AKT-002912",Negotiate,1064,"2025-04-17T05:03:33.7109454Z",5,Advapi,SYSTEM
"Apr 17, 2025 @ 12:36:44.978",4624,"CP-AKT-002912",Negotiate,1064,"2025-04-17T05:03:32.9215844Z",5,Advapi,SYSTEM
"Apr 17, 2025 @ 12:36:44.978",4624,"DESKTOP-5JEIKFF",Negotiate,1012,"2025-04-17T07:33:00.6999101Z",5,Advapi,SYSTEM
"Apr 17, 2025 @ 12:36:44.978",4624,"LAB3-11",Negotiate,1032,"2025-04-17T05:02:37.6964713Z",5,Advapi,SYSTEM
"Apr 17, 2025 @ 12:36:44.977",4624,"LAB3-11",Negotiate,1032,"2025-04-17T05:02:37.6946709Z",5,Advapi,SYSTEM
"Apr 17, 2025 @ 12:36:44.977",4624,"LAB3-11",Negotiate,1032,"2025-04-17T05:02:37.6950396Z",5,Advapi,SYSTEM
"Apr 17, 2025 @ 12:36:44.977",4624,"LAB3-11",Negotiate,1032,"2025-04-17T05:02:37.6926711Z",5,Advapi,SYSTEM
"Apr 17, 2025 @ 12:36:44.976",4624,"LAB3-11",Negotiate,1032,"2025-04-17T05:02:37.1002865Z",5,Advapi,SYSTEM
"Apr 17, 2025 @ 12:36:44.976",4624,"CP-AKT-002912",Negotiate,1064,"2025-04-17T05:03:32.9083634Z",5,Advapi,SYSTEM
"Apr 17, 2025 @ 12:36:44.976",4624,"CP-AKT-002912",Negotiate,1064,"2025-04-17T05:03:27.7749686Z",5,Advapi,SYSTEM
"Apr 17, 2025 @ 12:36:44.976",4624,"DESKTOP-5JEIKFF",Negotiate,1012,"2025-04-17T07:32:57.1043801Z",5,Advapi,SYSTEM
"Apr 17, 2025 @ 12:36:44.976",4624,"DESKTOP-5JEIKFF",Negotiate,1012,"2025-04-17T07:32:56.0485487Z",5,Advapi,SYSTEM
"Apr 17, 2025 @ 12:36:44.976",4624,"LAB3-11",Negotiate,1032,"2025-04-17T05:02:36.2620494Z",5,Advapi,SYSTEM
"Apr 17, 2025 @ 12:36:44.975",4624,"LAB3-11",Negotiate,1032,"2025-04-17T05:02:35.1878492Z",5,Advapi,SYSTEM
"Apr 17, 2025 @ 12:36:44.975",4624,"LAB3-11",Negotiate,1032,"2025-04-17T05:02:35.1875024Z",5,Advapi,SYSTEM
"Apr 17, 2025 @ 12:36:44.975",4624,"LAB3-11",Negotiate,1032,"2025-04-17T05:02:35.1925925Z",5,Advapi,SYSTEM
"Apr 17, 2025 @ 12:36:44.975",4624,"DESKTOP-5JEIKFF",Negotiate,1012,"2025-04-17T07:32:49.6722180Z",5,Advapi,SYSTEM
"Apr 17, 2025 @ 12:36:44.975",4624,"DESKTOP-5JEIKFF",Negotiate,1012,"2025-04-17T07:32:24.4001819Z",5,Advapi,SYSTEM
"Apr 17, 2025 @ 12:36:44.975",4624,"LAB3-11",Negotiate,1032,"2025-04-17T05:02:35.1862137Z",5,Advapi,SYSTEM
"Apr 17, 2025 @ 12:36:44.975",4624,"DESKTOP-5JEIKFF",Negotiate,1012,"2025-04-17T07:32:37.7309791Z",5,Advapi,SYSTEM
"Apr 17, 2025 @ 12:36:44.974",4624,"DESKTOP-5JEIKFF",Negotiate,1012,"2025-04-17T07:32:17.9075756Z",5,Advapi,SYSTEM
"Apr 17, 2025 @ 12:36:44.974",4624,"DESKTOP-5JEIKFF",Negotiate,1012,"2025-04-17T07:32:20.5114926Z",2,User32,Project
"Apr 17, 2025 @ 12:36:44.974",4624,"CP-AKT-002912",Negotiate,1064,"2025-04-17T05:03:22.0697188Z",5,Advapi,SYSTEM
"Apr 17, 2025 @ 12:36:44.974",4624,"DESKTOP-5JEIKFF",Negotiate,1012,"2025-04-17T07:32:20.5115000Z",2,User32,Project
"Apr 17, 2025 @ 12:36:44.974",4624,"LAB3-11",Negotiate,1032,"2025-04-17T05:02:32.4479610Z",5,Advapi,SYSTEM
"Apr 17, 2025 @ 12:36:44.974",4624,"LAB3-11",Negotiate,1032,"2025-04-17T05:02:35.1822244Z",5,Advapi,SYSTEM
"Apr 17, 2025 @ 12:36:44.974",4624,"LAB3-11",Negotiate,1032,"2025-04-17T05:02:35.1858288Z",5,Advapi,SYSTEM
"Apr 17, 2025 @ 12:36:44.973",4624,"LAB3-11",Kerberos,1032,"2025-04-17T05:02:31.0116192Z",3,Kerberos,"LAB3-11$"
"Apr 17, 2025 @ 12:36:44.973",4624,"DESKTOP-5JEIKFF",Negotiate,1012,"2025-04-17T07:31:48.4525194Z",5,Advapi,SYSTEM
"Apr 17, 2025 @ 12:36:44.973",4624,"CP-AKT-002912",Negotiate,1064,"2025-04-17T05:03:21.8104478Z",5,Advapi,SYSTEM
"Apr 17, 2025 @ 12:36:44.973",4624,"LAB3-11",Negotiate,1032,"2025-04-17T05:02:31.7481633Z",5,Advapi,SYSTEM
"Apr 17, 2025 @ 12:36:44.973",4624,"DESKTOP-5JEIKFF",Negotiate,1012,"2025-04-17T07:31:51.6100648Z",5,Advapi,SYSTEM
"Apr 17, 2025 @ 12:36:44.973",4624,"CP-AKT-002912",Negotiate,1064,"2025-04-17T05:03:21.9452710Z",5,Advapi,SYSTEM
"Apr 17, 2025 @ 12:36:44.973",4624,"DESKTOP-5JEIKFF",Negotiate,1012,"2025-04-17T07:31:48.4592969Z",5,Advapi,SYSTEM
"Apr 17, 2025 @ 12:36:44.973",4624,"DESKTOP-5JEIKFF",Negotiate,1012,"2025-04-17T07:31:51.5948510Z",5,Advapi,SYSTEM
"Apr 17, 2025 @ 12:36:44.973",4624,"LAB3-11",Negotiate,1032,"2025-04-17T05:02:31.8576169Z",5,Advapi,SYSTEM
"Apr 17, 2025 @ 12:36:44.972",4624,"CP-AKT-002912",Kerberos,1064,"2025-04-17T05:03:21.3747676Z",3,Kerberos,"CP-AKT-002912$"
"Apr 17, 2025 @ 12:36:44.972",4624,"CP-AKT-002912",Negotiate,1064,"2025-04-17T05:03:21.2417368Z",5,Advapi,SYSTEM
"Apr 17, 2025 @ 12:36:44.972",4624,"LAB3-11",Kerberos,1032,"2025-04-17T05:02:30.8578010Z",3,Kerberos,"LAB3-11$"
"Apr 17, 2025 @ 12:36:44.972",4624,"LAB3-11",Negotiate,1032,"2025-04-17T05:02:30.8628946Z",5,Advapi,SYSTEM
"Apr 17, 2025 @ 12:36:44.971",4624,"LAB3-11",Negotiate,1032,"2025-04-17T05:02:29.9603657Z",5,Advapi,SYSTEM
"Apr 17, 2025 @ 12:36:44.971",4624,"LAB3-11",Negotiate,1032,"2025-04-16T10:27:58.1083611Z",5,Advapi,SYSTEM
"Apr 17, 2025 @ 12:36:44.971",4624,"LAB3-11",Negotiate,1032,"2025-04-17T05:02:30.1194505Z",5,Advapi,SYSTEM
"Apr 17, 2025 @ 12:36:44.971",4624,"LAB3-11",Kerberos,1032,"2025-04-17T05:02:30.1245933Z",3,Kerberos,"LAB3-11$"
"Apr 17, 2025 @ 12:36:44.971",4624,"LAB3-11",Negotiate,1032,"2025-04-16T10:27:42.1259568Z",5,Advapi,SYSTEM
"Apr 17, 2025 @ 12:36:44.971",4624,"LAB3-11",Negotiate,1032,"2025-04-17T05:02:30.0142948Z",5,Advapi,SYSTEM
"Apr 17, 2025 @ 12:36:44.971",4624,"LAB3-11",Kerberos,1032,"2025-04-17T05:02:30.5350920Z",3,Kerberos,"LAB3-11$"
"Apr 17, 2025 @ 12:36:44.971",4624,"LAB3-11",Negotiate,1032,"2025-04-17T05:02:29.9519939Z",5,Advapi,SYSTEM
"Apr 17, 2025 @ 12:36:44.970",4624,"LAB3-11",Negotiate,1032,"2025-04-16T10:27:42.0743071Z",5,Advapi,SYSTEM
"Apr 17, 2025 @ 12:36:44.970",4624,"LAB3-11",Negotiate,1032,"2025-04-16T10:27:05.3598811Z",5,Advapi,SYSTEM
"Apr 17, 2025 @ 12:36:44.970",4624,"LAB3-11",Negotiate,1032,"2025-04-16T10:27:05.5210954Z",5,Advapi,SYSTEM
"Apr 17, 2025 @ 12:36:44.970",4624,"LAB3-11",Negotiate,1032,"2025-04-16T10:27:04.8098214Z",5,Advapi,SYSTEM
"Apr 17, 2025 @ 12:36:44.970",4624,"LAB3-11",Negotiate,1032,"2025-04-16T10:27:42.0744196Z",5,Advapi,SYSTEM
"Apr 17, 2025 @ 12:36:44.970",4625,"LAB3-10",Negotiate,1044,"2025-04-17T07:12:39.0835766Z",11,CredPro,Administrator
"Apr 17, 2025 @ 12:36:44.969",4624,"CP-AKT-002912",Kerberos,1064,"2025-04-17T05:03:21.1290718Z",3,Kerberos,"CP-AKT-002912$"
"Apr 17, 2025 @ 12:36:44.969",4624,"CP-AKT-002912",Kerberos,1064,"2025-04-17T05:03:20.9324910Z",3,Kerberos,"CP-AKT-002912$"
"Apr 17, 2025 @ 12:36:44.968",4624,"CP-AKT-002912",Negotiate,1064,"2025-04-17T05:03:20.9309137Z",5,Advapi,SYSTEM
"Apr 17, 2025 @ 12:36:44.967",4624,"CP-AKT-002912",Negotiate,1064,"2025-04-17T05:03:20.4768478Z",5,Advapi,SYSTEM
"Apr 17, 2025 @ 12:36:44.967",4624,"CP-AKT-002912",Negotiate,1064,"2025-04-17T05:03:20.5953215Z",5,Advapi,SYSTEM
"Apr 17, 2025 @ 12:36:44.967",4624,"CP-AKT-002912",Kerberos,1064,"2025-04-17T05:03:20.5400325Z",3,Kerberos,"CP-AKT-002912$"
"Apr 17, 2025 @ 12:36:44.967",4624,"CP-AKT-002912",Negotiate,1064,"2025-04-17T05:03:20.8669344Z",5,Advapi,SYSTEM
"Apr 17, 2025 @ 12:36:44.966",4624,"CP-AKT-002912",Negotiate,1064,"2025-04-17T05:03:20.4132464Z",5,Advapi,SYSTEM
"Apr 17, 2025 @ 12:36:44.966",4624,"CP-AKT-002912",Negotiate,1064,"2025-04-17T05:03:20.4124047Z",5,Advapi,SYSTEM
"Apr 17, 2025 @ 12:36:44.965",4624,"CP-AKT-002912",Negotiate,1064,"2025-04-16T15:52:43.9266468Z",5,Advapi,SYSTEM
"Apr 17, 2025 @ 12:36:44.963",4624,"LAB3-10",Negotiate,1044,"2025-04-17T07:31:34.2602834Z",5,Advapi,SYSTEM
"Apr 17, 2025 @ 12:36:44.963",4624,"CP-AKT-002912",Negotiate,1064,"2025-04-16T15:52:43.8746557Z",5,Advapi,SYSTEM
"Apr 17, 2025 @ 12:36:44.963",4624,"LAB3-10",Negotiate,1044,"2025-04-17T07:30:52.4238956Z",5,Advapi,SYSTEM
"Apr 17, 2025 @ 12:36:44.963",4625,"LAB3-10",Negotiate,1044,"2025-04-17T07:12:45.0521115Z",11,CredPro,Administrator
"Apr 17, 2025 @ 12:36:44.962",4624,"LAB3-10",Negotiate,1044,"2025-04-17T07:17:40.2927846Z",5,Advapi,SYSTEM
"Apr 17, 2025 @ 12:36:44.962",4624,"CP-AKT-002912",Negotiate,1064,"2025-04-16T15:52:43.8743086Z",5,Advapi,SYSTEM
"Apr 17, 2025 @ 12:36:44.962",4624,"LAB3-10",Negotiate,1044,"2025-04-17T07:19:04.4985811Z",5,Advapi,SYSTEM
"Apr 17, 2025 @ 12:36:44.962",4625,"LAB3-10",Negotiate,1044,"2025-04-17T07:13:13.6726356Z",2,CredPro,Administrator
"Apr 17, 2025 @ 12:36:44.962",4624,"LAB3-10",Negotiate,1044,"2025-04-17T07:30:48.4925087Z",5,Advapi,SYSTEM
"Apr 17, 2025 @ 12:36:44.962",4625,"LAB3-10",Negotiate,1044,"2025-04-17T07:12:45.1157401Z",2,CredPro,Administrator
"Apr 17, 2025 @ 12:36:44.962",4625,"LAB3-10",Negotiate,1044,"2025-04-17T07:13:13.6271129Z",11,CredPro,Administrator
"Apr 17, 2025 @ 12:36:44.961",4624,"CP-AKT-002912",Negotiate,1064,"2025-04-16T15:52:08.8571743Z",5,Advapi,SYSTEM
"Apr 17, 2025 @ 12:36:44.961",4625,"LAB3-10",Negotiate,1044,"2025-04-17T07:08:08.7712516Z",2,seclogo,wronguser
"Apr 17, 2025 @ 12:36:44.961",4625,"LAB3-10",Negotiate,1044,"2025-04-17T07:07:57.6017787Z",2,seclogo,wronguser
"Apr 17, 2025 @ 12:36:44.961",4624,"CP-AKT-002912",NTLM,1064,"2025-04-16T15:52:43.8640589Z",3,NtLmSsp,Administrator
"Apr 17, 2025 @ 12:36:44.961",4625,"LAB3-10",Negotiate,1044,"2025-04-17T07:08:10.7842372Z",2,seclogo,wronguser
"Apr 17, 2025 @ 12:36:44.961",4625,"LAB3-10",Negotiate,1044,"2025-04-17T07:12:24.9895288Z",2,CredPro,Administrator
"Apr 17, 2025 @ 12:36:44.961",4625,"LAB3-10",Negotiate,1044,"2025-04-17T07:08:07.7632999Z",2,seclogo,wronguser
"Apr 17, 2025 @ 12:36:44.961",4625,"LAB3-10",Negotiate,1044,"2025-04-17T07:08:09.7743090Z",2,seclogo,wronguser
"Apr 17, 2025 @ 12:36:44.961",4625,"LAB3-10",Negotiate,1044,"2025-04-17T07:12:24.9295155Z",11,CredPro,Administrator
"Apr 17, 2025 @ 12:36:44.961",4625,"LAB3-10",Negotiate,1044,"2025-04-17T07:12:39.1672944Z",2,CredPro,Administrator
"Apr 17, 2025 @ 12:36:44.960",4625,"LAB3-10",Negotiate,1044,"2025-04-17T07:08:01.6735487Z",2,seclogo,wronguser
"Apr 17, 2025 @ 12:36:44.960",4625,"LAB3-10",Negotiate,1044,"2025-04-17T07:08:02.6916516Z",2,seclogo,wronguser
"Apr 17, 2025 @ 12:36:44.960",4625,"LAB3-10",Negotiate,1044,"2025-04-17T07:08:05.7447589Z",2,seclogo,wronguser
"Apr 17, 2025 @ 12:36:44.960",4625,"LAB3-10",Negotiate,1044,"2025-04-17T07:08:06.7529332Z",2,seclogo,wronguser
"Apr 17, 2025 @ 12:36:44.960",4625,"LAB3-10",Negotiate,1044,"2025-04-17T07:07:59.6376893Z",2,seclogo,wronguser
"Apr 17, 2025 @ 12:36:44.960",4625,"LAB3-10",Negotiate,1044,"2025-04-17T07:08:00.6541499Z",2,seclogo,wronguser
"Apr 17, 2025 @ 12:36:44.960",4625,"LAB3-10",Negotiate,1044,"2025-04-17T07:08:04.7284291Z",2,seclogo,wronguser
"Apr 17, 2025 @ 12:36:44.960",4625,"LAB3-10",Negotiate,1044,"2025-04-17T07:08:03.7097455Z",2,seclogo,wronguser
"Apr 17, 2025 @ 12:36:44.959",4625,"LAB3-10",Negotiate,1044,"2025-04-17T07:07:52.5111689Z",2,seclogo,wronguser
"Apr 17, 2025 @ 12:36:44.959",4625,"LAB3-10",Negotiate,1044,"2025-04-17T07:07:58.6208221Z",2,seclogo,wronguser
"Apr 17, 2025 @ 12:36:44.959",4625,"LAB3-10",Negotiate,1044,"2025-04-17T07:07:53.5274633Z",2,seclogo,wronguser
"Apr 17, 2025 @ 12:36:44.959",4625,"LAB3-10",Negotiate,1044,"2025-04-17T07:07:54.5461700Z",2,seclogo,wronguser
"Apr 17, 2025 @ 12:36:44.959",4625,"LAB3-10",Negotiate,1044,"2025-04-17T07:07:55.5652691Z",2,seclogo,wronguser
"Apr 17, 2025 @ 12:36:44.959",4625,"LAB3-10",Negotiate,1044,"2025-04-17T07:07:41.3161840Z",2,seclogo,wronguser
"Apr 17, 2025 @ 12:36:44.959",4625,"LAB3-10",Negotiate,1044,"2025-04-17T07:07:56.5816937Z",2,seclogo,wronguser
"Apr 17, 2025 @ 12:36:44.959",4624,"CP-AKT-002912",Negotiate,1064,"2025-04-16T15:52:08.0853451Z",5,Advapi,SYSTEM
"Apr 17, 2025 @ 12:36:44.958",4625,"LAB3-10",Negotiate,1044,"2025-04-17T07:07:45.3858072Z",2,seclogo,wronguser
"Apr 17, 2025 @ 12:36:44.958",4625,"LAB3-10",Negotiate,1044,"2025-04-17T07:07:50.4743225Z",2,seclogo,wronguser
"Apr 17, 2025 @ 12:36:44.958",4625,"LAB3-10",Negotiate,1044,"2025-04-17T07:07:49.4554880Z",2,seclogo,wronguser
"Apr 17, 2025 @ 12:36:44.958",4625,"LAB3-10",Negotiate,1044,"2025-04-17T07:07:44.3685549Z",2,seclogo,wronguser
"Apr 17, 2025 @ 12:36:44.958",4625,"LAB3-10",Negotiate,1044,"2025-04-17T07:07:47.4189756Z",2,seclogo,wronguser
"Apr 17, 2025 @ 12:36:44.958",4625,"LAB3-10",Negotiate,1044,"2025-04-17T07:07:51.4936183Z",2,seclogo,wronguser
"Apr 17, 2025 @ 12:36:44.958",4625,"LAB3-10",Negotiate,1044,"2025-04-17T07:07:46.4022533Z",2,seclogo,wronguser
"Apr 17, 2025 @ 12:36:44.958",4625,"LAB3-10",Negotiate,1044,"2025-04-17T07:07:48.4377558Z",2,seclogo,wronguser
"Apr 17, 2025 @ 12:36:44.957",4625,"LAB3-10",Negotiate,1044,"2025-04-17T07:07:43.3523380Z",2,seclogo,wronguser
"Apr 17, 2025 @ 12:36:44.957",4625,"LAB3-10",Negotiate,1044,"2025-04-17T07:07:37.2443238Z",2,seclogo,wronguser
"Apr 17, 2025 @ 12:36:44.957",4625,"LAB3-10",Negotiate,1044,"2025-04-17T07:07:38.2623240Z",2,seclogo,wronguser
"Apr 17, 2025 @ 12:36:44.957",4625,"LAB3-10",Negotiate,1044,"2025-04-17T07:07:40.2967713Z",2,seclogo,wronguser
"Apr 17, 2025 @ 12:36:44.957",4625,"LAB3-10",Negotiate,1044,"2025-04-17T07:07:39.2779005Z",2,seclogo,wronguser
"Apr 17, 2025 @ 12:36:44.957",4625,"LAB3-10",Negotiate,1044,"2025-04-17T07:06:46.9664887Z",2,seclogo,wronguser
"Apr 17, 2025 @ 12:36:44.957",4625,"LAB3-10",Negotiate,1044,"2025-04-17T07:07:36.2270894Z",2,seclogo,wronguser
"Apr 17, 2025 @ 12:36:44.957",4625,"LAB3-10",Negotiate,1044,"2025-04-17T07:07:42.3333691Z",2,seclogo,wronguser
"Apr 17, 2025 @ 12:36:44.956",4625,"LAB3-10",Negotiate,1044,"2025-04-17T07:06:52.1265626Z",2,seclogo,wronguser
"Apr 17, 2025 @ 12:36:44.956",4625,"LAB3-10",Negotiate,1044,"2025-04-17T07:07:31.1438319Z",2,seclogo,wronguser
"Apr 17, 2025 @ 12:36:44.956",4625,"LAB3-10",Negotiate,1044,"2025-04-17T07:07:34.2032244Z",2,seclogo,wronguser
"Apr 17, 2025 @ 12:36:44.956",4625,"LAB3-10",Negotiate,1044,"2025-04-17T07:07:32.1560930Z",2,seclogo,wronguser
"Apr 17, 2025 @ 12:36:44.956",4625,"LAB3-10",Negotiate,1044,"2025-04-17T07:06:52.1287444Z",2,seclogo,wronguser
"Apr 17, 2025 @ 12:36:44.956",4625,"LAB3-10",Negotiate,1044,"2025-04-17T07:06:26.6153068Z",2,seclogo,wronguser
"Apr 17, 2025 @ 12:36:44.956",4625,"LAB3-10",Negotiate,1044,"2025-04-17T07:07:35.2234722Z",2,seclogo,wronguser
"Apr 17, 2025 @ 12:36:44.956",4625,"LAB3-10",Negotiate,1044,"2025-04-17T07:07:33.1730163Z",2,seclogo,wronguser
"Apr 17, 2025 @ 12:36:44.955",4625,"LAB3-10",Negotiate,1044,"2025-04-17T07:06:52.1155519Z",2,seclogo,wronguser
"Apr 17, 2025 @ 12:36:44.955",4625,"LAB3-10",Negotiate,1044,"2025-04-17T07:06:52.1177081Z",2,seclogo,wronguser
"Apr 17, 2025 @ 12:36:44.955",4625,"LAB3-10",Negotiate,1044,"2025-04-17T07:06:52.1222072Z",2,seclogo,wronguser
"Apr 17, 2025 @ 12:36:44.955",4625,"LAB3-10",Negotiate,1044,"2025-04-17T07:06:52.1133905Z",2,seclogo,wronguser
"Apr 17, 2025 @ 12:36:44.955",4625,"LAB3-10",Negotiate,1044,"2025-04-17T07:06:52.1112157Z",2,seclogo,wronguser
"Apr 17, 2025 @ 12:36:44.955",4625,"LAB3-10",Negotiate,1044,"2025-04-17T07:06:52.1198482Z",2,seclogo,wronguser
"Apr 17, 2025 @ 12:36:44.955",4625,"LAB3-10",Negotiate,1044,"2025-04-17T07:06:52.1244148Z",2,seclogo,wronguser
"Apr 17, 2025 @ 12:36:44.954",4625,"LAB3-10",Negotiate,1044,"2025-04-17T07:06:46.9851578Z",2,seclogo,wronguser
"Apr 17, 2025 @ 12:36:44.954",4625,"LAB3-10",Negotiate,1044,"2025-04-17T07:06:46.9828542Z",2,seclogo,wronguser
"Apr 17, 2025 @ 12:36:44.954",4625,"LAB3-10",Negotiate,1044,"2025-04-17T07:06:46.9807226Z",2,seclogo,wronguser
"Apr 17, 2025 @ 12:36:44.954",4625,"LAB3-10",Negotiate,1044,"2025-04-17T07:06:46.9876272Z",2,seclogo,wronguser
"Apr 17, 2025 @ 12:36:44.954",4625,"LAB3-10",Negotiate,1044,"2025-04-17T07:06:52.1089685Z",2,seclogo,wronguser
"Apr 17, 2025 @ 12:36:44.953",4625,"LAB3-10",Negotiate,1044,"2025-04-17T07:06:46.9743199Z",2,seclogo,wronguser
"Apr 17, 2025 @ 12:36:44.953",4625,"LAB3-10",Negotiate,1044,"2025-04-17T07:06:46.9721377Z",2,seclogo,wronguser
"Apr 17, 2025 @ 12:36:44.953",4625,"LAB3-10",Negotiate,1044,"2025-04-17T07:06:46.9764594Z",2,seclogo,wronguser
"Apr 17, 2025 @ 12:36:44.953",4625,"LAB3-10",Negotiate,1044,"2025-04-17T07:06:46.9785894Z",2,seclogo,wronguser
"Apr 17, 2025 @ 12:36:44.952",4624,"LAB3-10",Negotiate,1044,"2025-04-17T07:06:18.3119470Z",5,Advapi,SYSTEM
"Apr 17, 2025 @ 12:36:44.952",4624,"LAB3-10",Negotiate,1044,"2025-04-17T07:06:18.2412712Z",5,Advapi,SYSTEM
"Apr 17, 2025 @ 12:36:44.952",4625,"LAB3-10",Negotiate,1044,"2025-04-17T07:06:46.9697869Z",2,seclogo,wronguser
"Apr 17, 2025 @ 12:36:44.951",4625,"LAB3-10",Negotiate,1044,"2025-04-17T07:02:17.5716890Z",11,CredPro,Administrator
"Apr 17, 2025 @ 12:36:44.951",4625,"LAB3-10",Negotiate,1044,"2025-04-17T07:02:12.3370314Z",2,CredPro,Administrator
"Apr 17, 2025 @ 12:36:44.951",4624,"LAB3-10",Negotiate,1044,"2025-04-17T07:05:02.2661627Z",5,Advapi,SYSTEM
"Apr 17, 2025 @ 12:36:44.951",4625,"LAB3-10",Negotiate,1044,"2025-04-17T07:02:17.6170018Z",2,CredPro,Administrator
"Apr 17, 2025 @ 12:36:44.950",4624,"LAB3-10",Negotiate,1044,"2025-04-17T07:01:54.8217651Z",5,Advapi,SYSTEM
"Apr 17, 2025 @ 12:36:44.950",4625,"LAB3-10",Negotiate,1044,"2025-04-17T07:02:12.2875171Z",11,CredPro,Administrator
"Apr 17, 2025 @ 12:36:44.949",4624,"LAB3-10",Negotiate,1044,"2025-04-17T06:33:55.8791828Z",5,Advapi,SYSTEM
"Apr 17, 2025 @ 12:36:44.949",4624,"LAB3-10",Negotiate,1044,"2025-04-17T06:52:34.4679583Z",5,Advapi,SYSTEM
"Apr 17, 2025 @ 12:36:44.949",4624,"LAB3-10",Negotiate,1044,"2025-04-17T06:57:51.5619984Z",5,Advapi,SYSTEM
"Apr 17, 2025 @ 12:36:44.948",4624,"LAB3-10",Kerberos,1044,"2025-04-17T06:08:10.7517885Z",3,Kerberos,"LAB3-10$"
"Apr 17, 2025 @ 12:36:44.948",4624,"LAB3-10",Negotiate,1044,"2025-04-17T05:23:18.3297014Z",5,Advapi,SYSTEM
"Apr 17, 2025 @ 12:36:44.948",4624,"LAB3-10",Negotiate,1044,"2025-04-17T06:11:27.6532016Z",5,Advapi,SYSTEM
"Apr 17, 2025 @ 12:36:44.948",4624,"LAB3-10",Negotiate,1044,"2025-04-17T06:19:04.0669816Z",5,Advapi,SYSTEM
"Apr 17, 2025 @ 12:36:44.947",4624,"LAB3-10",Negotiate,1044,"2025-04-17T06:03:31.1843508Z",5,Advapi,SYSTEM
"Apr 17, 2025 @ 12:36:44.947",4624,"LAB3-10",Kerberos,1044,"2025-04-17T06:08:10.3594153Z",3,Kerberos,"LAB3-10$"
"Apr 17, 2025 @ 12:36:44.946",4624,"LAB3-10",Negotiate,1044,"2025-04-17T05:48:19.1823018Z",5,Advapi,SYSTEM
"Apr 17, 2025 @ 12:36:44.946",4624,"LAB3-10",Negotiate,1044,"2025-04-17T05:55:59.5193333Z",5,Advapi,SYSTEM
"Apr 17, 2025 @ 12:36:44.946",4624,"LAB3-10",Negotiate,1044,"2025-04-17T05:30:15.3583579Z",5,Advapi,SYSTEM
"Apr 17, 2025 @ 12:36:44.946",4624,"LAB3-10",Negotiate,1044,"2025-04-17T05:30:15.4020092Z",5,Advapi,SYSTEM
"Apr 17, 2025 @ 12:36:44.945",4624,"LAB3-10",Negotiate,1044,"2025-04-17T05:21:18.4711108Z",5,Advapi,SYSTEM
"Apr 17, 2025 @ 12:36:44.945",4624,"LAB3-10",Negotiate,1044,"2025-04-17T05:27:33.6226648Z",5,Advapi,SYSTEM
"Apr 17, 2025 @ 12:36:44.945",4624,"LAB3-10",Negotiate,1044,"2025-04-17T05:23:50.2516124Z",5,Advapi,SYSTEM
"Apr 17, 2025 @ 12:36:44.944",4624,"LAB3-10",Negotiate,1044,"2025-04-17T05:16:41.3162159Z",5,Advapi,SYSTEM
"Apr 17, 2025 @ 12:36:44.944",4624,"LAB3-10",Negotiate,1044,"2025-04-17T05:16:42.7303759Z",5,Advapi,SYSTEM
"Apr 17, 2025 @ 12:36:44.944",4624,"LAB3-10",Negotiate,1044,"2025-04-17T05:17:04.6969920Z",5,Advapi,SYSTEM
"Apr 17, 2025 @ 12:36:44.944",4624,"LAB3-10",Negotiate,1044,"2025-04-17T05:16:41.2740903Z",5,Advapi,SYSTEM
"Apr 17, 2025 @ 12:36:44.944",4624,"LAB3-10",Negotiate,1044,"2025-04-17T05:16:41.2462699Z",5,Advapi,SYSTEM
"Apr 17, 2025 @ 12:36:44.943",4624,"LAB3-10",Negotiate,1044,"2025-04-17T05:16:10.4450096Z",5,Advapi,SYSTEM
"Apr 17, 2025 @ 12:36:44.943",4624,"LAB3-10",Negotiate,1044,"2025-04-17T05:16:10.4615334Z",5,Advapi,SYSTEM
"Apr 17, 2025 @ 12:36:44.943",4624,"LAB3-10",Negotiate,1044,"2025-04-17T05:14:29.6993954Z",5,Advapi,SYSTEM
"Apr 17, 2025 @ 12:36:44.943",4624,"LAB3-10",Negotiate,1044,"2025-04-17T05:15:10.0552755Z",5,Advapi,SYSTEM
"Apr 17, 2025 @ 12:36:44.942",4624,"LAB3-10",Negotiate,1044,"2025-04-17T05:13:00.4581961Z",5,Advapi,SYSTEM
"Apr 17, 2025 @ 12:36:44.942",4624,"LAB3-10",Negotiate,1044,"2025-04-17T05:13:00.5743039Z",5,Advapi,SYSTEM
"Apr 17, 2025 @ 12:36:44.941",4624,"LAB3-10",Negotiate,1044,"2025-04-17T05:10:24.2472465Z",5,Advapi,SYSTEM
"Apr 17, 2025 @ 12:36:44.941",4624,"DESKTOP-5JEIKFF",Negotiate,1012,"2025-04-17T07:31:48.4491420Z",5,Advapi,SYSTEM
"Apr 17, 2025 @ 12:36:44.941",4624,"LAB3-10",Negotiate,1044,"2025-04-17T05:10:23.3332476Z",5,Advapi,SYSTEM
"Apr 17, 2025 @ 12:36:44.941",4624,"LAB3-10",Negotiate,1044,"2025-04-17T05:11:17.3118317Z",5,Advapi,SYSTEM
"Apr 17, 2025 @ 12:36:44.940",4624,"LAB3-10",Negotiate,1044,"2025-04-17T05:08:05.7005647Z",5,Advapi,SYSTEM
"Apr 17, 2025 @ 12:36:44.940",4624,"LAB3-10",Negotiate,1044,"2025-04-17T05:07:18.0098670Z",5,Advapi,"SQLTELEMETRY$SQLEXPRESS"
"Apr 17, 2025 @ 12:36:44.939",4624,"LAB3-10",Negotiate,1044,"2025-04-17T05:07:16.3945914Z",5,Advapi,MSSQLSERVER
"Apr 17, 2025 @ 12:36:44.939",4624,"LAB3-10",Negotiate,1044,"2025-04-17T05:07:17.8062146Z",5,Advapi,SQLTELEMETRY
"Apr 17, 2025 @ 12:36:44.938",4624,"LAB3-10",Negotiate,1044,"2025-04-17T05:06:27.2079810Z",5,Advapi,SYSTEM
"Apr 17, 2025 @ 12:36:44.937",4624,"LAB3-10",Negotiate,1044,"2025-04-17T05:07:09.4298334Z",5,Advapi,SYSTEM
"Apr 17, 2025 @ 12:36:44.937",4624,"LAB3-10",Negotiate,1044,"2025-04-17T05:07:15.3156237Z",5,Advapi,"MSSQL$SQLEXPRESS"
"Apr 17, 2025 @ 12:36:44.936",4624,"LAB3-10",Negotiate,1044,"2025-04-17T05:07:05.4983571Z",5,Advapi,SYSTEM
"Apr 17, 2025 @ 12:36:44.936",4624,"LAB3-10",Negotiate,1044,"2025-04-17T05:06:27.1943173Z",5,Advapi,SYSTEM
"Apr 17, 2025 @ 12:36:44.935",4624,"LAB3-10",Negotiate,1044,"2025-04-17T05:06:26.1768231Z",5,Advapi,SYSTEM
"Apr 17, 2025 @ 12:36:44.934",4624,"LAB3-10",Negotiate,1044,"2025-04-17T05:06:26.1482327Z",5,Advapi,SYSTEM
"Apr 17, 2025 @ 12:36:44.933",4624,"LAB3-10",Negotiate,1044,"2025-04-17T05:06:22.7336717Z",5,Advapi,SYSTEM
"Apr 17, 2025 @ 12:36:44.933",4624,"LAB3-10",Negotiate,1044,"2025-04-17T05:06:21.3608564Z",5,Advapi,SYSTEM
"Apr 17, 2025 @ 12:36:44.933",4624,"LAB3-10",Negotiate,1044,"2025-04-17T05:06:21.1193549Z",5,Advapi,SYSTEM
"Apr 17, 2025 @ 12:36:44.932",4624,"LAB3-10",Negotiate,1044,"2025-04-17T05:06:17.4520623Z",5,Advapi,SYSTEM
"Apr 17, 2025 @ 12:36:44.932",4624,"LAB3-10",Negotiate,1044,"2025-04-17T05:06:21.0465909Z",5,Advapi,SYSTEM
"Apr 17, 2025 @ 12:36:44.931",4624,"LAB3-10",Negotiate,1044,"2025-04-17T05:06:17.3899338Z",7,Negotiat,"ack.user"
"Apr 17, 2025 @ 12:36:44.930",4624,"LAB3-10",Negotiate,1044,"2025-04-17T05:06:17.3510587Z",11,User32,"ack.user"
"Apr 17, 2025 @ 12:36:44.930",4624,"LAB3-10",Negotiate,1044,"2025-04-17T05:06:14.0577459Z",5,Advapi,SYSTEM
"Apr 17, 2025 @ 12:36:44.929",4624,"LAB3-10",Negotiate,1044,"2025-04-17T05:06:13.4358279Z",5,Advapi,SYSTEM
"Apr 17, 2025 @ 12:36:44.929",4624,"LAB3-10",Negotiate,1044,"2025-04-17T05:06:13.9798025Z",5,Advapi,SYSTEM
"Apr 17, 2025 @ 12:36:44.927",4624,"LAB3-10",Kerberos,1044,"2025-04-17T05:06:12.6831366Z",3,Kerberos,"LAB3-10$"
"Apr 17, 2025 @ 12:36:44.927",4624,"LAB3-10",Kerberos,1044,"2025-04-17T05:06:13.0047148Z",3,Kerberos,"LAB3-10$"
"Apr 17, 2025 @ 12:36:44.926",4624,"LAB3-10",Negotiate,1044,"2025-04-17T05:06:12.4827560Z",5,Advapi,SYSTEM
"Apr 17, 2025 @ 12:36:44.926",4624,"LAB3-10",Kerberos,1044,"2025-04-17T05:06:12.6732451Z",3,Kerberos,"LAB3-10$"
"Apr 17, 2025 @ 12:36:44.925",4624,"LAB3-10",Negotiate,1044,"2025-04-17T05:06:11.9874042Z",5,Advapi,SYSTEM
"Apr 17, 2025 @ 12:36:44.925",4624,"LAB3-10",Negotiate,1044,"2025-04-17T05:06:12.0414939Z",5,Advapi,SYSTEM
"Apr 17, 2025 @ 12:36:44.925",4624,"LAB3-10",Negotiate,1044,"2025-04-16T11:56:22.7640700Z",5,Advapi,SYSTEM
"Apr 17, 2025 @ 12:36:44.925",4624,"LAB3-10",Negotiate,1044,"2025-04-17T05:06:11.9713264Z",5,Advapi,SYSTEM
"Apr 17, 2025 @ 12:36:44.925",4624,"LAB3-10",Negotiate,1044,"2025-04-17T05:06:12.0800055Z",5,Advapi,SYSTEM
"Apr 17, 2025 @ 12:36:44.925",4624,"LAB3-10",Kerberos,1044,"2025-04-17T05:06:12.1192161Z",3,Kerberos,"LAB3-10$"
"Apr 17, 2025 @ 12:36:44.924",4624,"LAB3-10",Negotiate,1044,"2025-04-16T11:55:30.2685597Z",5,Advapi,SYSTEM
"Apr 17, 2025 @ 12:36:44.924",4624,"LAB3-10",Negotiate,1044,"2025-04-16T11:56:09.3630074Z",5,Advapi,SYSTEM
"Apr 17, 2025 @ 12:36:44.924",4624,"LAB3-10",Negotiate,1044,"2025-04-16T11:55:27.9399401Z",5,Advapi,SYSTEM
"Apr 17, 2025 @ 12:36:44.924",4624,"LAB3-10",Negotiate,1044,"2025-04-16T11:55:56.4152660Z",5,Advapi,SYSTEM
"Apr 17, 2025 @ 12:36:44.924",4624,"LAB3-10",Negotiate,1044,"2025-04-16T11:56:09.3208444Z",5,Advapi,SYSTEM
"Apr 17, 2025 @ 12:36:44.924",4624,"LAB3-10",Negotiate,1044,"2025-04-16T11:55:29.4810453Z",5,Advapi,SYSTEM
"Apr 17, 2025 @ 12:36:44.924",4624,"LAB3-10",Negotiate,1044,"2025-04-16T11:55:30.1867842Z",5,Advapi,SYSTEM
"Apr 17, 2025 @ 12:36:44.924",4624,"LAB3-10",NTLM,1044,"2025-04-16T11:56:09.1387953Z",3,NtLmSsp,Administrator
"Apr 17, 2025 @ 12:36:44.924",4624,"LAB3-10",Negotiate,1044,"2025-04-16T11:56:09.3206531Z",5,Advapi,SYSTEM
"Apr 17, 2025 @ 12:36:44.923",4624,"LAB3-10",Negotiate,1044,"2025-04-16T11:55:27.7869369Z",5,Advapi,SYSTEM
"Apr 17, 2025 @ 12:36:44.923",4624,"LAB3-10",Negotiate,1044,"2025-04-16T11:55:27.7878874Z",5,Advapi,SYSTEM
"Apr 17, 2025 @ 12:36:44.923",4624,"LAB3-10",Negotiate,1044,"2025-04-16T11:55:27.7881530Z",5,Advapi,SYSTEM
"Apr 17, 2025 @ 12:36:44.923",4624,"LAB3-10",Negotiate,1044,"2025-04-16T11:55:27.8236381Z",5,Advapi,SYSTEM
"Apr 17, 2025 @ 12:36:44.922",4624,"LAB3-10",Negotiate,1044,"2025-04-16T11:55:27.7865499Z",5,Advapi,SYSTEM
"Apr 17, 2025 @ 12:36:44.922",4624,"LAB3-10",Negotiate,1044,"2025-04-16T11:55:27.7863541Z",5,Advapi,SYSTEM
"Apr 17, 2025 @ 12:36:44.921",4624,"LAB3-10",Negotiate,1044,"2025-04-16T11:55:27.7847824Z",5,Advapi,SYSTEM
"Apr 17, 2025 @ 12:36:44.921",4624,"LAB3-10",Negotiate,1044,"2025-04-16T11:55:27.7850596Z",5,Advapi,SYSTEM
"Apr 17, 2025 @ 12:36:44.921",4624,"LAB3-10",Negotiate,1044,"2025-04-16T11:55:27.7101419Z",5,Advapi,SYSTEM
"Apr 17, 2025 @ 12:36:44.921",4624,"LAB3-10",Negotiate,1044,"2025-04-16T11:55:27.7398587Z",5,Advapi,SYSTEM
"Apr 14, 2025 @ 22:29:33.114",4624,"DESKTOP-5JEIKFF",Negotiate,1016,"2025-04-14T17:29:32.0311963Z",5,Advapi,SYSTEM
"Apr 14, 2025 @ 22:29:12.620",4624,"DESKTOP-5JEIKFF",Negotiate,1016,"2025-04-14T17:29:11.5288122Z",5,Advapi,SYSTEM
"Apr 14, 2025 @ 22:27:23.260",4624,"DESKTOP-5JEIKFF",Negotiate,1016,"2025-04-14T17:27:22.1148986Z",5,Advapi,SYSTEM
"Apr 14, 2025 @ 22:26:44.126",4624,"LAB3-09",Negotiate,1068,"2025-04-14T17:26:41.5481947Z",5,Advapi,SYSTEM
"Apr 14, 2025 @ 22:25:28.717",4624,"LAB3-10",Negotiate,1068,"2025-04-14T17:26:08.3054706Z",5,Advapi,SYSTEM
"Apr 14, 2025 @ 22:21:04.799",4624,"LAB3-11",Negotiate,1032,"2025-04-14T17:21:42.4570864Z",5,Advapi,SYSTEM
"Apr 14, 2025 @ 22:20:53.584",4624,"LAB3-09",Negotiate,1068,"2025-04-14T17:20:50.9731333Z",5,Advapi,SYSTEM
"Apr 14, 2025 @ 22:20:41.370",4624,"LAB3-09",Negotiate,1068,"2025-04-14T17:20:38.7572644Z",5,Advapi,SYSTEM
"Apr 14, 2025 @ 22:18:38.776",4624,"LAB3-11",Negotiate,1032,"2025-04-14T17:19:14.2015659Z",5,Advapi,SYSTEM
"Apr 14, 2025 @ 22:17:45.711",4624,"DESKTOP-5JEIKFF",Negotiate,1016,"2025-04-14T17:17:44.5189300Z",5,Advapi,SYSTEM
"Apr 14, 2025 @ 22:17:04.376",4624,"CP-AKT-002912",Kerberos,1064,"2025-04-14T17:17:16.0868975Z",3,Kerberos,"ADMANAGER$"
"Apr 14, 2025 @ 22:17:04.362",4624,"CP-AKT-002912",NTLM,1064,"2025-04-14T17:17:16.0828429Z",3,NtLmSsp,"ADMANAGER$"
"Apr 14, 2025 @ 22:17:04.343",4624,"CP-AKT-002912",Kerberos,1064,"2025-04-14T17:17:16.0689311Z",3,Kerberos,Administrator
"Apr 14, 2025 @ 22:17:04.328",4624,"CP-AKT-002912",NTLM,1064,"2025-04-14T17:17:16.0516221Z",3,NtLmSsp,Administrator
"Apr 14, 2025 @ 22:17:04.313",4624,"CP-AKT-002912",Negotiate,1064,"2025-04-14T17:16:45.9373923Z",5,Advapi,SYSTEM
"Apr 14, 2025 @ 22:17:04.298",4624,"CP-AKT-002912",Negotiate,1064,"2025-04-14T17:16:45.9100585Z",5,Advapi,SYSTEM
"Apr 14, 2025 @ 22:17:04.282",4624,"CP-AKT-002912",Negotiate,1064,"2025-04-14T17:16:37.4441787Z",5,Advapi,SYSTEM
"Apr 14, 2025 @ 22:17:04.269",4624,"CP-AKT-002912",Negotiate,1064,"2025-04-14T17:16:37.3031940Z",5,Advapi,SYSTEM
"Apr 14, 2025 @ 22:17:04.268",4624,"CP-AKT-002912",Negotiate,1064,"2025-04-14T17:16:37.2707285Z",5,Advapi,SYSTEM
"Apr 14, 2025 @ 22:16:43.861",4624,"DESKTOP-5JEIKFF",Negotiate,1016,"2025-04-14T17:16:42.6739006Z",5,Advapi,SYSTEM
"Apr 14, 2025 @ 22:16:40.673",4624,"DESKTOP-5JEIKFF",Negotiate,1016,"2025-04-14T17:16:39.4825003Z",5,Advapi,SYSTEM
"Apr 14, 2025 @ 22:16:39.233",4624,"DESKTOP-5JEIKFF",Negotiate,1016,"2025-04-14T17:16:38.9197214Z",5,Advapi,SYSTEM
"Apr 14, 2025 @ 22:16:39.227",4624,"DESKTOP-5JEIKFF",Negotiate,1016,"2025-04-14T17:16:38.0479231Z",5,Advapi,SYSTEM
"Apr 14, 2025 @ 22:16:39.222",4624,"DESKTOP-5JEIKFF",Negotiate,1016,"2025-04-14T17:16:38.0325894Z",5,Advapi,SYSTEM
"Apr 14, 2025 @ 22:16:39.181",4624,"DESKTOP-5JEIKFF",Negotiate,1016,"2025-04-14T17:16:37.9959270Z",5,Advapi,SYSTEM
"Apr 14, 2025 @ 22:16:22.588",4624,"LAB3-10",Negotiate,1068,"2025-04-14T17:17:02.2088678Z",5,Advapi,SYSTEM
"Apr 14, 2025 @ 22:13:21.792",4624,"LAB3-11",Negotiate,1032,"2025-04-14T17:13:46.0237377Z",5,Advapi,SYSTEM
"Apr 14, 2025 @ 22:13:19.341",4624,"LAB3-09",Negotiate,1068,"2025-04-14T17:13:16.7370487Z",5,Advapi,SYSTEM
"Apr 14, 2025 @ 22:11:49.906",4624,"LAB3-09",Negotiate,1068,"2025-04-14T17:11:47.3144799Z",5,Advapi,SYSTEM
"Apr 14, 2025 @ 22:11:49.903",4624,"LAB3-09",Negotiate,1068,"2025-04-14T17:11:47.3121731Z",5,Advapi,SYSTEM
"Apr 14, 2025 @ 22:10:53.250",4624,"LAB3-10",Negotiate,1068,"2025-04-14T17:11:32.8981226Z",5,Advapi,SYSTEM
"Apr 14, 2025 @ 22:09:57.904",4624,"DESKTOP-5JEIKFF",Negotiate,1016,"2025-04-14T17:09:56.7216872Z",5,Advapi,SYSTEM
"Apr 14, 2025 @ 22:07:40.286",4624,"LAB3-11",Negotiate,1032,"2025-04-14T17:07:34.8150960Z",5,Advapi,SYSTEM
"Apr 14, 2025 @ 22:06:47.477",4624,"DESKTOP-5JEIKFF",Negotiate,1016,"2025-04-14T17:06:46.3003457Z",5,Advapi,SYSTEM
"Apr 14, 2025 @ 22:05:13.446",4624,"DESKTOP-5JEIKFF",Negotiate,1016,"2025-04-14T17:05:12.2694144Z",5,Advapi,SYSTEM
"Apr 14, 2025 @ 22:01:17.735",4624,"DESKTOP-5JEIKFF",Negotiate,1016,"2025-04-14T17:01:16.5619589Z",5,Advapi,SYSTEM
"Apr 14, 2025 @ 22:01:15.577",4624,"LAB3-09",Negotiate,1068,"2025-04-14T17:01:13.0017891Z",5,Advapi,SYSTEM
"Apr 14, 2025 @ 22:01:15.572",4624,"LAB3-09",Negotiate,1068,"2025-04-14T17:01:12.9994808Z",5,Advapi,SYSTEM
"Apr 14, 2025 @ 22:00:56.702",4624,"DESKTOP-5JEIKFF",Negotiate,1016,"2025-04-14T17:00:55.5327253Z",5,Advapi,SYSTEM
"Apr 14, 2025 @ 22:00:50.730",4624,"DESKTOP-5JEIKFF",Negotiate,1016,"2025-04-14T17:00:49.9726527Z",5,Advapi,SYSTEM
"Apr 14, 2025 @ 22:00:50.725",4624,"DESKTOP-5JEIKFF",Negotiate,1016,"2025-04-14T17:00:49.5674609Z",5,Advapi,SYSTEM
"Apr 14, 2025 @ 22:00:50.722",4624,"DESKTOP-5JEIKFF",Negotiate,1016,"2025-04-14T17:00:49.5585882Z",5,Advapi,SYSTEM
"Apr 14, 2025 @ 21:55:01.499",4624,"LAB3-10",Negotiate,1068,"2025-04-14T16:55:41.2067221Z",5,Advapi,SYSTEM
"Apr 14, 2025 @ 21:53:49.559",4624,"LAB3-11",Negotiate,1032,"2025-04-14T16:53:44.2595354Z",5,Advapi,SYSTEM
"Apr 14, 2025 @ 21:52:30.677",4624,"LAB3-09",Negotiate,1068,"2025-04-14T16:52:28.1101257Z",5,Advapi,SYSTEM
"Apr 14, 2025 @ 21:51:43.488",4624,"DESKTOP-5JEIKFF",Negotiate,1016,"2025-04-14T16:51:42.3368161Z",5,Advapi,SYSTEM
"Apr 14, 2025 @ 21:49:49.698",4624,"DESKTOP-5JEIKFF",Negotiate,1016,"2025-04-14T16:49:48.5542406Z",5,Advapi,SYSTEM
"Apr 14, 2025 @ 21:49:41.356",4624,"DESKTOP-5JEIKFF",Negotiate,1016,"2025-04-14T16:49:40.2152589Z",5,Advapi,SYSTEM
"Apr 14, 2025 @ 21:49:41.310",4624,"DESKTOP-5JEIKFF",Negotiate,1016,"2025-04-14T16:49:40.1726574Z",5,Advapi,SYSTEM
"Apr 14, 2025 @ 21:43:42.586",4624,"LAB3-09",Negotiate,1068,"2025-04-14T16:43:40.0416309Z",5,Advapi,SYSTEM
"Apr 14, 2025 @ 21:43:40.942",4624,"DESKTOP-5JEIKFF",Negotiate,1016,"2025-04-14T16:43:40.0560236Z",5,Advapi,SYSTEM
"Apr 14, 2025 @ 21:43:40.939",4624,"DESKTOP-5JEIKFF",Negotiate,1016,"2025-04-14T16:43:39.8223591Z",5,Advapi,SYSTEM
"Apr 14, 2025 @ 21:43:11.825",4624,"LAB3-09",Negotiate,1068,"2025-04-14T16:43:09.2881115Z",5,Advapi,SYSTEM
"Apr 14, 2025 @ 21:42:58.824",4624,"DESKTOP-5JEIKFF",Negotiate,1016,"2025-04-14T16:42:57.7048095Z",5,Advapi,SYSTEM
"Apr 14, 2025 @ 21:40:42.747",4624,"LAB3-10",Negotiate,1068,"2025-04-14T16:41:22.5143500Z",5,Advapi,SYSTEM
"Apr 14, 2025 @ 21:39:39.553",4624,"DESKTOP-5JEIKFF",Negotiate,1016,"2025-04-14T16:39:38.4449564Z",5,Advapi,SYSTEM
"Apr 14, 2025 @ 21:39:09.192",4624,"LAB3-11",Negotiate,1032,"2025-04-14T16:39:04.1047181Z",5,Advapi,SYSTEM
"Apr 14, 2025 @ 21:38:32.829",4624,"LAB3-11",Negotiate,1032,"2025-04-14T16:38:27.7595355Z",5,Advapi,SYSTEM
"Apr 14, 2025 @ 21:37:42.961",4624,"LAB3-11",Negotiate,1032,"2025-04-14T16:37:38.2417295Z",5,Advapi,SYSTEM
"Apr 14, 2025 @ 21:37:42.960",4624,"LAB3-11",Negotiate,1032,"2025-04-14T16:37:37.8975712Z",5,Advapi,SYSTEM
"Apr 14, 2025 @ 21:37:38.823",4624,"LAB3-11",Negotiate,1032,"2025-04-14T16:37:33.7588899Z",5,Advapi,SYSTEM
"Apr 14, 2025 @ 21:37:28.931",4624,"LAB3-09",Negotiate,1068,"2025-04-14T16:37:26.4277619Z",5,Advapi,SYSTEM
"Apr 14, 2025 @ 21:32:07.707",4624,"DESKTOP-5JEIKFF",Negotiate,1016,"2025-04-14T16:32:06.6131038Z",5,Advapi,SYSTEM
"Apr 14, 2025 @ 21:31:44.800",4624,"LAB3-11",Negotiate,1032,"2025-04-14T16:31:39.7553444Z",5,Advapi,SYSTEM
"Apr 14, 2025 @ 21:31:19.633",4624,"LAB3-11",Negotiate,1032,"2025-04-14T16:31:14.5787495Z",5,Advapi,SYSTEM
"Apr 14, 2025 @ 21:31:11.433",4624,"LAB3-09",Negotiate,1068,"2025-04-14T16:31:09.7711678Z",5,Advapi,SYSTEM
"Apr 14, 2025 @ 21:31:11.433",4624,"LAB3-09",Negotiate,1068,"2025-04-14T16:31:08.9369549Z",5,Advapi,SYSTEM
"Apr 14, 2025 @ 21:30:42.114",4624,"LAB3-11",Negotiate,1032,"2025-04-14T16:30:37.7043343Z",5,Advapi,SYSTEM
"Apr 14, 2025 @ 21:30:42.113",4624,"LAB3-11",Negotiate,1032,"2025-04-14T16:30:37.0656328Z",5,Advapi,SYSTEM
"Apr 14, 2025 @ 21:30:40.710",4624,"LAB3-10",Negotiate,1068,"2025-04-14T16:31:21.1024378Z",5,Advapi,SYSTEM
"Apr 14, 2025 @ 21:30:40.709",4624,"LAB3-10",Negotiate,1068,"2025-04-14T16:31:20.5405821Z",5,Advapi,SYSTEM
"Apr 14, 2025 @ 21:30:01.971",4624,"DESKTOP-5JEIKFF",Negotiate,1016,"2025-04-14T16:30:00.8847263Z",5,Advapi,SYSTEM
"Apr 14, 2025 @ 21:30:00.041",4624,"DESKTOP-5JEIKFF",Negotiate,1016,"2025-04-14T16:29:58.9549718Z",5,Advapi,SYSTEM
"Apr 14, 2025 @ 21:29:22.518",4624,"DESKTOP-5JEIKFF",Negotiate,1016,"2025-04-14T16:29:21.4251447Z",5,Advapi,SYSTEM
"Apr 14, 2025 @ 21:28:27.041",4624,"LAB3-09",Negotiate,1068,"2025-04-14T16:28:24.5339098Z",5,Advapi,SYSTEM
"Apr 14, 2025 @ 21:27:26.919",4624,"DESKTOP-5JEIKFF",Negotiate,1016,"2025-04-14T16:27:25.8919916Z",5,Advapi,SYSTEM
"Apr 14, 2025 @ 21:27:26.910",4624,"DESKTOP-5JEIKFF",Negotiate,1016,"2025-04-14T16:27:25.8178876Z",5,Advapi,SYSTEM
"Apr 14, 2025 @ 21:26:15.659",4624,"DESKTOP-5JEIKFF",Negotiate,1016,"2025-04-14T16:26:14.5707126Z",5,Advapi,SYSTEM
"Apr 14, 2025 @ 21:25:36.826",4624,"LAB3-10",Negotiate,1068,"2025-04-14T16:26:16.6661679Z",5,Advapi,SYSTEM
"Apr 14, 2025 @ 21:25:27.428",4624,"DESKTOP-5JEIKFF",Negotiate,1016,"2025-04-14T16:25:26.3664906Z",5,Advapi,SYSTEM
"Apr 14, 2025 @ 21:25:27.425",4624,"DESKTOP-5JEIKFF",Negotiate,1016,"2025-04-14T16:25:26.3403507Z",5,Advapi,SYSTEM
"Apr 14, 2025 @ 21:22:13.802",4624,"LAB3-11",Negotiate,1032,"2025-04-14T16:22:08.8052307Z",5,Advapi,SYSTEM
"Apr 14, 2025 @ 21:20:40.807",4624,"LAB3-09",Negotiate,1068,"2025-04-14T16:20:38.3151350Z",5,Advapi,SYSTEM
"Apr 14, 2025 @ 21:19:16.057",4624,"DESKTOP-5JEIKFF",Negotiate,1016,"2025-04-14T16:19:14.9732957Z",5,Advapi,SYSTEM
"Apr 14, 2025 @ 21:17:51.882",4624,"DESKTOP-5JEIKFF",Negotiate,1016,"2025-04-14T16:17:50.8291795Z",5,Advapi,SYSTEM
"Apr 14, 2025 @ 21:17:51.879",4624,"DESKTOP-5JEIKFF",Negotiate,1016,"2025-04-14T16:17:50.7993867Z",5,Advapi,SYSTEM
"Apr 14, 2025 @ 21:17:49.628",4624,"DESKTOP-5JEIKFF",Negotiate,1016,"2025-04-14T16:17:48.5443350Z",5,Advapi,SYSTEM
"Apr 14, 2025 @ 21:15:53.118",4624,"CP-AKT-002912",Negotiate,1064,"2025-04-14T16:16:06.2343709Z",5,Advapi,SYSTEM
"Apr 14, 2025 @ 21:15:53.102",4624,"CP-AKT-002912",Kerberos,1064,"2025-04-14T16:16:06.1058624Z",3,Kerberos,"ADMANAGER$"
"Apr 14, 2025 @ 21:15:53.087",4624,"CP-AKT-002912",NTLM,1064,"2025-04-14T16:16:06.1033400Z",3,NtLmSsp,"ADMANAGER$"
"Apr 14, 2025 @ 21:15:53.079",4624,"CP-AKT-002912",NTLM,1064,"2025-04-14T16:16:06.0742027Z",3,NtLmSsp,Administrator
"Apr 14, 2025 @ 21:15:53.079",4624,"CP-AKT-002912",Kerberos,1064,"2025-04-14T16:16:06.0924959Z",3,Kerberos,Administrator
"Apr 14, 2025 @ 21:14:36.977",4624,"LAB3-09",Negotiate,1068,"2025-04-14T16:14:34.5054237Z",5,Advapi,SYSTEM
"Apr 14, 2025 @ 21:14:36.975",4624,"LAB3-09",Negotiate,1068,"2025-04-14T16:14:34.4750713Z",5,Advapi,SYSTEM
"Apr 14, 2025 @ 21:11:09.436",4624,"LAB3-09",Negotiate,1068,"2025-04-14T16:11:06.9388154Z",5,Advapi,SYSTEM
"Apr 14, 2025 @ 21:11:09.433",4624,"LAB3-09",Negotiate,1068,"2025-04-14T16:11:06.9369287Z",5,Advapi,SYSTEM
"Apr 14, 2025 @ 21:11:08.487",4624,"LAB3-11",Kerberos,1032,"2025-04-14T16:11:03.8213628Z",3,Kerberos,"LAB3-11$"
"Apr 14, 2025 @ 21:11:08.476",4624,"LAB3-11",Kerberos,1032,"2025-04-14T16:11:03.4762318Z",3,Kerberos,"LAB3-11$"
"Apr 14, 2025 @ 21:11:01.252",4624,"DESKTOP-5JEIKFF",Negotiate,1016,"2025-04-14T16:11:00.1756367Z",5,Advapi,SYSTEM
"Apr 14, 2025 @ 21:10:57.373",4624,"DESKTOP-5JEIKFF",Negotiate,1016,"2025-04-14T16:10:56.4778413Z",5,Advapi,SYSTEM
"Apr 14, 2025 @ 21:10:57.360",4624,"DESKTOP-5JEIKFF",Negotiate,1016,"2025-04-14T16:10:56.2860156Z",5,Advapi,SYSTEM
"Apr 14, 2025 @ 21:10:54.754",4624,"DESKTOP-5JEIKFF",Negotiate,1016,"2025-04-14T16:10:53.6732668Z",5,Advapi,SYSTEM
"Apr 14, 2025 @ 21:10:53.115",4624,"LAB3-10",Negotiate,1068,"2025-04-14T16:11:32.9652196Z",5,Advapi,SYSTEM
"Apr 14, 2025 @ 21:06:55.682",4624,"DESKTOP-5JEIKFF",Negotiate,1016,"2025-04-14T16:06:54.6084383Z",5,Advapi,SYSTEM
"Apr 14, 2025 @ 21:06:11.106",4624,"LAB3-10",Negotiate,1068,"2025-04-14T16:06:50.9958368Z",5,Advapi,SYSTEM
"Apr 14, 2025 @ 21:05:04.345",4624,"LAB3-10",Negotiate,1068,"2025-04-14T16:05:44.2465213Z",5,Advapi,SYSTEM
"Apr 14, 2025 @ 21:01:37.088",4624,"LAB3-09",Negotiate,1068,"2025-04-14T16:01:34.6078401Z",5,Advapi,SYSTEM
"Apr 14, 2025 @ 21:01:16.549",4624,"DESKTOP-5JEIKFF",Negotiate,1016,"2025-04-14T16:01:15.5571298Z",5,Advapi,SYSTEM
"Apr 14, 2025 @ 21:01:16.543",4624,"DESKTOP-5JEIKFF",Negotiate,1016,"2025-04-14T16:01:15.4769979Z",5,Advapi,SYSTEM
"Apr 14, 2025 @ 20:59:11.433",4624,"DESKTOP-5JEIKFF",Negotiate,1016,"2025-04-14T15:59:10.5590452Z",5,Advapi,SYSTEM
"Apr 14, 2025 @ 20:59:11.392",4624,"DESKTOP-5JEIKFF",Negotiate,1016,"2025-04-14T15:59:10.5148921Z",5,Advapi,SYSTEM
"Apr 14, 2025 @ 20:59:11.386",4624,"DESKTOP-5JEIKFF",Negotiate,1016,"2025-04-14T15:59:10.3740192Z",5,Advapi,SYSTEM
"Apr 14, 2025 @ 20:59:11.384",4624,"DESKTOP-5JEIKFF",Negotiate,1016,"2025-04-14T15:59:10.3207736Z",5,Advapi,SYSTEM
"Apr 14, 2025 @ 20:57:12.746",4624,"LAB3-09",Negotiate,1068,"2025-04-14T15:57:10.2729700Z",5,Advapi,SYSTEM
"Apr 14, 2025 @ 20:56:36.280",4624,"LAB3-10",Kerberos,1068,"2025-04-14T15:57:16.4028432Z",3,Kerberos,"LAB3-10$"
"Apr 14, 2025 @ 20:56:36.271",4624,"LAB3-10",Kerberos,1068,"2025-04-14T15:57:16.2162072Z",3,Kerberos,"LAB3-10$"
"Apr 14, 2025 @ 20:56:25.073",4624,"DESKTOP-5JEIKFF",Negotiate,1016,"2025-04-14T15:56:24.0048757Z",5,Advapi,SYSTEM
"Apr 14, 2025 @ 20:55:46.479",4624,"LAB3-09",Negotiate,1068,"2025-04-14T15:55:44.0067214Z",5,Advapi,SYSTEM
"Apr 14, 2025 @ 20:55:46.475",4624,"LAB3-09",Negotiate,1068,"2025-04-14T15:55:44.0046545Z",5,Advapi,SYSTEM
"Apr 14, 2025 @ 20:53:49.682",4624,"LAB3-11",Negotiate,1032,"2025-04-14T15:53:44.7754573Z",5,Advapi,SYSTEM
"Apr 14, 2025 @ 20:53:02.390",4624,"LAB3-10",Negotiate,1068,"2025-04-14T15:53:42.3574998Z",5,Advapi,SYSTEM
"Apr 14, 2025 @ 20:52:58.288",4624,"LAB3-10",Negotiate,1068,"2025-04-14T15:53:38.2543446Z",5,Advapi,SYSTEM
"Apr 14, 2025 @ 20:51:41.709",4624,"LAB3-09",Negotiate,1068,"2025-04-14T15:51:39.2336802Z",5,Advapi,SYSTEM
"Apr 14, 2025 @ 20:49:49.607",4624,"DESKTOP-5JEIKFF",Negotiate,1016,"2025-04-14T15:49:48.5387442Z",5,Advapi,SYSTEM
"Apr 14, 2025 @ 20:49:24.478",4624,"LAB3-10",Negotiate,1068,"2025-04-14T15:50:04.4514941Z",5,Advapi,SYSTEM
"Apr 14, 2025 @ 20:48:34.013",4624,"DESKTOP-5JEIKFF",Negotiate,1016,"2025-04-14T15:48:32.9499125Z",5,Advapi,SYSTEM
"Apr 14, 2025 @ 20:43:53.284",4624,"LAB3-10",Negotiate,1068,"2025-04-14T15:44:33.2626197Z",5,Advapi,SYSTEM
"Apr 14, 2025 @ 20:43:33.130",4624,"DESKTOP-5JEIKFF",Negotiate,1016,"2025-04-14T15:43:32.0620446Z",5,Advapi,SYSTEM
"Apr 14, 2025 @ 20:42:29.014",4624,"LAB3-10",Negotiate,1068,"2025-04-14T15:43:09.0929623Z",5,Advapi,SYSTEM
"Apr 14, 2025 @ 20:42:29.013",4624,"LAB3-10",Negotiate,1068,"2025-04-14T15:43:08.9680084Z",5,Advapi,SYSTEM
"Apr 14, 2025 @ 20:41:56.901",4624,"LAB3-09",Negotiate,1068,"2025-04-14T15:41:54.4318545Z",5,Advapi,SYSTEM
"Apr 14, 2025 @ 20:41:56.897",4624,"LAB3-09",Negotiate,1068,"2025-04-14T15:41:54.4300285Z",5,Advapi,SYSTEM
"Apr 14, 2025 @ 20:41:33.364",4624,"LAB3-11",Negotiate,1032,"2025-04-14T15:41:28.4881598Z",5,Advapi,SYSTEM
"Apr 14, 2025 @ 20:38:00.864",4624,"LAB3-10",Negotiate,1068,"2025-04-14T15:38:40.7848201Z",5,Advapi,SYSTEM
"Apr 14, 2025 @ 20:37:51.432",4624,"LAB3-09",Negotiate,1068,"2025-04-14T15:37:48.9462660Z",5,Advapi,SYSTEM
"Apr 14, 2025 @ 20:33:55.204",4624,"LAB3-10",Negotiate,1068,"2025-04-14T15:34:35.1568892Z",5,Advapi,SYSTEM
"Apr 14, 2025 @ 20:30:28.524",4624,"LAB3-09",Negotiate,1068,"2025-04-14T15:30:26.0367276Z",5,Advapi,SYSTEM
"Apr 14, 2025 @ 20:30:15.486",4624,"LAB3-11",Negotiate,1032,"2025-04-14T15:30:11.3026621Z",5,Advapi,SYSTEM
"Apr 14, 2025 @ 20:30:15.485",4624,"LAB3-11",Negotiate,1032,"2025-04-14T15:30:10.5860061Z",5,Advapi,SYSTEM
"Apr 14, 2025 @ 20:30:08.248",4624,"LAB3-10",Negotiate,1068,"2025-04-14T15:30:48.8583379Z",5,Advapi,SYSTEM
"Apr 14, 2025 @ 20:30:08.247",4624,"LAB3-10",Negotiate,1068,"2025-04-14T15:30:48.2236379Z",5,Advapi,SYSTEM
"Apr 14, 2025 @ 20:29:50.881",4624,"DESKTOP-5JEIKFF",Negotiate,1016,"2025-04-14T15:29:49.7988223Z",5,Advapi,SYSTEM
"Apr 14, 2025 @ 20:29:28.404",4624,"LAB3-09",Negotiate,1068,"2025-04-14T15:29:25.9262734Z",5,Advapi,SYSTEM
"Apr 14, 2025 @ 20:29:23.909",4624,"LAB3-09",Negotiate,1068,"2025-04-14T15:29:21.4145754Z",5,Advapi,SYSTEM
"Apr 14, 2025 @ 20:28:32.694",4624,"DESKTOP-5JEIKFF",Negotiate,1016,"2025-04-14T15:28:31.6218058Z",5,Advapi,SYSTEM
"Apr 14, 2025 @ 20:27:49.674",4624,"LAB3-11",Negotiate,1032,"2025-04-14T15:27:44.7931385Z",5,Advapi,SYSTEM
"Apr 14, 2025 @ 20:26:06.718",4624,"DESKTOP-5JEIKFF",Negotiate,1016,"2025-04-14T15:26:05.6394217Z",5,Advapi,SYSTEM
"Apr 14, 2025 @ 20:23:49.532",4624,"LAB3-11",Negotiate,1032,"2025-04-14T15:23:44.6776823Z",5,Advapi,SYSTEM
"Apr 14, 2025 @ 20:23:40.433",4624,"LAB3-11",Negotiate,1032,"2025-04-14T15:23:35.5777109Z",5,Advapi,SYSTEM
"Apr 14, 2025 @ 20:22:33.454",4624,"DESKTOP-5JEIKFF",Negotiate,1016,"2025-04-14T15:22:32.3815712Z",5,Advapi,SYSTEM
"Apr 14, 2025 @ 20:20:48.193",4624,"DESKTOP-5JEIKFF",Negotiate,1016,"2025-04-14T15:20:47.1198620Z",5,Advapi,SYSTEM
"Apr 14, 2025 @ 20:20:40.422",4624,"LAB3-09",Negotiate,1068,"2025-04-14T15:20:37.9426150Z",5,Advapi,SYSTEM
"Apr 14, 2025 @ 20:19:53.605",4624,"LAB3-11",Negotiate,1032,"2025-04-14T15:19:48.7857487Z",5,Advapi,SYSTEM
"Apr 14, 2025 @ 20:18:17.680",4624,"DESKTOP-5JEIKFF",Negotiate,1016,"2025-04-14T15:18:16.6149507Z",5,Advapi,SYSTEM
"Apr 14, 2025 @ 20:17:50.877",4624,"DESKTOP-5JEIKFF",Negotiate,1016,"2025-04-14T15:17:49.8063465Z",5,Advapi,SYSTEM
"Apr 14, 2025 @ 20:15:32.401",4624,"LAB3-11",Negotiate,1032,"2025-04-14T15:15:27.6216157Z",5,Advapi,SYSTEM
"Apr 14, 2025 @ 20:15:19.644",4624,"LAB3-10",Negotiate,1068,"2025-04-14T15:15:59.7200835Z",5,Advapi,SYSTEM
"Apr 14, 2025 @ 20:15:18.117",4624,"LAB3-10",Negotiate,1068,"2025-04-14T15:15:58.1967899Z",5,Advapi,SYSTEM
"Apr 14, 2025 @ 20:15:18.117",4624,"LAB3-10",Negotiate,1068,"2025-04-14T15:15:58.5135036Z",5,Advapi,SYSTEM
"Apr 14, 2025 @ 20:14:58.094",4624,"CP-AKT-002912",Kerberos,1064,"2025-04-14T15:15:03.1077708Z",3,Kerberos,"ADMANAGER$"
"Apr 14, 2025 @ 20:14:58.078",4624,"CP-AKT-002912",NTLM,1064,"2025-04-14T15:15:03.1051347Z",3,NtLmSsp,"ADMANAGER$"
"Apr 14, 2025 @ 20:14:58.062",4624,"CP-AKT-002912",Kerberos,1064,"2025-04-14T15:15:03.0938962Z",3,Kerberos,Administrator
"Apr 14, 2025 @ 20:14:58.047",4624,"CP-AKT-002912",NTLM,1064,"2025-04-14T15:15:03.0766967Z",3,NtLmSsp,Administrator
"Apr 14, 2025 @ 20:14:57.953",4624,"CP-AKT-002912",Kerberos,1064,"2025-04-14T14:13:44.0691748Z",3,Kerberos,"ADMANAGER$"
"Apr 14, 2025 @ 20:14:57.938",4624,"CP-AKT-002912",NTLM,1064,"2025-04-14T14:13:44.0667607Z",3,NtLmSsp,"ADMANAGER$"
"Apr 14, 2025 @ 20:14:57.921",4624,"CP-AKT-002912",Kerberos,1064,"2025-04-14T14:13:44.0570993Z",3,Kerberos,Administrator
"Apr 14, 2025 @ 20:14:57.906",4624,"CP-AKT-002912",NTLM,1064,"2025-04-14T14:13:44.0220195Z",3,NtLmSsp,Administrator
"Apr 14, 2025 @ 20:14:57.891",4624,"CP-AKT-002912",Negotiate,1064,"2025-04-14T14:13:42.1165971Z",5,Advapi,SYSTEM
"Apr 14, 2025 @ 20:14:57.796",4624,"CP-AKT-002912",Kerberos,1064,"2025-04-14T13:12:19.0704620Z",3,Kerberos,"ADMANAGER$"
"Apr 14, 2025 @ 20:14:57.781",4624,"CP-AKT-002912",NTLM,1064,"2025-04-14T13:12:19.0677487Z",3,NtLmSsp,"ADMANAGER$"
"Apr 14, 2025 @ 20:14:57.765",4624,"CP-AKT-002912",Kerberos,1064,"2025-04-14T13:12:19.0557573Z",3,Kerberos,Administrator
"Apr 14, 2025 @ 20:14:57.749",4624,"CP-AKT-002912",NTLM,1064,"2025-04-14T13:12:19.0381787Z",3,NtLmSsp,Administrator
"Apr 14, 2025 @ 20:14:57.734",4624,"CP-AKT-002912",Negotiate,1064,"2025-04-14T13:11:37.7794869Z",5,Advapi,SYSTEM
"Apr 14, 2025 @ 20:14:57.687",4624,"CP-AKT-002912",Kerberos,1064,"2025-04-14T12:36:16.7383620Z",3,Kerberos,"CP-AKT-002912$"
"Apr 14, 2025 @ 20:14:57.655",4624,"CP-AKT-002912",Kerberos,1064,"2025-04-14T12:36:16.3605657Z",3,Kerberos,"CP-AKT-002912$"
"Apr 14, 2025 @ 20:14:57.531",4624,"CP-AKT-002912",Kerberos,1064,"2025-04-14T12:10:10.5975571Z",3,Kerberos,"ADMANAGER$"
"Apr 14, 2025 @ 20:14:57.500",4624,"CP-AKT-002912",NTLM,1064,"2025-04-14T12:10:10.5922902Z",3,NtLmSsp,"ADMANAGER$"
"Apr 14, 2025 @ 20:14:57.468",4624,"CP-AKT-002912",Negotiate,1064,"2025-04-14T12:10:07.6269166Z",5,Advapi,SYSTEM
"Apr 14, 2025 @ 20:14:57.437",4624,"CP-AKT-002912",Kerberos,1064,"2025-04-14T12:10:07.2160555Z",3,Kerberos,Administrator
"Apr 14, 2025 @ 20:14:57.390",4624,"CP-AKT-002912",Kerberos,1064,"2025-04-14T12:10:07.1982225Z",3,Kerberos,Administrator
"Apr 14, 2025 @ 20:14:57.343",4624,"CP-AKT-002912",Negotiate,1064,"2025-04-14T12:09:28.4989863Z",5,Advapi,SYSTEM
"Apr 14, 2025 @ 20:14:57.312",4624,"CP-AKT-002912",Negotiate,1064,"2025-04-14T12:09:28.3065616Z",5,Advapi,SYSTEM
"Apr 14, 2025 @ 20:14:57.249",4624,"CP-AKT-002912",Negotiate,1064,"2025-04-14T11:40:53.4051786Z",5,Advapi,SYSTEM
"Apr 14, 2025 @ 20:14:57.218",4624,"CP-AKT-002912",Negotiate,1064,"2025-04-14T11:40:53.3412264Z",5,Advapi,SYSTEM
"Apr 14, 2025 @ 20:14:57.187",4624,"CP-AKT-002912",Negotiate,1064,"2025-04-14T11:14:52.5329324Z",5,Advapi,SYSTEM
"Apr 14, 2025 @ 20:14:57.155",4624,"CP-AKT-002912",Negotiate,1064,"2025-04-14T11:10:16.7633685Z",5,Advapi,SYSTEM
"Apr 14, 2025 @ 20:14:57.124",4624,"CP-AKT-002912",Negotiate,1064,"2025-04-14T11:10:15.2335383Z",5,Advapi,SYSTEM
"Apr 14, 2025 @ 20:14:57.077",4624,"CP-AKT-002912",Negotiate,1064,"2025-04-14T11:05:01.2807913Z",5,Advapi,SYSTEM
"Apr 14, 2025 @ 20:14:57.030",4624,"CP-AKT-002912",Negotiate,1064,"2025-04-14T11:05:01.2154203Z",5,Advapi,SYSTEM
"Apr 14, 2025 @ 20:14:56.968",4624,"CP-AKT-002912",Negotiate,1064,"2025-04-14T10:43:44.3560322Z",5,Advapi,SYSTEM
"Apr 14, 2025 @ 20:14:56.922",4624,"CP-AKT-002912",Negotiate,1064,"2025-04-14T10:41:57.8051370Z",5,Advapi,SYSTEM
"Apr 14, 2025 @ 20:14:56.796",4624,"CP-AKT-002912",Kerberos,1064,"2025-04-14T10:37:17.0355116Z",3,Kerberos,"CP-AKT-002912$"
"Apr 14, 2025 @ 20:14:56.704",4624,"CP-AKT-002912",Kerberos,1064,"2025-04-14T10:37:16.8672091Z",3,Kerberos,"CP-AKT-002912$"
"Apr 14, 2025 @ 20:14:56.657",4624,"CP-AKT-002912",Negotiate,1064,"2025-04-14T10:37:10.0514925Z",5,Advapi,SYSTEM
"Apr 14, 2025 @ 20:14:56.609",4624,"CP-AKT-002912",Negotiate,1064,"2025-04-14T10:37:05.1322716Z",5,Advapi,SYSTEM
"Apr 14, 2025 @ 20:14:56.562",4624,"CP-AKT-002912",Negotiate,1064,"2025-04-14T10:37:04.1332705Z",5,Advapi,SYSTEM
"Apr 14, 2025 @ 20:14:56.515",4624,"CP-AKT-002912",Negotiate,1064,"2025-04-14T10:35:06.4686622Z",5,Advapi,SYSTEM
"Apr 14, 2025 @ 20:14:56.452",4624,"CP-AKT-002912",Negotiate,1064,"2025-04-14T10:31:54.6058817Z",5,Advapi,SYSTEM
"Apr 14, 2025 @ 20:14:56.375",4624,"CP-AKT-002912",Negotiate,1064,"2025-04-14T10:31:37.2664570Z",5,Advapi,SYSTEM
"Apr 14, 2025 @ 20:14:56.328",4624,"CP-AKT-002912",Negotiate,1064,"2025-04-14T10:25:50.0583882Z",5,Advapi,SYSTEM
"Apr 14, 2025 @ 20:14:56.281",4624,"CP-AKT-002912",Negotiate,1064,"2025-04-14T10:25:30.0812424Z",5,Advapi,SYSTEM
"Apr 14, 2025 @ 20:14:56.235",4624,"CP-AKT-002912",Negotiate,1064,"2025-04-14T10:22:18.9353313Z",5,Advapi,SYSTEM
"Apr 14, 2025 @ 20:14:56.189",4624,"CP-AKT-002912",Negotiate,1064,"2025-04-14T10:22:00.7264943Z",5,Advapi,SYSTEM
"Apr 14, 2025 @ 20:14:56.140",4624,"CP-AKT-002912",Negotiate,1064,"2025-04-14T10:21:56.0951964Z",5,Advapi,SYSTEM
"Apr 14, 2025 @ 20:14:56.094",4624,"CP-AKT-002912",Negotiate,1064,"2025-04-14T10:21:33.6444531Z",5,Advapi,SYSTEM
"Apr 14, 2025 @ 20:14:56.047",4624,"CP-AKT-002912",Negotiate,1064,"2025-04-14T10:13:21.7095149Z",5,Advapi,SYSTEM
"Apr 14, 2025 @ 20:14:55.999",4624,"CP-AKT-002912",Negotiate,1064,"2025-04-14T10:05:47.8793545Z",5,Advapi,SYSTEM
"Apr 14, 2025 @ 20:14:55.953",4624,"CP-AKT-002912",Negotiate,1064,"2025-04-14T10:03:12.8643197Z",5,Advapi,SYSTEM
"Apr 14, 2025 @ 20:14:55.890",4624,"CP-AKT-002912",Negotiate,1064,"2025-04-14T09:53:49.5982029Z",5,Advapi,SYSTEM
"Apr 14, 2025 @ 20:14:55.843",4624,"CP-AKT-002912",Negotiate,1064,"2025-04-14T09:41:56.5615899Z",5,Advapi,SYSTEM
"Apr 14, 2025 @ 20:14:55.796",4624,"CP-AKT-002912",Negotiate,1064,"2025-04-14T09:41:56.2962281Z",5,Advapi,SYSTEM
"Apr 14, 2025 @ 20:14:55.750",4624,"CP-AKT-002912",Negotiate,1064,"2025-04-14T09:41:55.2970064Z",5,Advapi,SYSTEM
"Apr 14, 2025 @ 20:14:55.703",4624,"CP-AKT-002912",Negotiate,1064,"2025-04-14T09:41:55.2610943Z",5,Advapi,SYSTEM
"Apr 14, 2025 @ 20:14:55.656",4624,"CP-AKT-002912",Negotiate,1064,"2025-04-14T09:40:34.6335853Z",5,Advapi,SYSTEM
"Apr 14, 2025 @ 20:14:55.594",4624,"CP-AKT-002912",Negotiate,1064,"2025-04-14T09:33:22.5417271Z",5,Advapi,SYSTEM
"Apr 14, 2025 @ 20:14:55.548",4624,"CP-AKT-002912",Negotiate,1064,"2025-04-14T09:33:22.3808583Z",5,Advapi,SYSTEM
"Apr 14, 2025 @ 20:14:55.502",4624,"CP-AKT-002912",Negotiate,1064,"2025-04-14T09:33:22.1557917Z",5,Advapi,SYSTEM
"Apr 14, 2025 @ 20:14:55.422",4624,"CP-AKT-002912",Negotiate,1064,"2025-04-14T09:33:21.9713026Z",5,Advapi,SYSTEM
"Apr 14, 2025 @ 20:14:55.359",4624,"CP-AKT-002912",Negotiate,1064,"2025-04-14T09:33:21.9376013Z",5,Advapi,SYSTEM
"Apr 14, 2025 @ 20:14:55.313",4624,"CP-AKT-002912",Negotiate,1064,"2025-04-14T09:31:35.7719208Z",5,Advapi,SYSTEM
"Apr 14, 2025 @ 20:14:55.267",4624,"CP-AKT-002912",Negotiate,1064,"2025-04-14T09:21:21.8374079Z",5,Advapi,SYSTEM
"Apr 14, 2025 @ 20:14:55.220",4624,"CP-AKT-002912",Negotiate,1064,"2025-04-14T09:20:01.2214889Z",5,Advapi,SYSTEM
"Apr 14, 2025 @ 20:14:55.157",4624,"CP-AKT-002912",Negotiate,1064,"2025-04-14T09:18:38.9739232Z",5,Advapi,SYSTEM
"Apr 14, 2025 @ 20:14:55.110",4624,"CP-AKT-002912",Negotiate,1064,"2025-04-14T09:11:55.8005875Z",5,Advapi,SYSTEM
"Apr 14, 2025 @ 20:14:55.047",4624,"CP-AKT-002912",Negotiate,1064,"2025-04-14T09:11:40.9704662Z",5,Advapi,SYSTEM
"Apr 14, 2025 @ 20:14:54.971",4624,"CP-AKT-002912",Kerberos,1064,"2025-04-14T09:10:07.6774776Z",3,Kerberos,"CP-AKT-002912$"
"Apr 14, 2025 @ 20:14:54.828",4624,"CP-AKT-002912",Kerberos,1064,"2025-04-14T09:10:07.5608751Z",3,Kerberos,"CP-AKT-002912$"
"Apr 14, 2025 @ 20:14:54.766",4624,"CP-AKT-002912",Negotiate,1064,"2025-04-14T09:10:01.1841179Z",5,Advapi,SYSTEM
"Apr 14, 2025 @ 20:14:54.703",4624,"CP-AKT-002912",Negotiate,1064,"2025-04-14T09:08:16.6323836Z",5,Advapi,SYSTEM
"Apr 14, 2025 @ 20:14:54.656",4624,"CP-AKT-002912",Negotiate,1064,"2025-04-14T09:05:47.9776022Z",5,Advapi,SYSTEM
"Apr 14, 2025 @ 20:14:54.610",4624,"CP-AKT-002912",Negotiate,1064,"2025-04-14T09:05:14.2787758Z",5,Advapi,SYSTEM
"Apr 14, 2025 @ 20:14:54.562",4624,"CP-AKT-002912",Negotiate,1064,"2025-04-14T09:05:13.1438084Z",5,Advapi,SYSTEM
"Apr 14, 2025 @ 20:14:54.516",4624,"CP-AKT-002912",Negotiate,1064,"2025-04-14T09:05:12.9595239Z",5,Advapi,SYSTEM
"Apr 14, 2025 @ 20:14:54.469",4624,"CP-AKT-002912",Negotiate,1064,"2025-04-14T09:05:12.7088918Z",5,Advapi,SYSTEM
"Apr 14, 2025 @ 20:14:54.438",4624,"CP-AKT-002912",Negotiate,1064,"2025-04-14T09:05:11.0101153Z",5,Advapi,SYSTEM
"Apr 14, 2025 @ 20:14:54.375",4624,"CP-AKT-002912",Negotiate,1064,"2025-04-14T09:05:10.2101931Z",5,Advapi,SYSTEM
"Apr 14, 2025 @ 20:14:54.328",4624,"CP-AKT-002912",Negotiate,1064,"2025-04-14T09:05:08.5906159Z",5,Advapi,SYSTEM
"Apr 14, 2025 @ 20:14:54.281",4624,"CP-AKT-002912",Negotiate,1064,"2025-04-14T09:05:06.6599880Z",5,Advapi,SYSTEM
"Apr 14, 2025 @ 20:14:54.234",4624,"CP-AKT-002912",Negotiate,1064,"2025-04-14T09:05:04.4765021Z",5,Advapi,SYSTEM
"Apr 14, 2025 @ 20:14:54.047",4624,"CP-AKT-002912",Negotiate,1064,"2025-04-14T09:05:02.8440017Z",5,Advapi,SYSTEM
"Apr 14, 2025 @ 20:14:54.001",4624,"CP-AKT-002912",Negotiate,1064,"2025-04-14T09:05:00.6032909Z",5,Advapi,SYSTEM
"Apr 14, 2025 @ 20:14:53.953",4624,"CP-AKT-002912",Negotiate,1064,"2025-04-14T09:05:00.6032767Z",5,Advapi,SYSTEM
"Apr 14, 2025 @ 20:14:53.891",4624,"CP-AKT-002912",Negotiate,1064,"2025-04-14T09:05:00.6032224Z",5,Advapi,SYSTEM
"Apr 14, 2025 @ 20:14:53.845",4624,"CP-AKT-002912",Negotiate,1064,"2025-04-14T09:05:00.3870618Z",5,Advapi,SYSTEM
"Apr 14, 2025 @ 20:14:53.798",4624,"CP-AKT-002912",Negotiate,1064,"2025-04-14T09:05:00.2181453Z",2,User32,"ack.user"
"Apr 14, 2025 @ 20:14:53.735",4624,"CP-AKT-002912",Negotiate,1064,"2025-04-14T09:05:00.2181317Z",2,User32,"ack.user"
"Apr 14, 2025 @ 20:14:53.609",4624,"CP-AKT-002912",Kerberos,1064,"2025-04-14T09:04:49.2227356Z",3,Kerberos,"ADMANAGER$"
"Apr 14, 2025 @ 20:14:53.564",4624,"CP-AKT-002912",NTLM,1064,"2025-04-14T09:04:49.2171803Z",3,NtLmSsp,"ADMANAGER$"
"Apr 14, 2025 @ 20:14:53.532",4625,"CP-AKT-002912",Negotiate,1064,"2025-04-14T09:04:49.2135129Z",2,User32,"ack.user"
"Apr 14, 2025 @ 20:14:53.486",4624,"CP-AKT-002912",Kerberos,1064,"2025-04-14T09:04:48.0930718Z",3,Kerberos,Administrator
"Apr 14, 2025 @ 20:14:53.406",4624,"CP-AKT-002912",Kerberos,1064,"2025-04-14T09:04:48.0434223Z",3,Kerberos,Administrator
"Apr 14, 2025 @ 20:14:53.359",4624,"CP-AKT-002912",Negotiate,1064,"2025-04-14T09:04:11.4661029Z",5,Advapi,SYSTEM
"Apr 14, 2025 @ 20:14:53.312",4624,"CP-AKT-002912",Negotiate,1064,"2025-04-14T09:04:11.3706805Z",5,Advapi,SYSTEM
"Apr 14, 2025 @ 20:14:53.266",4624,"CP-AKT-002912",Negotiate,1064,"2025-04-14T09:04:07.7941239Z",5,Advapi,SYSTEM
"Apr 14, 2025 @ 20:14:53.172",4624,"CP-AKT-002912",Negotiate,1064,"2025-04-14T06:57:54.1963132Z",5,Advapi,SYSTEM
"Apr 14, 2025 @ 20:14:53.141",4624,"CP-AKT-002912",Negotiate,1064,"2025-04-14T06:57:23.2461152Z",5,Advapi,SYSTEM
"Apr 14, 2025 @ 20:14:53.094",4624,"CP-AKT-002912",Negotiate,1064,"2025-04-14T06:51:40.8608249Z",5,Advapi,SYSTEM
"Apr 14, 2025 @ 20:14:53.048",4624,"CP-AKT-002912",Negotiate,1064,"2025-04-14T06:49:31.8910334Z",5,Advapi,SYSTEM
"Apr 14, 2025 @ 20:14:53.001",4624,"CP-AKT-002912",Negotiate,1064,"2025-04-14T06:49:31.0193082Z",5,Advapi,SYSTEM
"Apr 14, 2025 @ 20:14:52.923",4624,"CP-AKT-002912",Negotiate,1064,"2025-04-14T06:48:35.5659348Z",5,Advapi,SYSTEM
"Apr 14, 2025 @ 20:14:52.876",4624,"CP-AKT-002912",Negotiate,1064,"2025-04-14T06:42:03.7746305Z",5,Advapi,SYSTEM
"Apr 14, 2025 @ 20:14:52.829",4624,"CP-AKT-002912",Negotiate,1064,"2025-04-14T06:42:02.4880446Z",5,Advapi,SYSTEM
"Apr 14, 2025 @ 20:14:52.781",4624,"CP-AKT-002912",Negotiate,1064,"2025-04-14T06:42:02.2799110Z",5,Advapi,SYSTEM
"Apr 14, 2025 @ 20:14:52.736",4624,"CP-AKT-002912",Negotiate,1064,"2025-04-14T06:40:55.1430652Z",5,Advapi,SYSTEM
"Apr 14, 2025 @ 20:14:52.688",4624,"CP-AKT-002912",Negotiate,1064,"2025-04-14T06:40:55.1426341Z",5,Advapi,SYSTEM
"Apr 14, 2025 @ 20:14:52.641",4624,"CP-AKT-002912",Negotiate,1064,"2025-04-14T06:40:54.8286201Z",5,Advapi,SYSTEM
"Apr 14, 2025 @ 20:14:52.594",4624,"CP-AKT-002912",Negotiate,1064,"2025-04-14T06:40:54.7057258Z",5,Advapi,SYSTEM
"Apr 14, 2025 @ 20:14:52.531",4624,"CP-AKT-002912",Negotiate,1064,"2025-04-14T06:40:54.3397541Z",5,Advapi,"SQLTELEMETRY$SQLEXPRESS"
"Apr 14, 2025 @ 20:14:52.422",4624,"CP-AKT-002912",Negotiate,1064,"2025-04-14T06:40:54.1365019Z",5,Advapi,SQLTELEMETRY
"Apr 14, 2025 @ 20:14:52.329",4624,"CP-AKT-002912",Negotiate,1064,"2025-04-14T06:40:52.7514252Z",5,Advapi,SYSTEM
"Apr 14, 2025 @ 20:14:52.283",4624,"CP-AKT-002912",Negotiate,1064,"2025-04-14T06:40:51.1988316Z",5,Advapi,MSSQLSERVER
"Apr 14, 2025 @ 20:14:52.189",4624,"CP-AKT-002912",Negotiate,1064,"2025-04-14T06:40:49.6933173Z",5,Advapi,"MSSQL$SQLEXPRESS"
"Apr 14, 2025 @ 20:14:52.095",4624,"CP-AKT-002912",Negotiate,1064,"2025-04-14T06:40:31.0313593Z",5,Advapi,SYSTEM
"Apr 14, 2025 @ 20:14:52.032",4624,"CP-AKT-002912",Negotiate,1064,"2025-04-14T06:39:46.2171654Z",5,Advapi,SYSTEM
"Apr 14, 2025 @ 20:14:51.986",4624,"CP-AKT-002912",Negotiate,1064,"2025-04-14T06:39:46.1889857Z",5,Advapi,SYSTEM
"Apr 14, 2025 @ 20:14:51.908",4624,"CP-AKT-002912",Negotiate,1064,"2025-04-14T06:39:46.1263378Z",5,Advapi,SYSTEM
"Apr 14, 2025 @ 20:14:51.861",4624,"CP-AKT-002912",Negotiate,1064,"2025-04-14T06:39:34.3323315Z",5,Advapi,SYSTEM
"Apr 14, 2025 @ 20:14:51.798",4624,"CP-AKT-002912",Negotiate,1064,"2025-04-14T06:39:16.0124459Z",5,Advapi,SYSTEM
"Apr 14, 2025 @ 20:14:51.750",4624,"CP-AKT-002912",Negotiate,1064,"2025-04-14T06:39:15.9643532Z",5,Advapi,SYSTEM
"Apr 14, 2025 @ 20:14:51.704",4624,"CP-AKT-002912",Negotiate,1064,"2025-04-14T06:39:15.9641850Z",5,Advapi,SYSTEM
"Apr 14, 2025 @ 20:14:51.610",4624,"CP-AKT-002912",Kerberos,1064,"2025-04-14T06:39:15.9386324Z",3,Kerberos,"CP-AKT-002912$"
"Apr 14, 2025 @ 20:14:51.533",4624,"CP-AKT-002912",Kerberos,1064,"2025-04-14T06:39:15.5502684Z",3,Kerberos,"CP-AKT-002912$"
"Apr 14, 2025 @ 20:14:51.486",4624,"CP-AKT-002912",Negotiate,1064,"2025-04-14T06:38:50.1008667Z",5,Advapi,SYSTEM
"Apr 14, 2025 @ 20:14:51.423",4624,"CP-AKT-002912",Negotiate,1064,"2025-04-14T06:38:49.2796885Z",5,Advapi,SYSTEM
"Apr 14, 2025 @ 20:13:59.064",4624,"LAB3-11",Negotiate,1032,"2025-04-14T15:13:54.2911559Z",5,Advapi,SYSTEM
"Apr 14, 2025 @ 20:13:58.765",4624,"DESKTOP-5JEIKFF",Negotiate,1016,"2025-04-14T15:13:57.7106176Z",5,Advapi,SYSTEM
"Apr 14, 2025 @ 20:13:00.763",4624,"LAB3-11",Negotiate,1032,"2025-04-14T15:12:55.9905040Z",5,Advapi,SYSTEM
"Apr 14, 2025 @ 20:12:45.211",4624,"LAB3-11",Negotiate,1032,"2025-04-14T15:12:40.4391972Z",5,Advapi,SYSTEM
"Apr 14, 2025 @ 20:11:44.307",4624,"DESKTOP-5JEIKFF",Negotiate,1016,"2025-04-14T15:11:43.2557668Z",5,Advapi,SYSTEM
"Apr 14, 2025 @ 20:11:09.498",4624,"DESKTOP-5JEIKFF",Negotiate,1016,"2025-04-14T15:11:08.4383909Z",5,Advapi,SYSTEM
"Apr 14, 2025 @ 20:10:53.329",4624,"LAB3-10",Negotiate,1068,"2025-04-14T15:11:33.4211783Z",5,Advapi,SYSTEM
"Apr 14, 2025 @ 20:09:12.754",4624,"DESKTOP-5JEIKFF",Negotiate,1016,"2025-04-14T15:09:11.6991538Z",5,Advapi,SYSTEM
"Apr 14, 2025 @ 20:06:57.730",4624,"DESKTOP-5JEIKFF",Negotiate,1016,"2025-04-14T15:06:56.6743210Z",5,Advapi,SYSTEM
"Apr 14, 2025 @ 20:06:16.220",4624,"LAB3-09",Negotiate,1068,"2025-04-14T15:06:14.3110841Z",5,Advapi,SYSTEM
"Apr 14, 2025 @ 20:06:16.219",4624,"LAB3-09",Negotiate,1068,"2025-04-14T15:06:13.7533917Z",5,Advapi,SYSTEM
"Apr 14, 2025 @ 20:04:29.237",4624,"DESKTOP-5JEIKFF",Negotiate,1016,"2025-04-14T15:04:28.1789799Z",5,Advapi,SYSTEM
"Apr 14, 2025 @ 20:04:23.319",4624,"DESKTOP-5JEIKFF",Negotiate,1016,"2025-04-14T15:04:22.3597406Z",5,Advapi,SYSTEM
"Apr 14, 2025 @ 20:04:23.317",4624,"DESKTOP-5JEIKFF",Negotiate,1016,"2025-04-14T15:04:22.2648436Z",5,Advapi,SYSTEM
"Apr 14, 2025 @ 20:04:20.285",4624,"LAB3-11",Negotiate,1032,"2025-04-14T15:04:15.5311461Z",5,Advapi,SYSTEM
"Apr 14, 2025 @ 20:01:55.750",4624,"LAB3-10",Negotiate,1068,"2025-04-14T15:02:35.8564818Z",5,Advapi,SYSTEM
"Apr 14, 2025 @ 19:59:52.963",4624,"DESKTOP-5JEIKFF",Negotiate,1016,"2025-04-14T14:59:51.9610615Z",5,Advapi,SYSTEM
"Apr 14, 2025 @ 19:59:23.107",4624,"DESKTOP-5JEIKFF",Negotiate,1016,"2025-04-14T14:59:22.4411591Z",5,Advapi,SYSTEM
"Apr 14, 2025 @ 19:59:23.104",4624,"DESKTOP-5JEIKFF",Negotiate,1016,"2025-04-14T14:59:22.0980031Z",5,Advapi,SYSTEM
"Apr 14, 2025 @ 19:59:22.361",4624,"LAB3-09",Negotiate,1068,"2025-04-14T14:59:19.9542778Z",5,Advapi,SYSTEM
"Apr 14, 2025 @ 19:59:17.631",4624,"LAB3-09",Negotiate,1068,"2025-04-14T14:59:15.2094946Z",5,Advapi,SYSTEM
"Apr 14, 2025 @ 19:59:17.630",4624,"LAB3-09",Negotiate,1068,"2025-04-14T14:59:15.2073247Z",5,Advapi,SYSTEM
"Apr 14, 2025 @ 19:56:57.833",4624,"LAB3-10",Negotiate,1068,"2025-04-14T14:57:38.0021141Z",5,Advapi,SYSTEM
"Apr 14, 2025 @ 19:54:16.564",4624,"LAB3-09",Negotiate,1068,"2025-04-14T14:54:14.1270091Z",5,Advapi,SYSTEM
"Apr 14, 2025 @ 19:54:08.681",4624,"LAB3-09",Negotiate,1068,"2025-04-14T14:54:06.2244400Z",5,Advapi,SYSTEM
"Apr 14, 2025 @ 19:53:53.129",4624,"LAB3-10",Negotiate,1068,"2025-04-14T14:54:33.2614217Z",5,Advapi,SYSTEM
"Apr 14, 2025 @ 19:52:51.157",4624,"LAB3-09",Negotiate,1068,"2025-04-14T14:52:48.7445583Z",5,Advapi,SYSTEM
"Apr 14, 2025 @ 19:49:51.552",4624,"DESKTOP-5JEIKFF",Negotiate,1016,"2025-04-14T14:49:49.8031576Z",5,Advapi,SYSTEM
"Apr 14, 2025 @ 19:48:20.560",4624,"LAB3-10",Negotiate,1068,"2025-04-14T14:48:59.8729042Z",5,Advapi,SYSTEM
"Apr 14, 2025 @ 19:46:51.359",4624,"LAB3-09",Negotiate,1068,"2025-04-14T14:46:48.0133371Z",5,Advapi,SYSTEM
"Apr 14, 2025 @ 19:44:37.659",4624,"DESKTOP-5JEIKFF",Negotiate,1016,"2025-04-14T14:44:36.1992379Z",5,Advapi,SYSTEM
"Apr 14, 2025 @ 19:44:35.851",4624,"DESKTOP-5JEIKFF",Negotiate,1016,"2025-04-14T14:44:33.7896119Z",5,Advapi,SYSTEM
"Apr 14, 2025 @ 19:43:24.538",4624,"LAB3-11",Negotiate,1032,"2025-04-14T14:43:18.7620532Z",5,Advapi,SYSTEM
"Apr 14, 2025 @ 19:41:47.497",4624,"DESKTOP-5JEIKFF",Negotiate,1016,"2025-04-14T14:41:45.2692894Z",5,Advapi,SYSTEM
"Apr 14, 2025 @ 19:39:09.952",4624,"LAB3-11",Kerberos,1032,"2025-04-14T14:39:04.2571675Z",3,Kerberos,"LAB3-11$"
"Apr 14, 2025 @ 19:39:09.943",4624,"LAB3-11",Kerberos,1032,"2025-04-14T14:39:03.9380730Z",3,Kerberos,"LAB3-11$"
"Apr 14, 2025 @ 19:37:46.413",4624,"LAB3-09",Negotiate,1068,"2025-04-14T14:37:42.5422265Z",5,Advapi,SYSTEM
"Apr 14, 2025 @ 19:37:21.380",4624,"LAB3-09",Negotiate,1068,"2025-04-14T14:37:17.4864142Z",5,Advapi,SYSTEM
"Apr 14, 2025 @ 19:34:03.148",4624,"LAB3-09",Negotiate,1068,"2025-04-14T14:33:59.0469211Z",5,Advapi,SYSTEM
"Apr 14, 2025 @ 19:33:58.610",4624,"LAB3-09",Negotiate,1068,"2025-04-14T14:33:54.5147165Z",5,Advapi,SYSTEM
"Apr 14, 2025 @ 19:32:34.449",4624,"DESKTOP-5JEIKFF",Negotiate,1016,"2025-04-14T14:32:31.6703789Z",5,Advapi,SYSTEM
"Apr 14, 2025 @ 19:32:28.212",4624,"DESKTOP-5JEIKFF",Negotiate,1016,"2025-04-14T14:32:25.4329434Z",5,Advapi,SYSTEM
"Apr 14, 2025 @ 19:31:30.717",4624,"DESKTOP-5JEIKFF",Negotiate,1016,"2025-04-14T14:31:27.8799281Z",5,Advapi,SYSTEM
"Apr 14, 2025 @ 19:30:42.510",4624,"DESKTOP-5JEIKFF",Negotiate,1016,"2025-04-14T14:30:39.6143310Z",5,Advapi,SYSTEM
"Apr 14, 2025 @ 19:30:41.121",4624,"DESKTOP-5JEIKFF",Negotiate,1016,"2025-04-14T14:30:38.2357257Z",5,Advapi,SYSTEM
"Apr 14, 2025 @ 19:30:39.390",4624,"DESKTOP-5JEIKFF",Negotiate,1016,"2025-04-14T14:30:36.4827958Z",5,Advapi,SYSTEM
"Apr 14, 2025 @ 19:30:39.385",4624,"DESKTOP-5JEIKFF",Negotiate,1016,"2025-04-14T14:30:36.4787817Z",5,Advapi,SYSTEM
"Apr 14, 2025 @ 19:30:39.379",4624,"DESKTOP-5JEIKFF",Negotiate,1016,"2025-04-14T14:30:36.4783295Z",5,Advapi,SYSTEM
"Apr 14, 2025 @ 19:30:39.377",4624,"DESKTOP-5JEIKFF",Negotiate,1016,"2025-04-14T14:30:36.4772559Z",5,Advapi,SYSTEM
"Apr 14, 2025 @ 19:30:39.364",4624,"DESKTOP-5JEIKFF",Negotiate,1016,"2025-04-14T14:30:36.4768684Z",5,Advapi,SYSTEM
"Apr 14, 2025 @ 19:30:39.361",4624,"DESKTOP-5JEIKFF",Negotiate,1016,"2025-04-14T14:30:36.4757419Z",5,Advapi,SYSTEM
"Apr 14, 2025 @ 19:30:34.917",4624,"DESKTOP-5JEIKFF",Negotiate,1016,"2025-04-14T14:30:32.0263582Z",5,Advapi,SYSTEM
"Apr 14, 2025 @ 19:30:33.273",4624,"DESKTOP-5JEIKFF",Negotiate,1016,"2025-04-14T14:30:30.3793665Z",5,Advapi,SYSTEM
"Apr 14, 2025 @ 19:30:31.504",4624,"DESKTOP-5JEIKFF",Negotiate,1016,"2025-04-14T14:30:28.6666104Z",5,Advapi,SYSTEM
"Apr 14, 2025 @ 19:30:31.498",4624,"DESKTOP-5JEIKFF",Negotiate,1016,"2025-04-14T14:30:28.5981589Z",5,Advapi,SYSTEM
"Apr 14, 2025 @ 19:30:31.492",4624,"DESKTOP-5JEIKFF",Negotiate,1016,"2025-04-14T14:30:28.5978244Z",5,Advapi,SYSTEM
"Apr 14, 2025 @ 19:30:31.486",4624,"DESKTOP-5JEIKFF",Negotiate,1016,"2025-04-14T14:30:28.5965424Z",5,Advapi,SYSTEM
"Apr 14, 2025 @ 19:30:31.480",4624,"DESKTOP-5JEIKFF",Negotiate,1016,"2025-04-14T14:30:28.5960928Z",5,Advapi,SYSTEM
"Apr 14, 2025 @ 19:30:31.475",4624,"DESKTOP-5JEIKFF",Negotiate,1016,"2025-04-14T14:30:28.5936580Z",5,Advapi,SYSTEM
"Apr 14, 2025 @ 19:30:26.838",4624,"DESKTOP-5JEIKFF",Negotiate,1016,"2025-04-14T14:30:23.9393684Z",5,Advapi,SYSTEM
"Apr 14, 2025 @ 19:30:19.769",4624,"LAB3-09",Negotiate,1068,"2025-04-14T14:20:37.7039233Z",5,Advapi,SYSTEM
"Apr 14, 2025 @ 19:30:19.738",4624,"LAB3-09",Negotiate,1068,"2025-04-14T14:20:37.6992362Z",5,Advapi,SYSTEM
"Apr 14, 2025 @ 19:30:19.707",4624,"LAB3-09",Negotiate,1068,"2025-04-14T13:48:19.0601248Z",5,Advapi,SYSTEM
"Apr 14, 2025 @ 19:30:19.691",4624,"LAB3-09",Negotiate,1068,"2025-04-14T13:39:31.9237099Z",5,Advapi,SYSTEM
"Apr 14, 2025 @ 19:30:19.660",4624,"LAB3-09",Negotiate,1068,"2025-04-14T13:39:31.9219659Z",5,Advapi,SYSTEM
"Apr 14, 2025 @ 19:30:19.628",4624,"LAB3-09",Negotiate,1068,"2025-04-14T13:22:33.1681383Z",5,Advapi,SYSTEM
"Apr 14, 2025 @ 19:30:19.597",4624,"LAB3-09",Negotiate,1068,"2025-04-14T13:22:33.1242033Z",5,Advapi,SYSTEM
"Apr 14, 2025 @ 19:30:19.566",4624,"LAB3-09",Negotiate,1068,"2025-04-14T13:20:37.7325114Z",5,Advapi,SYSTEM
"Apr 14, 2025 @ 19:30:19.535",4624,"LAB3-09",Negotiate,1068,"2025-04-14T13:20:37.7307149Z",5,Advapi,SYSTEM
"Apr 14, 2025 @ 19:30:19.504",4624,"LAB3-09",Negotiate,1068,"2025-04-14T12:48:08.9183811Z",5,Advapi,SYSTEM
"Apr 14, 2025 @ 19:30:19.473",4624,"LAB3-09",Negotiate,1068,"2025-04-14T12:20:37.6748425Z",5,Advapi,SYSTEM
"Apr 14, 2025 @ 19:30:19.441",4624,"LAB3-09",Negotiate,1068,"2025-04-14T12:20:37.6729983Z",5,Advapi,SYSTEM
"Apr 14, 2025 @ 19:30:19.411",4624,"LAB3-09",Negotiate,1068,"2025-04-14T12:08:38.2456246Z",5,Advapi,SYSTEM
"Apr 14, 2025 @ 19:30:19.379",4624,"LAB3-09",Negotiate,1068,"2025-04-14T12:08:38.2436453Z",5,Advapi,SYSTEM
"Apr 14, 2025 @ 19:30:19.348",4624,"LAB3-09",Negotiate,1068,"2025-04-14T11:56:38.5503822Z",5,Advapi,SYSTEM
"Apr 14, 2025 @ 19:30:19.332",4624,"LAB3-09",Negotiate,1068,"2025-04-14T11:52:44.7154108Z",5,Advapi,SYSTEM
"Apr 14, 2025 @ 19:30:19.301",4624,"LAB3-09",Negotiate,1068,"2025-04-14T11:52:44.7134879Z",5,Advapi,SYSTEM
"Apr 14, 2025 @ 19:30:19.269",4624,"LAB3-09",Negotiate,1068,"2025-04-14T11:47:56.4009430Z",5,Advapi,SYSTEM
"Apr 14, 2025 @ 19:30:19.239",4624,"LAB3-09",Negotiate,1068,"2025-04-14T11:34:13.1669015Z",5,Advapi,SYSTEM
"Apr 14, 2025 @ 19:30:19.208",4624,"LAB3-09",Negotiate,1068,"2025-04-14T11:20:36.9262547Z",5,Advapi,SYSTEM
"Apr 14, 2025 @ 19:30:19.177",4624,"LAB3-09",Negotiate,1068,"2025-04-14T11:17:41.4746030Z",5,Advapi,SYSTEM
"Apr 14, 2025 @ 19:30:19.145",4624,"LAB3-09",Negotiate,1068,"2025-04-14T11:17:41.4726714Z",5,Advapi,SYSTEM
"Apr 14, 2025 @ 19:30:19.098",4624,"LAB3-09",Negotiate,1068,"2025-04-14T11:02:15.1701399Z",5,Advapi,SYSTEM
"Apr 14, 2025 @ 19:30:19.067",4624,"LAB3-09",Negotiate,1068,"2025-04-14T10:48:51.7067004Z",5,Advapi,SYSTEM
"Apr 14, 2025 @ 19:30:19.035",4624,"LAB3-09",Negotiate,1068,"2025-04-14T10:48:36.2756613Z",5,Advapi,SYSTEM
"Apr 14, 2025 @ 19:30:19.004",4624,"LAB3-09",Negotiate,1068,"2025-04-14T10:42:39.0282522Z",5,Advapi,SYSTEM
"Apr 14, 2025 @ 19:30:18.974",4624,"LAB3-09",Negotiate,1068,"2025-04-14T10:41:07.2625625Z",5,Advapi,SYSTEM
"Apr 14, 2025 @ 19:30:18.942",4624,"LAB3-09",Negotiate,1068,"2025-04-14T10:41:07.2607455Z",5,Advapi,SYSTEM
"Apr 14, 2025 @ 19:30:18.911",4624,"LAB3-09",Negotiate,1068,"2025-04-14T10:31:20.6571939Z",5,Advapi,SYSTEM
"Apr 14, 2025 @ 19:30:18.879",4624,"LAB3-09",Negotiate,1068,"2025-04-14T10:29:16.8234621Z",5,Advapi,SYSTEM
"Apr 14, 2025 @ 19:30:18.848",4624,"LAB3-09",Negotiate,1068,"2025-04-14T10:27:43.4735186Z",5,Advapi,SYSTEM
"Apr 14, 2025 @ 19:30:18.817",4624,"LAB3-09",Negotiate,1068,"2025-04-14T10:27:41.8106564Z",5,Advapi,SYSTEM
"Apr 14, 2025 @ 19:30:18.786",4624,"LAB3-09",Negotiate,1068,"2025-04-14T10:20:35.6159679Z",5,Advapi,SYSTEM
"Apr 14, 2025 @ 19:30:18.755",4624,"LAB3-09",Negotiate,1068,"2025-04-14T10:20:35.6139484Z",5,Advapi,SYSTEM
"Apr 14, 2025 @ 19:30:18.724",4624,"LAB3-09",Negotiate,1068,"2025-04-14T10:16:25.7120057Z",5,Advapi,SYSTEM
"Apr 14, 2025 @ 19:30:18.692",4624,"LAB3-09",Negotiate,1068,"2025-04-14T10:12:54.1007989Z",5,Advapi,SYSTEM
"Apr 14, 2025 @ 19:30:18.661",4624,"LAB3-09",Negotiate,1068,"2025-04-14T09:36:46.7416475Z",5,Advapi,SYSTEM
"Apr 14, 2025 @ 19:30:18.630",4624,"LAB3-09",Negotiate,1068,"2025-04-14T09:29:20.2585934Z",5,Advapi,SYSTEM
"Apr 14, 2025 @ 19:30:18.598",4624,"LAB3-09",Negotiate,1068,"2025-04-14T09:20:07.4570917Z",5,Advapi,SYSTEM
"Apr 14, 2025 @ 19:30:18.567",4624,"LAB3-09",Negotiate,1068,"2025-04-14T09:19:40.7294705Z",5,Advapi,SYSTEM
"Apr 14, 2025 @ 19:30:18.536",4624,"LAB3-09",Negotiate,1068,"2025-04-14T09:18:09.6045292Z",5,Advapi,SYSTEM
"Apr 14, 2025 @ 19:30:18.504",4624,"LAB3-09",Negotiate,1068,"2025-04-14T09:14:09.9210648Z",5,Advapi,SYSTEM
"Apr 14, 2025 @ 19:30:18.474",4624,"LAB3-09",Negotiate,1068,"2025-04-14T09:14:09.9189364Z",5,Advapi,SYSTEM
"Apr 14, 2025 @ 19:30:18.442",4624,"LAB3-09",Negotiate,1068,"2025-04-14T09:12:41.1366805Z",5,Advapi,SYSTEM
"Apr 14, 2025 @ 19:30:18.411",4624,"LAB3-09",Negotiate,1068,"2025-04-14T09:06:26.6529988Z",5,Advapi,SYSTEM
"Apr 14, 2025 @ 19:30:18.380",4624,"LAB3-09",Negotiate,1068,"2025-04-14T09:06:25.0281484Z",5,Advapi,SYSTEM
"Apr 14, 2025 @ 19:30:18.349",4624,"LAB3-09",Negotiate,1068,"2025-04-14T09:06:17.2634424Z",5,Advapi,SYSTEM
"Apr 14, 2025 @ 19:30:18.317",4624,"LAB3-09",Negotiate,1068,"2025-04-14T09:06:16.9666779Z",5,Advapi,SYSTEM
"Apr 14, 2025 @ 19:30:18.286",4624,"LAB3-09",Negotiate,1068,"2025-04-14T09:03:47.6573077Z",5,Advapi,SYSTEM
"Apr 14, 2025 @ 19:30:18.256",4624,"LAB3-09",Negotiate,1068,"2025-04-14T09:01:18.1776727Z",5,Advapi,SYSTEM
"Apr 14, 2025 @ 19:30:18.225",4624,"LAB3-09",Negotiate,1068,"2025-04-14T08:45:19.3588898Z",5,Advapi,SYSTEM
"Apr 14, 2025 @ 19:30:18.193",4624,"LAB3-09",Negotiate,1068,"2025-04-14T08:32:46.0380981Z",5,Advapi,SYSTEM
"Apr 14, 2025 @ 19:30:18.161",4624,"LAB3-09",Negotiate,1068,"2025-04-14T08:30:18.0783685Z",5,Advapi,SYSTEM
"Apr 14, 2025 @ 19:30:18.130",4624,"LAB3-09",Negotiate,1068,"2025-04-14T08:22:13.0076017Z",5,Advapi,SYSTEM
"Apr 14, 2025 @ 19:30:18.099",4624,"LAB3-09",Negotiate,1068,"2025-04-14T07:50:43.7799954Z",5,Advapi,SYSTEM
"Apr 14, 2025 @ 19:30:18.068",4624,"LAB3-09",Negotiate,1068,"2025-04-14T07:40:50.8247769Z",5,Advapi,SYSTEM
"Apr 14, 2025 @ 19:30:18.036",4624,"LAB3-09",Negotiate,1068,"2025-04-14T07:40:48.0812151Z",5,Advapi,SYSTEM
"Apr 14, 2025 @ 19:30:18.005",4624,"LAB3-09",Negotiate,1068,"2025-04-14T07:40:40.6671956Z",5,Advapi,SYSTEM
"Apr 14, 2025 @ 19:30:17.975",4624,"LAB3-09",Negotiate,1068,"2025-04-14T07:40:24.3438959Z",5,Advapi,SYSTEM
"Apr 14, 2025 @ 19:30:17.943",4624,"LAB3-09",Negotiate,1068,"2025-04-14T07:40:22.1615425Z",5,Advapi,SYSTEM
"Apr 14, 2025 @ 19:30:17.912",4624,"LAB3-09",Negotiate,1068,"2025-04-14T07:40:20.9080904Z",5,Advapi,SYSTEM
"Apr 14, 2025 @ 19:30:17.881",4624,"LAB3-09",Negotiate,1068,"2025-04-14T07:37:37.4977912Z",5,Advapi,SYSTEM
"Apr 14, 2025 @ 19:30:17.849",4624,"LAB3-09",Negotiate,1068,"2025-04-14T07:37:37.4921330Z",5,Advapi,SYSTEM
"Apr 14, 2025 @ 19:30:17.818",4624,"LAB3-09",Negotiate,1068,"2025-04-14T07:30:07.8875635Z",5,Advapi,SYSTEM
"Apr 14, 2025 @ 19:30:17.787",4624,"LAB3-09",Negotiate,1068,"2025-04-14T07:02:40.0794362Z",5,Advapi,SYSTEM
"Apr 14, 2025 @ 19:30:17.756",4624,"LAB3-09",Negotiate,1068,"2025-04-14T07:02:40.0776871Z",5,Advapi,SYSTEM
"Apr 14, 2025 @ 19:30:17.725",4624,"LAB3-09",Negotiate,1068,"2025-04-14T06:50:43.7021608Z",5,Advapi,SYSTEM
"Apr 14, 2025 @ 19:30:17.693",4624,"LAB3-09",Negotiate,1068,"2025-04-14T06:50:43.7002302Z",5,Advapi,SYSTEM
"Apr 14, 2025 @ 19:30:17.662",4624,"LAB3-09",Negotiate,1068,"2025-04-14T06:29:57.7105657Z",5,Advapi,SYSTEM
"Apr 14, 2025 @ 19:30:17.631",4624,"LAB3-09",Negotiate,1068,"2025-04-14T05:51:16.4609878Z",5,Advapi,SYSTEM
"Apr 14, 2025 @ 19:30:17.599",4624,"LAB3-09",Negotiate,1068,"2025-04-14T05:50:47.5805288Z",5,Advapi,SYSTEM
"Apr 14, 2025 @ 19:30:17.568",4624,"LAB3-09",Negotiate,1068,"2025-04-14T05:50:47.3268551Z",5,Advapi,SYSTEM
"Apr 14, 2025 @ 19:30:17.537",4624,"LAB3-09",Negotiate,1068,"2025-04-14T05:50:43.2835962Z",5,Advapi,SYSTEM
"Apr 14, 2025 @ 19:30:17.506",4624,"LAB3-09",Negotiate,1068,"2025-04-14T05:50:43.2815201Z",5,Advapi,SYSTEM
"Apr 14, 2025 @ 19:30:17.479",4624,"LAB3-09",Negotiate,1068,"2025-04-14T05:40:31.9635795Z",5,Advapi,SYSTEM
"Apr 14, 2025 @ 19:30:17.449",4624,"LAB3-09",Negotiate,1068,"2025-04-14T05:40:31.9588272Z",5,Advapi,SYSTEM
"Apr 14, 2025 @ 19:30:17.417",4624,"LAB3-09",Negotiate,1068,"2025-04-14T05:38:01.3463275Z",5,Advapi,SYSTEM
"Apr 14, 2025 @ 19:30:17.385",4624,"LAB3-09",Negotiate,1068,"2025-04-14T05:38:01.2956577Z",5,Advapi,SYSTEM
"Apr 14, 2025 @ 19:30:17.370",4624,"LAB3-09",Negotiate,1068,"2025-04-14T05:37:57.5483593Z",5,Advapi,SYSTEM
"Apr 14, 2025 @ 19:30:17.339",4624,"LAB3-09",Negotiate,1068,"2025-04-14T05:32:52.1597350Z",5,Advapi,SYSTEM
"Apr 14, 2025 @ 19:30:17.308",4624,"LAB3-09",Negotiate,1068,"2025-04-14T05:31:20.3014277Z",5,Advapi,SYSTEM
"Apr 14, 2025 @ 19:30:17.277",4624,"LAB3-09",Negotiate,1068,"2025-04-14T05:29:46.2744490Z",5,Advapi,SYSTEM
"Apr 14, 2025 @ 19:30:17.245",4624,"LAB3-09",Negotiate,1068,"2025-04-14T05:26:56.2753148Z",5,Advapi,SYSTEM
"Apr 14, 2025 @ 19:30:17.234",4624,"LAB3-11",Negotiate,1032,"2025-04-14T14:26:47.1686418Z",5,Advapi,SYSTEM
"Apr 14, 2025 @ 19:30:17.218",4624,"LAB3-11",Negotiate,1032,"2025-04-14T13:43:18.8991319Z",5,Advapi,SYSTEM
"Apr 14, 2025 @ 19:30:17.214",4624,"LAB3-09",Negotiate,1068,"2025-04-14T05:24:57.1830908Z",5,Advapi,SYSTEM
"Apr 14, 2025 @ 19:30:17.204",4624,"LAB3-11",Negotiate,1032,"2025-04-14T13:28:27.7666391Z",5,Advapi,SYSTEM
"Apr 14, 2025 @ 19:30:17.183",4624,"LAB3-09",Negotiate,1068,"2025-04-14T05:24:53.5123116Z",5,Advapi,SYSTEM
"Apr 14, 2025 @ 19:30:17.174",4624,"LAB3-11",Kerberos,1032,"2025-04-14T13:26:36.7744546Z",3,Kerberos,"LAB3-11$"
"Apr 14, 2025 @ 19:30:17.152",4624,"LAB3-09",Negotiate,1068,"2025-04-14T05:24:48.6266319Z",5,Advapi,SYSTEM
"Apr 14, 2025 @ 19:30:17.125",4624,"LAB3-11",Kerberos,1032,"2025-04-14T13:26:36.5904857Z",3,Kerberos,"LAB3-11$"
"Apr 14, 2025 @ 19:30:17.120",4624,"LAB3-09",Negotiate,1068,"2025-04-14T05:24:46.7671898Z",5,Advapi,SYSTEM
"Apr 14, 2025 @ 19:30:17.093",4624,"LAB3-11",Negotiate,1032,"2025-04-14T13:24:26.3942053Z",5,Advapi,SYSTEM
"Apr 14, 2025 @ 19:30:17.089",4624,"LAB3-09",Negotiate,1068,"2025-04-14T05:24:18.6445732Z",5,Advapi,SYSTEM
"Apr 14, 2025 @ 19:30:17.078",4624,"LAB3-11",Negotiate,1032,"2025-04-14T13:18:37.9142958Z",5,Advapi,SYSTEM
"Apr 14, 2025 @ 19:30:17.058",4624,"LAB3-09",Negotiate,1068,"2025-04-14T05:24:00.6703593Z",5,Advapi,SYSTEM
"Apr 14, 2025 @ 19:30:17.046",4624,"LAB3-11",Kerberos,1032,"2025-04-14T13:07:03.6768987Z",3,Kerberos,"LAB3-11$"
"Apr 14, 2025 @ 19:30:17.027",4624,"LAB3-09",Negotiate,1068,"2025-04-14T05:22:41.8660604Z",5,Advapi,SYSTEM
"Apr 14, 2025 @ 19:30:17.015",4624,"LAB3-11",Kerberos,1032,"2025-04-14T13:07:03.5304249Z",3,Kerberos,"LAB3-11$"
"Apr 14, 2025 @ 19:30:16.999",4624,"LAB3-11",Negotiate,1032,"2025-04-14T12:55:51.2754084Z",5,Advapi,SYSTEM
"Apr 14, 2025 @ 19:30:16.995",4624,"LAB3-09",Negotiate,1068,"2025-04-14T05:21:00.6058224Z",5,Advapi,SYSTEM
"Apr 14, 2025 @ 19:30:16.984",4624,"LAB3-11",Negotiate,1032,"2025-04-14T12:53:40.4942686Z",5,Advapi,SYSTEM
"Apr 14, 2025 @ 19:30:16.968",4624,"LAB3-11",Negotiate,1032,"2025-04-14T12:43:18.0942709Z",5,Advapi,SYSTEM
"Apr 14, 2025 @ 19:30:16.964",4624,"LAB3-09",Negotiate,1068,"2025-04-14T05:20:58.5374266Z",5,Advapi,SYSTEM
"Apr 14, 2025 @ 19:30:16.952",4624,"LAB3-11",Negotiate,1032,"2025-04-14T12:38:00.7340751Z",5,Advapi,SYSTEM
"Apr 14, 2025 @ 19:30:16.937",4624,"LAB3-11",Negotiate,1032,"2025-04-14T12:14:16.0810727Z",5,Advapi,SYSTEM
"Apr 14, 2025 @ 19:30:16.934",4624,"LAB3-09",Negotiate,1068,"2025-04-14T05:20:40.0639376Z",5,Advapi,SYSTEM
"Apr 14, 2025 @ 19:30:16.921",4624,"LAB3-11",Negotiate,1032,"2025-04-14T12:14:10.0795687Z",5,Advapi,SYSTEM
"Apr 14, 2025 @ 19:30:16.906",4624,"LAB3-11",Negotiate,1032,"2025-04-14T12:09:36.2342461Z",5,Advapi,SYSTEM
"Apr 14, 2025 @ 19:30:16.902",4624,"LAB3-09",Negotiate,1068,"2025-04-14T05:20:39.7515263Z",5,Advapi,SYSTEM
"Apr 14, 2025 @ 19:30:16.890",4624,"LAB3-11",Negotiate,1032,"2025-04-14T12:05:02.6527831Z",5,Advapi,SYSTEM
"Apr 14, 2025 @ 19:30:16.875",4624,"LAB3-11",Negotiate,1032,"2025-04-14T11:51:40.7456540Z",5,Advapi,SYSTEM
"Apr 14, 2025 @ 19:30:16.871",4624,"LAB3-09",Negotiate,1068,"2025-04-14T05:20:39.7312675Z",5,Advapi,SYSTEM
"Apr 14, 2025 @ 19:30:16.859",4624,"LAB3-11",Negotiate,1032,"2025-04-14T11:47:18.9511587Z",5,Advapi,SYSTEM
"Apr 14, 2025 @ 19:30:16.843",4624,"LAB3-11",Negotiate,1032,"2025-04-14T11:42:46.0974798Z",5,Advapi,SYSTEM
"Apr 14, 2025 @ 19:30:16.840",4624,"LAB3-09",Negotiate,1068,"2025-04-14T05:09:13.0985885Z",5,Advapi,"SQLTELEMETRY$SQLEXPRESS"
"Apr 14, 2025 @ 19:30:16.827",4624,"LAB3-11",Negotiate,1032,"2025-04-14T11:37:00.6521577Z",5,Advapi,SYSTEM
"Apr 14, 2025 @ 19:30:16.796",4624,"LAB3-11",Kerberos,1032,"2025-04-14T11:35:04.3662240Z",3,Kerberos,"LAB3-11$"
"Apr 14, 2025 @ 19:30:16.777",4624,"LAB3-09",Negotiate,1068,"2025-04-14T05:09:12.3145985Z",5,Advapi,"MSSQL$SQLEXPRESS"
"Apr 14, 2025 @ 19:30:16.765",4624,"LAB3-11",Kerberos,1032,"2025-04-14T11:35:04.0202578Z",3,Kerberos,"LAB3-11$"
"Apr 14, 2025 @ 19:30:16.750",4624,"LAB3-11",Negotiate,1032,"2025-04-14T11:31:21.4669816Z",5,Advapi,SYSTEM
"Apr 14, 2025 @ 19:30:16.734",4624,"LAB3-11",Negotiate,1032,"2025-04-14T11:24:42.4746586Z",5,Advapi,SYSTEM
"Apr 14, 2025 @ 19:30:16.718",4624,"LAB3-11",Negotiate,1032,"2025-04-14T11:19:02.4467858Z",5,Advapi,SYSTEM
"Apr 14, 2025 @ 19:30:16.702",4624,"LAB3-11",Negotiate,1032,"2025-04-14T11:12:01.7673825Z",5,Advapi,SYSTEM
"Apr 14, 2025 @ 19:30:16.699",4624,"LAB3-09",Negotiate,1068,"2025-04-14T05:09:07.6876447Z",5,Advapi,"MSSQL$SQLEXPRESS"
"Apr 14, 2025 @ 19:30:16.687",4624,"LAB3-11",Negotiate,1032,"2025-04-14T11:08:45.9943006Z",5,Advapi,SYSTEM
"Apr 14, 2025 @ 19:30:16.671",4624,"LAB3-11",Negotiate,1032,"2025-04-14T11:08:45.9550287Z",5,Advapi,SYSTEM
"Apr 14, 2025 @ 19:30:16.656",4624,"LAB3-11",Negotiate,1032,"2025-04-14T10:54:01.6265800Z",5,Advapi,SYSTEM
"Apr 14, 2025 @ 19:30:16.641",4624,"LAB3-11",Negotiate,1032,"2025-04-14T10:40:03.7920283Z",5,Advapi,SYSTEM
"Apr 14, 2025 @ 19:30:16.625",4624,"LAB3-11",Negotiate,1032,"2025-04-14T10:39:06.3321370Z",5,Advapi,SYSTEM
"Apr 14, 2025 @ 19:30:16.609",4624,"LAB3-11",Negotiate,1032,"2025-04-14T10:35:35.9454343Z",5,Advapi,SYSTEM
"Apr 14, 2025 @ 19:30:16.605",4624,"LAB3-09",Negotiate,1068,"2025-04-14T05:09:02.9344024Z",5,Advapi,"MSSQL$SQLEXPRESS"
"Apr 14, 2025 @ 19:30:16.594",4624,"LAB3-11",Negotiate,1032,"2025-04-14T10:33:21.6148518Z",5,Advapi,SYSTEM
"Apr 14, 2025 @ 19:30:16.578",4624,"LAB3-11",Negotiate,1032,"2025-04-14T10:29:24.5389575Z",5,Advapi,SYSTEM
"Apr 14, 2025 @ 19:30:16.562",4624,"LAB3-11",Negotiate,1032,"2025-04-14T10:23:40.8456374Z",5,Advapi,SYSTEM
"Apr 14, 2025 @ 19:30:16.547",4624,"LAB3-11",Negotiate,1032,"2025-04-14T10:23:10.2931608Z",5,Advapi,SYSTEM
"Apr 14, 2025 @ 19:30:16.543",4624,"LAB3-09",Negotiate,1068,"2025-04-14T05:08:34.7740902Z",5,Advapi,SYSTEM
"Apr 14, 2025 @ 19:30:16.531",4624,"LAB3-11",Negotiate,1032,"2025-04-14T10:15:40.2878101Z",5,Advapi,SYSTEM
"Apr 14, 2025 @ 19:30:16.516",4624,"LAB3-11",Negotiate,1032,"2025-04-14T10:11:34.5987215Z",5,Advapi,SYSTEM
"Apr 14, 2025 @ 19:30:16.512",4624,"LAB3-09",Negotiate,1068,"2025-04-14T05:03:55.1949976Z",5,Advapi,SQLTELEMETRY
"Apr 14, 2025 @ 19:30:16.500",4624,"LAB3-11",Negotiate,1032,"2025-04-14T10:09:02.3850979Z",5,Advapi,SYSTEM
"Apr 14, 2025 @ 19:30:16.449",4624,"LAB3-09",Negotiate,1068,"2025-04-14T05:03:54.2720693Z",5,Advapi,MSSQLSERVER
"Apr 14, 2025 @ 19:30:16.387",4624,"LAB3-09",Negotiate,1068,"2025-04-14T05:03:46.1649980Z",5,Advapi,MSSQLSERVER
"Apr 14, 2025 @ 19:30:16.375",4624,"LAB3-11",Kerberos,1032,"2025-04-14T10:03:04.4842575Z",3,Kerberos,"LAB3-11$"
"Apr 14, 2025 @ 19:30:16.344",4624,"LAB3-11",Kerberos,1032,"2025-04-14T10:03:04.2685303Z",3,Kerberos,"LAB3-11$"
"Apr 14, 2025 @ 19:30:16.328",4624,"LAB3-11",Negotiate,1032,"2025-04-14T09:56:16.1327663Z",5,Advapi,SYSTEM
"Apr 14, 2025 @ 19:30:16.327",4624,"LAB3-09",Negotiate,1068,"2025-04-14T05:02:22.8424295Z",5,Advapi,SYSTEM
"Apr 14, 2025 @ 19:30:16.313",4624,"LAB3-11",Negotiate,1032,"2025-04-14T09:53:13.3587236Z",5,Advapi,SYSTEM
"Apr 14, 2025 @ 19:30:16.297",4624,"LAB3-11",Negotiate,1032,"2025-04-14T09:51:40.0524830Z",5,Advapi,SYSTEM
"Apr 14, 2025 @ 19:30:16.282",4624,"LAB3-11",Negotiate,1032,"2025-04-14T09:51:21.5490944Z",5,Advapi,SYSTEM
"Apr 14, 2025 @ 19:30:16.280",4624,"LAB3-09",Negotiate,1068,"2025-04-14T05:01:01.8692194Z",5,Advapi,SYSTEM
"Apr 14, 2025 @ 19:30:16.250",4624,"LAB3-11",Negotiate,1032,"2025-04-14T09:51:19.2960169Z",5,Advapi,SYSTEM
"Apr 14, 2025 @ 19:30:16.249",4624,"LAB3-09",Negotiate,1068,"2025-04-14T05:01:01.8479284Z",5,Advapi,SYSTEM
"Apr 14, 2025 @ 19:30:16.234",4624,"LAB3-11",Negotiate,1032,"2025-04-14T09:51:19.0933348Z",5,Advapi,SYSTEM
"Apr 14, 2025 @ 19:30:16.219",4624,"LAB3-11",Negotiate,1032,"2025-04-14T09:51:18.9836490Z",5,Advapi,SYSTEM
"Apr 14, 2025 @ 19:30:16.218",4624,"LAB3-09",Negotiate,1068,"2025-04-14T05:00:59.7693367Z",5,Advapi,SYSTEM
"Apr 14, 2025 @ 19:30:16.203",4624,"LAB3-11",Negotiate,1032,"2025-04-14T09:47:32.3315526Z",5,Advapi,SYSTEM
"Apr 14, 2025 @ 19:30:16.188",4624,"LAB3-11",Negotiate,1032,"2025-04-14T09:45:21.4644883Z",5,Advapi,SYSTEM
"Apr 14, 2025 @ 19:30:16.186",4624,"LAB3-09",Negotiate,1068,"2025-04-14T05:00:46.9288043Z",5,Advapi,SYSTEM
"Apr 14, 2025 @ 19:30:16.172",4624,"LAB3-11",Negotiate,1032,"2025-04-14T09:45:17.8811577Z",5,Advapi,SYSTEM
"Apr 14, 2025 @ 19:30:16.157",4624,"LAB3-11",Negotiate,1032,"2025-04-14T09:34:10.8009664Z",5,Advapi,SYSTEM
"Apr 14, 2025 @ 19:30:16.155",4624,"LAB3-09",Negotiate,1068,"2025-04-14T05:00:46.9266579Z",5,Advapi,SYSTEM
"Apr 14, 2025 @ 19:30:16.141",4624,"LAB3-11",Negotiate,1032,"2025-04-14T09:25:16.3460885Z",5,Advapi,SYSTEM
"Apr 14, 2025 @ 19:30:16.126",4624,"LAB3-09",Negotiate,1068,"2025-04-14T04:52:41.9595656Z",5,Advapi,SYSTEM
"Apr 14, 2025 @ 19:30:16.126",4624,"LAB3-11",Negotiate,1032,"2025-04-14T09:24:30.2058174Z",5,Advapi,SYSTEM
"Apr 14, 2025 @ 19:30:16.110",4624,"LAB3-11",Negotiate,1032,"2025-04-14T09:23:17.6513084Z",5,Advapi,SYSTEM
"Apr 14, 2025 @ 19:30:16.094",4624,"LAB3-11",Negotiate,1032,"2025-04-14T09:23:17.3511347Z",5,Advapi,SYSTEM
"Apr 14, 2025 @ 19:30:16.093",4624,"LAB3-09",Negotiate,1068,"2025-04-14T04:52:38.9538363Z",5,Advapi,SYSTEM
"Apr 14, 2025 @ 19:30:16.079",4624,"LAB3-11",Negotiate,1032,"2025-04-14T09:23:09.5734997Z",5,Advapi,SYSTEM
"Apr 14, 2025 @ 19:30:16.063",4624,"LAB3-11",Negotiate,1032,"2025-04-14T09:20:03.9300701Z",5,Advapi,SYSTEM
"Apr 14, 2025 @ 19:30:16.062",4624,"LAB3-09",Negotiate,1068,"2025-04-14T04:52:18.4791886Z",5,Advapi,SYSTEM
"Apr 14, 2025 @ 19:30:16.048",4624,"LAB3-11",Negotiate,1032,"2025-04-14T09:17:05.6384015Z",5,Advapi,SYSTEM
"Apr 14, 2025 @ 19:30:16.032",4624,"LAB3-09",Negotiate,1068,"2025-04-14T04:52:14.8665966Z",5,Advapi,SYSTEM
"Apr 14, 2025 @ 19:30:16.032",4624,"LAB3-11",Negotiate,1032,"2025-04-14T09:14:22.1997215Z",5,Advapi,SYSTEM
"Apr 14, 2025 @ 19:30:16.016",4624,"LAB3-11",Negotiate,1032,"2025-04-14T09:13:54.9084561Z",5,Advapi,SYSTEM
"Apr 14, 2025 @ 19:30:16.002",4624,"LAB3-11",Negotiate,1032,"2025-04-14T09:13:54.8935593Z",5,Advapi,SYSTEM
"Apr 14, 2025 @ 19:30:15.999",4624,"LAB3-09",Negotiate,1068,"2025-04-14T04:52:14.6127542Z",5,Advapi,SYSTEM
"Apr 14, 2025 @ 19:30:15.985",4624,"LAB3-11",Negotiate,1032,"2025-04-14T09:13:16.7221010Z",5,Advapi,SYSTEM
"Apr 14, 2025 @ 19:30:15.970",4624,"LAB3-11",Negotiate,1032,"2025-04-14T09:12:10.7371352Z",5,Advapi,SYSTEM
"Apr 14, 2025 @ 19:30:15.954",4624,"LAB3-11",Negotiate,1032,"2025-04-14T09:09:20.1695749Z",5,Advapi,SYSTEM
"Apr 14, 2025 @ 19:30:15.952",4624,"LAB3-09",Negotiate,1068,"2025-04-14T04:52:06.4111952Z",5,Advapi,SYSTEM
"Apr 14, 2025 @ 19:30:15.938",4624,"LAB3-11",Negotiate,1032,"2025-04-14T09:09:02.3515722Z",5,Advapi,SYSTEM
"Apr 14, 2025 @ 19:30:15.922",4624,"LAB3-11",Negotiate,1032,"2025-04-14T09:08:29.6205799Z",5,Advapi,SYSTEM
"Apr 14, 2025 @ 19:30:15.921",4624,"LAB3-09",Negotiate,1068,"2025-04-14T04:51:10.5856898Z",5,Advapi,SYSTEM
"Apr 14, 2025 @ 19:30:15.907",4624,"LAB3-11",Negotiate,1032,"2025-04-14T09:08:28.9589689Z",5,Advapi,SYSTEM
"Apr 14, 2025 @ 19:30:15.891",4624,"LAB3-11",Negotiate,1032,"2025-04-14T09:08:26.4331604Z",5,Advapi,SYSTEM
"Apr 14, 2025 @ 19:30:15.890",4624,"LAB3-09",Negotiate,1068,"2025-04-14T04:50:56.7350238Z",5,Advapi,SYSTEM
"Apr 14, 2025 @ 19:30:15.876",4624,"LAB3-11",Negotiate,1032,"2025-04-14T09:08:25.6285826Z",5,Advapi,SYSTEM
"Apr 14, 2025 @ 19:30:15.860",4624,"LAB3-11",Negotiate,1032,"2025-04-14T09:08:23.6583354Z",5,Advapi,SYSTEM
"Apr 14, 2025 @ 19:30:15.859",4624,"LAB3-09",Negotiate,1068,"2025-04-14T04:49:09.8676531Z",5,Advapi,SYSTEM
"Apr 14, 2025 @ 19:30:15.845",4624,"LAB3-11",Negotiate,1032,"2025-04-14T09:08:20.5506550Z",5,Advapi,SYSTEM
"Apr 14, 2025 @ 19:30:15.829",4624,"LAB3-11",Negotiate,1032,"2025-04-14T09:08:20.5105453Z",5,Advapi,SYSTEM
"Apr 14, 2025 @ 19:30:15.828",4624,"LAB3-09",Negotiate,1068,"2025-04-14T04:49:08.2876734Z",5,Advapi,SYSTEM
"Apr 14, 2025 @ 19:30:15.813",4624,"LAB3-11",Negotiate,1032,"2025-04-14T09:08:19.3003012Z",5,Advapi,SYSTEM
"Apr 14, 2025 @ 19:30:15.797",4624,"LAB3-11",Negotiate,1032,"2025-04-14T09:08:16.9647802Z",5,Advapi,SYSTEM
"Apr 14, 2025 @ 19:30:15.796",4624,"LAB3-09",Negotiate,1068,"2025-04-14T04:45:22.4489655Z",5,Advapi,SYSTEM
"Apr 14, 2025 @ 19:30:15.782",4624,"LAB3-11",Negotiate,1032,"2025-04-14T09:08:16.9647649Z",5,Advapi,SYSTEM
"Apr 14, 2025 @ 19:30:15.766",4624,"LAB3-11",Negotiate,1032,"2025-04-14T09:08:16.9647625Z",5,Advapi,SYSTEM
"Apr 14, 2025 @ 19:30:15.750",4624,"LAB3-09",Negotiate,1068,"2025-04-14T04:45:20.2984209Z",5,Advapi,SYSTEM
"Apr 14, 2025 @ 19:30:15.720",4624,"LAB3-11",Negotiate,1032,"2025-04-14T09:08:16.4981207Z",7,Negotiat,"ack.user"
"Apr 14, 2025 @ 19:30:15.719",4624,"LAB3-09",Negotiate,1068,"2025-04-14T04:44:58.7136403Z",5,Advapi,SYSTEM
"Apr 14, 2025 @ 19:30:15.704",4624,"LAB3-11",Negotiate,1032,"2025-04-14T09:08:16.4981099Z",7,Negotiat,"ack.user"
"Apr 14, 2025 @ 19:30:15.687",4624,"LAB3-09",Negotiate,1068,"2025-04-14T04:44:58.2918659Z",5,Advapi,SYSTEM
"Apr 14, 2025 @ 19:30:15.679",4624,"LAB3-11",Negotiate,1032,"2025-04-14T09:08:16.4727263Z",5,Advapi,SYSTEM
"Apr 14, 2025 @ 19:30:15.657",4624,"LAB3-11",Negotiate,1032,"2025-04-14T09:08:16.4144807Z",11,User32,"ack.user"
"Apr 14, 2025 @ 19:30:15.656",4624,"LAB3-09",Negotiate,1068,"2025-04-14T04:44:58.1979234Z",5,Advapi,SYSTEM
"Apr 14, 2025 @ 19:30:15.642",4624,"LAB3-11",Negotiate,1032,"2025-04-14T09:08:16.4144663Z",11,User32,"ack.user"
"Apr 14, 2025 @ 19:30:15.625",4624,"LAB3-09",Negotiate,1068,"2025-04-14T04:44:57.1146531Z",5,Advapi,SYSTEM
"Apr 14, 2025 @ 19:30:15.611",4624,"LAB3-11",Negotiate,1032,"2025-04-14T09:07:10.7624666Z",5,Advapi,SYSTEM
"Apr 14, 2025 @ 19:30:15.594",4624,"LAB3-09",Negotiate,1068,"2025-04-14T04:44:56.8698951Z",5,Advapi,SYSTEM
"Apr 14, 2025 @ 19:30:15.579",4624,"LAB3-11",Negotiate,1032,"2025-04-14T09:00:54.1109150Z",5,Advapi,SYSTEM
"Apr 14, 2025 @ 19:30:15.562",4624,"LAB3-09",Negotiate,1068,"2025-04-14T04:44:56.7741368Z",5,Advapi,SYSTEM
"Apr 14, 2025 @ 19:30:15.548",4624,"LAB3-11",Negotiate,1032,"2025-04-14T08:54:39.1803232Z",5,Advapi,SYSTEM
"Apr 14, 2025 @ 19:30:15.531",4624,"LAB3-09",Negotiate,1068,"2025-04-14T04:38:01.3930448Z",5,Advapi,SYSTEM
"Apr 14, 2025 @ 19:30:15.500",4624,"LAB3-09",Negotiate,1068,"2025-04-14T04:37:41.3727281Z",5,Advapi,SYSTEM
"Apr 14, 2025 @ 19:30:15.469",4624,"LAB3-09",Negotiate,1068,"2025-04-14T04:37:41.3726841Z",5,Advapi,SYSTEM
"Apr 14, 2025 @ 19:30:15.454",4624,"LAB3-11",Kerberos,1032,"2025-04-14T08:49:54.8279474Z",3,Kerberos,"ADMANAGER$"
"Apr 14, 2025 @ 19:30:15.439",4624,"LAB3-11",NTLM,1032,"2025-04-14T08:49:54.8213131Z",3,NtLmSsp,"ADMANAGER$"
"Apr 14, 2025 @ 19:30:15.423",4624,"LAB3-11",Kerberos,1032,"2025-04-14T08:49:54.7786429Z",3,Kerberos,Administrator
"Apr 14, 2025 @ 19:30:15.422",4624,"LAB3-09",Negotiate,1068,"2025-04-14T04:37:41.3726656Z",5,Advapi,SYSTEM
"Apr 14, 2025 @ 19:30:15.407",4624,"LAB3-11",Kerberos,1032,"2025-04-14T08:49:54.7355375Z",3,Kerberos,Administrator
"Apr 14, 2025 @ 19:30:15.381",4624,"LAB3-09",Negotiate,1068,"2025-04-14T04:37:00.4925546Z",5,Advapi,SYSTEM
"Apr 14, 2025 @ 19:30:15.350",4624,"LAB3-09",Negotiate,1068,"2025-04-14T04:37:00.4374109Z",5,Advapi,SYSTEM
"Apr 14, 2025 @ 19:30:15.318",4624,"LAB3-09",Negotiate,1068,"2025-04-14T04:36:55.4976007Z",5,Advapi,SYSTEM
"Apr 14, 2025 @ 19:30:15.272",4624,"LAB3-09",Negotiate,1068,"2025-04-14T04:36:41.1291853Z",5,Advapi,SYSTEM
"Apr 14, 2025 @ 19:30:15.251",4624,"LAB3-11",Negotiate,1032,"2025-04-14T08:28:15.2041551Z",5,Advapi,SYSTEM
"Apr 14, 2025 @ 19:30:15.240",4624,"LAB3-09",Negotiate,1068,"2025-04-14T04:33:54.4506374Z",5,Advapi,SYSTEM
"Apr 14, 2025 @ 19:30:15.224",4624,"LAB3-11",Negotiate,1032,"2025-04-14T08:27:36.1375548Z",5,Advapi,SYSTEM
"Apr 14, 2025 @ 19:30:15.212",4624,"LAB3-09",Negotiate,1068,"2025-04-14T04:32:46.4594818Z",5,Advapi,SYSTEM
"Apr 14, 2025 @ 19:30:15.180",4624,"LAB3-09",Negotiate,1068,"2025-04-14T04:32:12.0003211Z",5,Advapi,SYSTEM
"Apr 14, 2025 @ 19:30:15.158",4624,"LAB3-11",Negotiate,1032,"2025-04-14T08:15:32.0582202Z",5,Advapi,SYSTEM
"Apr 14, 2025 @ 19:30:15.149",4624,"LAB3-09",Negotiate,1068,"2025-04-14T04:32:11.0859434Z",5,Advapi,SYSTEM
"Apr 14, 2025 @ 19:30:15.127",4624,"LAB3-11",Negotiate,1032,"2025-04-14T07:58:13.9939345Z",5,Advapi,SYSTEM
"Apr 14, 2025 @ 19:30:15.117",4624,"LAB3-09",Negotiate,1068,"2025-04-14T04:31:40.4194240Z",5,Advapi,SYSTEM
"Apr 14, 2025 @ 19:30:15.096",4624,"LAB3-11",Negotiate,1032,"2025-04-14T07:48:15.3044166Z",5,Advapi,SYSTEM
"Apr 14, 2025 @ 19:30:15.088",4624,"LAB3-09",Negotiate,1068,"2025-04-14T04:29:50.1317811Z",5,Advapi,SYSTEM
"Apr 14, 2025 @ 19:30:15.064",4624,"LAB3-11",Negotiate,1032,"2025-04-14T07:31:26.4874805Z",5,Advapi,SYSTEM
"Apr 14, 2025 @ 19:30:15.056",4624,"LAB3-09",Negotiate,1068,"2025-04-14T04:29:48.2993406Z",5,Advapi,SYSTEM
"Apr 14, 2025 @ 19:30:15.024",4624,"LAB3-09",Negotiate,1068,"2025-04-14T04:29:48.2213856Z",5,Advapi,SYSTEM
"Apr 14, 2025 @ 19:30:15.018",4624,"LAB3-11",Negotiate,1032,"2025-04-14T07:26:24.5607068Z",5,Advapi,SYSTEM
"Apr 14, 2025 @ 19:30:15.008",4624,"LAB3-09",Negotiate,1068,"2025-04-14T04:29:46.2472901Z",5,Advapi,SYSTEM
"Apr 14, 2025 @ 19:30:15.002",4624,"LAB3-11",Negotiate,1032,"2025-04-14T07:26:24.5338077Z",5,Advapi,SYSTEM
"Apr 14, 2025 @ 19:30:14.977",4624,"LAB3-09",Negotiate,1068,"2025-04-14T04:29:46.1656657Z",5,Advapi,SYSTEM
"Apr 14, 2025 @ 19:30:14.955",4624,"LAB3-11",Negotiate,1032,"2025-04-14T07:26:22.9309489Z",5,Advapi,SYSTEM
"Apr 14, 2025 @ 19:30:14.946",4624,"LAB3-09",Negotiate,1068,"2025-04-14T04:29:45.8441096Z",5,Advapi,SYSTEM
"Apr 14, 2025 @ 19:30:14.930",4624,"LAB3-09",Negotiate,1068,"2025-04-14T04:29:45.8313944Z",5,Advapi,SYSTEM
"Apr 14, 2025 @ 19:30:14.908",4624,"LAB3-11",Negotiate,1032,"2025-04-14T07:15:32.1807100Z",5,Advapi,SYSTEM
"Apr 14, 2025 @ 19:30:14.899",4624,"LAB3-09",Negotiate,1068,"2025-04-14T04:29:45.8210715Z",5,Advapi,SYSTEM
"Apr 14, 2025 @ 19:30:14.846",4624,"LAB3-11",Kerberos,1032,"2025-04-14T06:59:02.8919946Z",3,Kerberos,"LAB3-11$"
"Apr 14, 2025 @ 19:30:14.836",4624,"LAB3-09",Negotiate,1068,"2025-04-13T11:24:08.9935746Z",5,Advapi,SYSTEM
"Apr 14, 2025 @ 19:30:14.805",4624,"LAB3-09",Negotiate,1068,"2025-04-13T11:23:03.5508381Z",5,Advapi,SYSTEM
"Apr 14, 2025 @ 19:30:14.783",4624,"LAB3-11",Kerberos,1032,"2025-04-14T06:59:02.4946819Z",3,Kerberos,"LAB3-11$"
"Apr 14, 2025 @ 19:30:14.774",4624,"LAB3-09",Negotiate,1068,"2025-04-13T11:22:57.1880335Z",5,Advapi,SYSTEM
"Apr 14, 2025 @ 19:30:14.752",4624,"LAB3-11",Negotiate,1032,"2025-04-14T06:26:24.7949433Z",5,Advapi,SYSTEM
"Apr 14, 2025 @ 19:30:14.744",4625,"LAB3-09",NTLM,1068,"2025-04-13T11:22:54.7273402Z",3,NtLmSsp,Administrator
"Apr 14, 2025 @ 19:30:14.721",4624,"LAB3-11",Negotiate,1032,"2025-04-14T06:15:32.3271225Z",5,Advapi,SYSTEM
"Apr 14, 2025 @ 19:30:14.712",4624,"LAB3-09",Negotiate,1068,"2025-04-13T11:22:50.7343107Z",5,Advapi,SYSTEM
"Apr 14, 2025 @ 19:30:14.690",4624,"LAB3-11",Negotiate,1032,"2025-04-14T05:41:31.8467131Z",5,Advapi,SYSTEM
"Apr 14, 2025 @ 19:30:14.680",4624,"LAB3-09",Negotiate,1068,"2025-04-13T11:22:50.3776525Z",5,Advapi,SYSTEM
"Apr 14, 2025 @ 19:30:14.659",4624,"LAB3-11",Negotiate,1032,"2025-04-14T05:39:23.7708078Z",5,Advapi,SYSTEM
"Apr 14, 2025 @ 19:30:14.649",4624,"LAB3-09",Negotiate,1068,"2025-04-13T11:22:49.7665151Z",5,Advapi,SYSTEM
"Apr 14, 2025 @ 19:30:14.627",4624,"LAB3-11",Negotiate,1032,"2025-04-14T05:36:31.0280006Z",5,Advapi,SYSTEM
"Apr 14, 2025 @ 19:30:14.618",4624,"LAB3-09",Negotiate,1068,"2025-04-13T11:22:48.3642033Z",5,Advapi,SYSTEM
"Apr 14, 2025 @ 19:30:14.581",4624,"LAB3-11",Negotiate,1032,"2025-04-14T05:36:24.2203887Z",5,Advapi,SYSTEM
"Apr 14, 2025 @ 19:30:14.550",4624,"LAB3-11",Negotiate,1032,"2025-04-14T05:30:23.0631385Z",5,Advapi,SYSTEM
"Apr 14, 2025 @ 19:30:14.540",4624,"LAB3-09",Negotiate,1068,"2025-04-13T11:22:44.4155498Z",7,Negotiat,"ack.user"
"Apr 14, 2025 @ 19:30:14.519",4624,"LAB3-11",Negotiate,1032,"2025-04-14T05:29:49.6171059Z",5,Advapi,SYSTEM
"Apr 14, 2025 @ 19:30:14.509",4624,"LAB3-09",Negotiate,1068,"2025-04-13T11:22:44.4155335Z",7,Negotiat,"ack.user"
"Apr 14, 2025 @ 19:30:14.486",4624,"LAB3-11",Negotiate,1032,"2025-04-14T05:29:48.9912242Z",5,Advapi,SYSTEM
"Apr 14, 2025 @ 19:30:14.446",4624,"LAB3-09",Negotiate,1068,"2025-04-13T11:22:44.1224204Z",5,Advapi,SYSTEM
"Apr 14, 2025 @ 19:30:14.440",4624,"LAB3-11",Negotiate,1032,"2025-04-14T05:28:36.3728518Z",5,Advapi,SYSTEM
"Apr 14, 2025 @ 19:30:14.415",4624,"LAB3-09",Negotiate,1068,"2025-04-13T11:22:42.5537317Z",5,Advapi,SYSTEM
"Apr 14, 2025 @ 19:30:14.409",4624,"LAB3-11",Negotiate,1032,"2025-04-14T05:28:36.0893191Z",5,Advapi,SYSTEM
"Apr 14, 2025 @ 19:30:14.384",4624,"LAB3-09",Negotiate,1068,"2025-04-13T11:22:39.8717605Z",5,Advapi,SYSTEM
"Apr 14, 2025 @ 19:30:14.378",4624,"LAB3-11",Negotiate,1032,"2025-04-14T05:28:35.9360940Z",5,Advapi,SYSTEM
"Apr 14, 2025 @ 19:30:14.352",4624,"LAB3-09",Negotiate,1068,"2025-04-13T11:22:38.6909114Z",5,Advapi,SYSTEM
"Apr 14, 2025 @ 19:30:14.346",4624,"LAB3-11",Negotiate,1032,"2025-04-14T05:28:35.5851876Z",5,Advapi,"SQLTELEMETRY$SQLEXPRESS"
"Apr 14, 2025 @ 19:30:14.324",4624,"LAB3-09",Negotiate,1068,"2025-04-13T11:22:38.6039103Z",5,Advapi,SYSTEM
"Apr 14, 2025 @ 19:30:14.290",4624,"LAB3-09",Negotiate,1068,"2025-04-13T11:22:36.2627585Z",5,Advapi,SYSTEM
"Apr 14, 2025 @ 19:30:14.284",4624,"LAB3-11",Negotiate,1032,"2025-04-14T05:28:35.3456591Z",5,Advapi,SQLTELEMETRY
"Apr 14, 2025 @ 19:30:14.259",4624,"LAB3-09",Negotiate,1068,"2025-04-13T11:22:36.0505503Z",5,Advapi,SYSTEM
"Apr 14, 2025 @ 19:30:14.228",4624,"LAB3-09",Negotiate,1068,"2025-04-13T11:22:33.9306010Z",5,Advapi,SYSTEM
"Apr 14, 2025 @ 19:30:14.221",4624,"LAB3-11",Negotiate,1032,"2025-04-14T05:28:33.9657134Z",5,Advapi,SYSTEM
"Apr 14, 2025 @ 19:30:14.197",4624,"LAB3-09",Negotiate,1068,"2025-04-13T11:22:32.6537088Z",5,Advapi,SYSTEM
"Apr 14, 2025 @ 19:30:14.190",4624,"LAB3-11",Negotiate,1032,"2025-04-14T05:28:32.7882027Z",5,Advapi,MSSQLSERVER
"Apr 14, 2025 @ 19:30:14.166",4624,"LAB3-09",Negotiate,1068,"2025-04-13T11:22:32.2727439Z",11,User32,"ack.user"
"Apr 14, 2025 @ 19:30:14.134",4624,"LAB3-09",Negotiate,1068,"2025-04-13T11:22:32.2727254Z",11,User32,"ack.user"
"Apr 14, 2025 @ 19:30:14.128",4624,"LAB3-11",Negotiate,1032,"2025-04-14T05:28:31.4080957Z",5,Advapi,"MSSQL$SQLEXPRESS"
"Apr 14, 2025 @ 19:30:14.072",4624,"LAB3-09",Negotiate,1068,"2025-04-13T11:22:17.8219675Z",5,Advapi,SYSTEM
"Apr 14, 2025 @ 19:30:14.066",4624,"LAB3-11",Negotiate,1032,"2025-04-14T05:27:36.1195706Z",5,Advapi,SYSTEM
"Apr 14, 2025 @ 19:30:14.034",4624,"LAB3-11",Negotiate,1032,"2025-04-14T05:27:32.4380435Z",5,Advapi,SYSTEM
"Apr 14, 2025 @ 19:30:14.003",4624,"LAB3-11",Negotiate,1032,"2025-04-14T05:27:32.4097323Z",5,Advapi,SYSTEM
"Apr 14, 2025 @ 19:30:13.982",4624,"LAB3-11",Negotiate,1032,"2025-04-14T05:27:32.3318221Z",5,Advapi,SYSTEM
"Apr 14, 2025 @ 19:30:13.981",4624,"LAB3-11",Negotiate,1032,"2025-04-14T05:27:02.2211312Z",5,Advapi,SYSTEM
"Apr 14, 2025 @ 19:30:13.981",4624,"LAB3-11",Negotiate,1032,"2025-04-14T05:27:16.3396753Z",5,Advapi,SYSTEM
"Apr 14, 2025 @ 19:30:13.980",4624,"LAB3-11",Negotiate,1032,"2025-04-14T05:27:02.1712338Z",5,Advapi,SYSTEM
"Apr 14, 2025 @ 19:30:13.980",4624,"LAB3-11",Negotiate,1032,"2025-04-14T05:27:02.1715380Z",5,Advapi,SYSTEM
"Apr 14, 2025 @ 19:30:13.769",4624,"LAB3-11",Kerberos,1032,"2025-04-14T05:27:02.1332715Z",3,Kerberos,"LAB3-11$"
"Apr 14, 2025 @ 19:30:13.707",4624,"LAB3-11",Kerberos,1032,"2025-04-14T05:27:01.7533863Z",3,Kerberos,"LAB3-11$"
"Apr 14, 2025 @ 19:30:13.675",4624,"LAB3-11",Negotiate,1032,"2025-04-14T05:26:30.3714535Z",5,Advapi,SYSTEM
"Apr 14, 2025 @ 19:30:13.644",4624,"LAB3-11",Negotiate,1032,"2025-04-14T05:26:23.2277827Z",5,Advapi,SYSTEM
"Apr 14, 2025 @ 19:30:13.613",4624,"LAB3-11",Negotiate,1032,"2025-04-14T05:26:22.5141333Z",5,Advapi,SYSTEM
"Apr 14, 2025 @ 19:30:10.508",4624,"LAB3-10",Negotiate,1068,"2025-04-14T14:23:25.4925704Z",5,Advapi,SYSTEM
"Apr 14, 2025 @ 19:30:10.508",4624,"LAB3-10",Negotiate,1068,"2025-04-14T14:22:27.1731166Z",5,Advapi,SYSTEM
"Apr 14, 2025 @ 19:30:10.507",4624,"LAB3-10",Negotiate,1068,"2025-04-14T14:19:57.9875887Z",5,Advapi,SYSTEM
"Apr 14, 2025 @ 19:30:10.507",4624,"LAB3-10",Negotiate,1068,"2025-04-14T14:16:35.7768824Z",5,Advapi,SYSTEM
"Apr 14, 2025 @ 19:30:10.507",4624,"LAB3-10",Negotiate,1068,"2025-04-14T14:21:49.7503234Z",5,Advapi,SYSTEM
"Apr 14, 2025 @ 19:30:10.506",4624,"LAB3-10",Negotiate,1068,"2025-04-14T14:15:46.3061798Z",5,Advapi,SYSTEM
"Apr 14, 2025 @ 19:30:10.506",4624,"LAB3-10",Negotiate,1068,"2025-04-14T14:15:40.7247953Z",5,Advapi,SYSTEM
"Apr 14, 2025 @ 19:30:10.505",4624,"LAB3-10",Negotiate,1068,"2025-04-14T14:15:39.7414289Z",5,Advapi,SYSTEM
"Apr 14, 2025 @ 19:30:10.505",4624,"LAB3-10",Negotiate,1068,"2025-04-14T14:15:35.1163410Z",5,Advapi,SYSTEM
"Apr 14, 2025 @ 19:30:10.505",4624,"LAB3-10",Negotiate,1068,"2025-04-14T14:14:15.2930985Z",5,Advapi,SYSTEM
"Apr 14, 2025 @ 19:30:10.504",4624,"LAB3-10",Kerberos,1068,"2025-04-14T14:12:15.8575950Z",3,Kerberos,"LAB3-10$"
"Apr 14, 2025 @ 19:30:10.503",4624,"LAB3-10",Kerberos,1068,"2025-04-14T13:26:50.5109970Z",3,Kerberos,"LAB3-10$"
"Apr 14, 2025 @ 19:30:10.503",4624,"LAB3-10",Negotiate,1068,"2025-04-14T13:48:59.5698342Z",5,Advapi,SYSTEM
"Apr 14, 2025 @ 19:30:10.503",4624,"LAB3-10",Kerberos,1068,"2025-04-14T13:26:50.4440454Z",3,Kerberos,"LAB3-10$"
"Apr 14, 2025 @ 19:30:10.503",4624,"LAB3-10",Kerberos,1068,"2025-04-14T14:12:15.5596858Z",3,Kerberos,"LAB3-10$"
"Apr 14, 2025 @ 19:30:10.180",4624,"LAB3-10",Negotiate,1068,"2025-04-14T13:11:33.4597551Z",5,Advapi,SYSTEM
"Apr 14, 2025 @ 19:30:10.180",4624,"LAB3-10",Negotiate,1068,"2025-04-14T13:03:06.8794048Z",5,Advapi,SYSTEM
"Apr 14, 2025 @ 19:30:10.179",4624,"LAB3-10",Negotiate,1068,"2025-04-14T12:39:29.4251228Z",5,Advapi,SYSTEM
"Apr 14, 2025 @ 19:30:10.179",4624,"LAB3-10",Negotiate,1068,"2025-04-14T12:39:26.6832182Z",5,Advapi,SYSTEM
"Apr 14, 2025 @ 19:30:10.179",4624,"LAB3-10",Negotiate,1068,"2025-04-14T12:48:32.4485447Z",5,Advapi,SYSTEM
"Apr 14, 2025 @ 19:30:10.178",4624,"LAB3-10",Negotiate,1068,"2025-04-14T12:33:38.8237788Z",5,Advapi,SYSTEM
"Apr 14, 2025 @ 19:30:10.178",4624,"LAB3-10",Negotiate,1068,"2025-04-14T12:30:46.9175432Z",5,Advapi,SYSTEM
"Apr 14, 2025 @ 19:30:10.177",4624,"LAB3-10",Negotiate,1068,"2025-04-14T12:30:46.7684316Z",5,Advapi,SYSTEM
"Apr 14, 2025 @ 19:30:10.177",4624,"LAB3-10",Negotiate,1068,"2025-04-14T12:30:46.4936816Z",5,Advapi,SYSTEM
"Apr 14, 2025 @ 19:30:10.176",4624,"LAB3-10",Kerberos,1068,"2025-04-14T12:27:22.0871278Z",3,Kerberos,"LAB3-10$"
"Apr 14, 2025 @ 19:30:10.176",4624,"LAB3-10",Kerberos,1068,"2025-04-14T12:27:22.2179102Z",3,Kerberos,"LAB3-10$"
"Apr 14, 2025 @ 19:30:10.175",4624,"LAB3-10",Negotiate,1068,"2025-04-14T12:26:14.8363414Z",5,Advapi,SYSTEM
"Apr 14, 2025 @ 19:30:10.175",4624,"LAB3-10",Negotiate,1068,"2025-04-14T12:20:56.8903446Z",5,Advapi,SYSTEM
"Apr 14, 2025 @ 19:30:10.175",4624,"LAB3-10",Negotiate,1068,"2025-04-14T12:18:22.3081333Z",5,Advapi,SYSTEM
"Apr 14, 2025 @ 19:30:10.174",4624,"LAB3-10",Negotiate,1068,"2025-04-14T12:15:52.5953462Z",5,Advapi,SYSTEM
"Apr 14, 2025 @ 19:30:10.174",4624,"LAB3-10",Negotiate,1068,"2025-04-14T12:16:09.2587624Z",5,Advapi,SYSTEM
"Apr 14, 2025 @ 19:30:10.174",4624,"LAB3-10",Negotiate,1068,"2025-04-14T12:16:50.1014400Z",5,Advapi,SYSTEM
"Apr 14, 2025 @ 19:30:10.173",4624,"LAB3-10",Negotiate,1068,"2025-04-14T12:15:51.2855151Z",5,Advapi,SYSTEM
"Apr 14, 2025 @ 19:30:10.173",4624,"LAB3-10",Negotiate,1068,"2025-04-14T12:15:51.4498741Z",5,Advapi,SYSTEM
"Apr 14, 2025 @ 19:30:10.173",4624,"LAB3-10",Negotiate,1068,"2025-04-14T12:15:52.2940518Z",5,Advapi,SYSTEM
"Apr 14, 2025 @ 19:30:10.172",4624,"LAB3-10",Negotiate,1068,"2025-04-14T12:15:45.6049270Z",5,Advapi,SYSTEM
"Apr 14, 2025 @ 19:30:10.172",4624,"LAB3-10",Negotiate,1068,"2025-04-14T12:15:45.6592941Z",5,Advapi,SYSTEM
"Apr 14, 2025 @ 19:30:10.172",4624,"LAB3-10",Negotiate,1068,"2025-04-14T12:15:45.6593514Z",5,Advapi,SYSTEM
"Apr 14, 2025 @ 19:30:10.172",4624,"LAB3-10",Negotiate,1068,"2025-04-14T12:15:45.6592668Z",5,Advapi,SYSTEM
"Apr 14, 2025 @ 19:30:10.171",4624,"LAB3-10",Negotiate,1068,"2025-04-14T12:15:45.3777596Z",2,User32,"ack.user"
"Apr 14, 2025 @ 19:30:10.171",4624,"LAB3-10",Negotiate,1068,"2025-04-14T12:15:45.3777308Z",2,User32,"ack.user"
"Apr 14, 2025 @ 19:30:10.170",4625,"LAB3-10",Negotiate,1068,"2025-04-14T12:14:35.2697638Z",2,User32,"ack.user"
"Apr 14, 2025 @ 19:30:10.170",4625,"LAB3-10",Negotiate,1068,"2025-04-14T12:14:48.1071640Z",2,User32,"ack.user"
"Apr 14, 2025 @ 19:30:10.170",4625,"LAB3-10",Negotiate,1068,"2025-04-14T12:15:29.6176956Z",2,User32,"ack.user"
"Apr 14, 2025 @ 19:30:10.168",4624,"LAB3-10",Negotiate,1068,"2025-04-14T12:13:06.1062036Z",5,Advapi,SYSTEM
"Apr 14, 2025 @ 19:30:10.168",4624,"LAB3-10",Negotiate,1068,"2025-04-14T12:13:05.5859986Z",5,Advapi,SYSTEM
"Apr 14, 2025 @ 19:30:10.167",4624,"LAB3-10",Negotiate,1068,"2025-04-14T12:13:05.4054806Z",2,Advapi,"DWM-2"
"Apr 14, 2025 @ 19:30:10.167",4624,"LAB3-10",Negotiate,1068,"2025-04-14T12:13:05.4721702Z",5,Advapi,SYSTEM
"Apr 14, 2025 @ 19:30:10.167",4624,"LAB3-10",Negotiate,1068,"2025-04-14T12:13:05.4054923Z",2,Advapi,"DWM-2"
"Apr 14, 2025 @ 19:30:10.166",4624,"LAB3-10",Negotiate,1068,"2025-04-14T12:13:05.3711963Z",2,Advapi,"UMFD-2"
"Apr 14, 2025 @ 19:30:10.165",4624,"LAB3-10",Negotiate,1068,"2025-04-14T12:05:06.6081317Z",5,Advapi,SYSTEM
"Apr 14, 2025 @ 19:30:10.165",4624,"LAB3-10",Negotiate,1068,"2025-04-14T12:12:22.4110006Z",5,Advapi,SYSTEM
"Apr 14, 2025 @ 19:30:10.164",4624,"LAB3-10",Negotiate,1068,"2025-04-14T12:01:06.4446584Z",5,Advapi,SYSTEM
"Apr 14, 2025 @ 19:30:10.164",4624,"LAB3-10",Negotiate,1068,"2025-04-14T11:25:14.0501224Z",5,Advapi,SYSTEM
"Apr 14, 2025 @ 19:30:10.164",4624,"LAB3-10",Negotiate,1068,"2025-04-14T11:15:49.0412486Z",5,Advapi,SYSTEM
"Apr 14, 2025 @ 19:30:10.163",4624,"LAB3-10",Negotiate,1068,"2025-04-14T11:10:47.8877449Z",5,Advapi,SYSTEM
"Apr 14, 2025 @ 19:30:10.163",4624,"LAB3-10",Negotiate,1068,"2025-04-14T11:07:15.5477817Z",5,Advapi,SYSTEM
"Apr 14, 2025 @ 19:30:10.163",4624,"LAB3-10",Negotiate,1068,"2025-04-14T11:02:43.6008993Z",5,Advapi,SYSTEM
"Apr 14, 2025 @ 19:30:10.162",4624,"LAB3-10",Negotiate,1068,"2025-04-14T10:57:15.0402612Z",5,Advapi,SYSTEM
"Apr 14, 2025 @ 19:30:10.162",4624,"LAB3-10",Negotiate,1068,"2025-04-14T11:00:50.1592954Z",5,Advapi,SYSTEM
"Apr 14, 2025 @ 19:30:10.162",4624,"LAB3-10",Negotiate,1068,"2025-04-14T11:02:43.5176188Z",5,Advapi,SYSTEM
"Apr 14, 2025 @ 19:30:10.161",4624,"LAB3-10",Kerberos,1068,"2025-04-14T10:42:16.1187856Z",3,Kerberos,"LAB3-10$"
"Apr 14, 2025 @ 19:30:10.161",4624,"LAB3-10",Negotiate,1068,"2025-04-14T10:44:52.4202482Z",5,Advapi,SYSTEM
"Apr 14, 2025 @ 19:30:10.160",4624,"LAB3-10",Negotiate,1068,"2025-04-14T10:41:12.8175067Z",5,Advapi,SYSTEM
"Apr 14, 2025 @ 19:30:10.160",4624,"LAB3-10",Kerberos,1068,"2025-04-14T10:42:15.7214623Z",3,Kerberos,"LAB3-10$"
"Apr 14, 2025 @ 19:30:10.159",4624,"LAB3-10",Negotiate,1068,"2025-04-14T10:29:48.3190904Z",5,Advapi,SYSTEM
"Apr 14, 2025 @ 19:30:10.159",4624,"LAB3-10",Negotiate,1068,"2025-04-14T10:40:35.7819464Z",5,Advapi,SYSTEM
"Apr 14, 2025 @ 19:30:10.159",4624,"LAB3-10",Negotiate,1068,"2025-04-14T10:36:18.6823340Z",5,Advapi,SYSTEM
"Apr 14, 2025 @ 19:30:10.158",4624,"LAB3-10",Negotiate,1068,"2025-04-14T10:25:40.5895786Z",5,Advapi,SYSTEM
"Apr 14, 2025 @ 19:30:10.158",4624,"LAB3-10",Negotiate,1068,"2025-04-14T10:19:55.2268156Z",5,Advapi,SYSTEM
"Apr 14, 2025 @ 19:30:10.158",4624,"LAB3-10",Negotiate,1068,"2025-04-14T10:29:33.3935802Z",5,Advapi,SYSTEM
"Apr 14, 2025 @ 19:30:10.157",4624,"LAB3-10",Negotiate,1068,"2025-04-14T10:13:55.6633465Z",5,Advapi,SYSTEM
"Apr 14, 2025 @ 19:30:10.157",4624,"LAB3-10",Negotiate,1068,"2025-04-14T10:09:38.6028409Z",5,Advapi,SYSTEM
"Apr 14, 2025 @ 19:30:10.157",4624,"LAB3-10",Negotiate,1068,"2025-04-14T10:17:40.7974971Z",5,Advapi,SYSTEM
"Apr 14, 2025 @ 19:30:10.156",4624,"LAB3-10",Negotiate,1068,"2025-04-14T10:04:04.4865551Z",5,Advapi,SYSTEM
"Apr 14, 2025 @ 19:30:10.156",4624,"LAB3-10",Negotiate,1068,"2025-04-14T10:04:00.1698049Z",5,Advapi,SYSTEM
"Apr 14, 2025 @ 19:30:10.155",4624,"LAB3-10",Negotiate,1068,"2025-04-14T09:55:23.6152721Z",5,Advapi,SYSTEM
"Apr 14, 2025 @ 19:30:10.155",4624,"LAB3-10",Negotiate,1068,"2025-04-14T09:55:26.4720434Z",5,Advapi,SYSTEM
"Apr 14, 2025 @ 19:30:10.155",4624,"LAB3-10",Negotiate,1068,"2025-04-14T10:00:14.2982907Z",5,Advapi,SYSTEM
"Apr 14, 2025 @ 19:30:10.154",4624,"LAB3-10",Negotiate,1068,"2025-04-14T09:35:18.6357939Z",5,Advapi,SYSTEM
"Apr 14, 2025 @ 19:30:10.154",4624,"LAB3-10",Negotiate,1068,"2025-04-14T09:50:45.3495165Z",5,Advapi,SYSTEM
"Apr 14, 2025 @ 19:30:10.154",4624,"LAB3-10",Negotiate,1068,"2025-04-14T09:39:25.3493996Z",5,Advapi,SYSTEM
"Apr 14, 2025 @ 19:30:10.153",4624,"LAB3-10",Negotiate,1068,"2025-04-14T09:35:05.5080481Z",5,Advapi,SYSTEM
"Apr 14, 2025 @ 19:30:10.153",4624,"LAB3-10",Negotiate,1068,"2025-04-14T09:35:18.3893462Z",5,Advapi,SYSTEM
"Apr 14, 2025 @ 19:30:10.153",4624,"LAB3-10",Negotiate,1068,"2025-04-14T09:35:15.2217668Z",5,Advapi,SYSTEM
"Apr 14, 2025 @ 19:30:10.152",4624,"LAB3-10",Negotiate,1068,"2025-04-14T09:31:50.1611959Z",5,Advapi,SYSTEM
"Apr 14, 2025 @ 19:30:10.152",4624,"LAB3-10",Negotiate,1068,"2025-04-14T09:29:49.1738473Z",5,Advapi,SYSTEM
"Apr 14, 2025 @ 19:30:10.151",4624,"LAB3-10",Negotiate,1068,"2025-04-14T09:17:44.0448446Z",5,Advapi,SYSTEM
"Apr 14, 2025 @ 19:30:10.151",4624,"LAB3-10",Negotiate,1068,"2025-04-14T09:19:43.5777180Z",5,Advapi,SYSTEM
"Apr 14, 2025 @ 19:30:10.151",4624,"LAB3-10",Negotiate,1068,"2025-04-14T09:25:40.5785963Z",5,Advapi,SYSTEM
"Apr 14, 2025 @ 19:30:10.150",4624,"LAB3-10",Negotiate,1068,"2025-04-14T09:12:21.6333186Z",5,Advapi,SYSTEM
"Apr 14, 2025 @ 19:30:10.150",4624,"LAB3-10",Negotiate,1068,"2025-04-14T09:17:43.5952837Z",5,Advapi,SYSTEM
"Apr 14, 2025 @ 19:30:10.150",4624,"LAB3-10",Negotiate,1068,"2025-04-14T09:17:43.8921839Z",5,Advapi,SYSTEM
"Apr 14, 2025 @ 19:30:10.149",4624,"LAB3-10",Negotiate,1068,"2025-04-14T09:12:21.5823576Z",5,Advapi,SYSTEM
"Apr 14, 2025 @ 19:30:10.149",4624,"LAB3-10",Negotiate,1068,"2025-04-14T09:10:54.0323198Z",5,Advapi,SYSTEM
"Apr 14, 2025 @ 19:30:10.149",4624,"LAB3-10",Negotiate,1068,"2025-04-14T09:10:48.8610226Z",5,Advapi,SYSTEM
"Apr 14, 2025 @ 19:30:10.148",4624,"LAB3-10",Negotiate,1068,"2025-04-14T09:07:43.5195518Z",5,Advapi,SYSTEM
"Apr 14, 2025 @ 19:30:10.123",4624,"LAB3-10",Negotiate,1068,"2025-04-14T09:04:02.7519271Z",5,Advapi,SYSTEM
"Apr 14, 2025 @ 19:30:10.123",4624,"LAB3-10",Negotiate,1068,"2025-04-14T09:06:05.0833434Z",5,Advapi,SYSTEM
"Apr 14, 2025 @ 19:30:10.123",4624,"LAB3-10",Negotiate,1068,"2025-04-14T09:06:04.1649051Z",5,Advapi,SYSTEM
"Apr 14, 2025 @ 19:30:09.399",4624,"LAB3-10",Negotiate,1068,"2025-04-14T09:02:42.9708271Z",5,Advapi,SYSTEM
"Apr 14, 2025 @ 19:30:09.399",4624,"LAB3-10",Negotiate,1068,"2025-04-14T09:02:46.2700870Z",5,Advapi,SYSTEM
"Apr 14, 2025 @ 19:30:09.399",4624,"LAB3-10",Negotiate,1068,"2025-04-14T09:02:51.4697579Z",5,Advapi,SYSTEM
"Apr 14, 2025 @ 19:30:09.399",4624,"LAB3-10",Negotiate,1068,"2025-04-14T09:02:51.8912386Z",5,Advapi,SYSTEM
"Apr 14, 2025 @ 19:30:09.399",4624,"LAB3-10",Negotiate,1068,"2025-04-14T09:02:51.0630435Z",5,Advapi,SYSTEM
"Apr 14, 2025 @ 19:30:09.399",4624,"LAB3-10",Negotiate,1068,"2025-04-14T09:04:00.8057184Z",5,Advapi,SYSTEM
"Apr 14, 2025 @ 19:30:09.341",4624,"LAB3-10",Negotiate,1068,"2025-04-14T09:02:46.0080377Z",5,Advapi,SYSTEM
"Apr 14, 2025 @ 19:30:09.299",4624,"LAB3-10",Negotiate,1068,"2025-04-14T09:02:45.0788052Z",5,Advapi,SYSTEM
"Apr 14, 2025 @ 19:30:09.298",4624,"LAB3-10",Negotiate,1068,"2025-04-14T09:02:42.7326504Z",5,Advapi,SYSTEM
"Apr 14, 2025 @ 19:30:09.298",4624,"LAB3-10",Negotiate,1068,"2025-04-14T09:02:42.9709091Z",5,Advapi,SYSTEM
"Apr 14, 2025 @ 19:30:09.298",4624,"LAB3-10",Negotiate,1068,"2025-04-14T09:02:42.9709092Z",5,Advapi,SYSTEM
"Apr 14, 2025 @ 19:30:09.059",4624,"LAB3-10",Negotiate,1068,"2025-04-14T09:02:42.5611883Z",11,User32,"ack.user"
"Apr 14, 2025 @ 19:30:09.059",4624,"LAB3-10",Negotiate,1068,"2025-04-14T09:02:42.6362748Z",7,Negotiat,"ack.user"
"Apr 14, 2025 @ 19:30:09.059",4624,"LAB3-10",Negotiate,1068,"2025-04-14T09:02:42.6362842Z",7,Negotiat,"ack.user"
"Apr 14, 2025 @ 19:30:09.059",4624,"LAB3-10",Negotiate,1068,"2025-04-14T09:02:42.5611769Z",11,User32,"ack.user"
"Apr 14, 2025 @ 19:30:09.028",4624,"LAB3-10",Negotiate,1068,"2025-04-14T09:01:13.7785720Z",5,Advapi,SYSTEM
"Apr 14, 2025 @ 19:30:09.010",4624,"LAB3-10",NTLM,1068,"2025-04-14T08:29:19.0519131Z",3,NtLmSsp,"ADMANAGER$"
"Apr 14, 2025 @ 19:30:09.010",4624,"LAB3-10",Kerberos,1068,"2025-04-14T08:29:19.0572659Z",3,Kerberos,"ADMANAGER$"
"Apr 14, 2025 @ 19:30:08.700",4624,"LAB3-10",Negotiate,1068,"2025-04-14T08:29:17.4794759Z",5,Advapi,SYSTEM
"Apr 14, 2025 @ 19:30:08.658",4624,"LAB3-10",Negotiate,1068,"2025-04-14T08:15:40.1358595Z",5,Advapi,SYSTEM
"Apr 14, 2025 @ 19:30:08.658",4624,"LAB3-10",Kerberos,1068,"2025-04-14T08:29:14.3023567Z",3,Kerberos,Administrator
"Apr 14, 2025 @ 19:30:08.658",4624,"LAB3-10",Kerberos,1068,"2025-04-14T08:29:14.3390086Z",3,Kerberos,Administrator
"Apr 14, 2025 @ 19:30:08.658",4624,"LAB3-10",Negotiate,1068,"2025-04-14T08:28:41.1996301Z",5,Advapi,SYSTEM
"Apr 14, 2025 @ 19:30:08.452",4624,"LAB3-10",Negotiate,1068,"2025-04-14T07:31:40.4581021Z",5,Advapi,SYSTEM
"Apr 14, 2025 @ 19:30:08.414",4624,"LAB3-10",Negotiate,1068,"2025-04-14T07:15:40.2617630Z",5,Advapi,SYSTEM
"Apr 14, 2025 @ 19:30:08.301",4624,"LAB3-10",Kerberos,1068,"2025-04-14T07:12:14.8213757Z",3,Kerberos,"LAB3-10$"
"Apr 14, 2025 @ 19:30:08.301",4624,"LAB3-10",Kerberos,1068,"2025-04-14T07:12:14.5604974Z",3,Kerberos,"LAB3-10$"
"Apr 14, 2025 @ 19:30:08.287",4624,"LAB3-10",Negotiate,1068,"2025-04-14T06:26:45.5702895Z",5,Advapi,SYSTEM
"Apr 14, 2025 @ 19:30:08.277",4624,"LAB3-10",Negotiate,1068,"2025-04-14T06:15:40.3833421Z",5,Advapi,SYSTEM
"Apr 14, 2025 @ 19:30:08.277",4624,"LAB3-10",Negotiate,1068,"2025-04-14T06:25:00.2502498Z",5,Advapi,SYSTEM
"Apr 14, 2025 @ 19:30:07.826",4624,"LAB3-10",Negotiate,1068,"2025-04-14T05:39:36.3818951Z",5,Advapi,SYSTEM
"Apr 14, 2025 @ 19:30:07.824",4624,"LAB3-10",Negotiate,1068,"2025-04-14T05:34:14.6438592Z",5,Advapi,SYSTEM
"Apr 14, 2025 @ 19:30:07.824",4624,"LAB3-10",Negotiate,1068,"2025-04-14T05:36:36.6136432Z",5,Advapi,SYSTEM
"Apr 14, 2025 @ 19:30:07.718",4624,"LAB3-10",Negotiate,1068,"2025-04-14T05:34:14.0088742Z",5,Advapi,SYSTEM
"Apr 14, 2025 @ 19:30:07.717",4624,"LAB3-10",Negotiate,1068,"2025-04-14T05:28:49.4112605Z",5,Advapi,SYSTEM
"Apr 14, 2025 @ 19:30:07.717",4624,"LAB3-10",Negotiate,1068,"2025-04-14T05:30:36.2103025Z",5,Advapi,SYSTEM
"Apr 14, 2025 @ 19:30:07.717",4624,"LAB3-10",Negotiate,1068,"2025-04-14T05:28:49.6692076Z",5,Advapi,SYSTEM
"Apr 14, 2025 @ 19:30:07.717",4624,"LAB3-10",Negotiate,1068,"2025-04-14T05:29:27.8063304Z",5,Advapi,SYSTEM
"Apr 14, 2025 @ 19:30:07.716",4624,"LAB3-10",Negotiate,1068,"2025-04-14T05:28:49.2329338Z",5,Advapi,SYSTEM
"Apr 14, 2025 @ 19:30:07.716",4624,"LAB3-10",Negotiate,1068,"2025-04-14T05:28:48.8720152Z",5,Advapi,"SQLTELEMETRY$SQLEXPRESS"
"Apr 14, 2025 @ 19:30:07.393",4624,"LAB3-10",Negotiate,1068,"2025-04-14T05:28:48.6629444Z",5,Advapi,SQLTELEMETRY
"Apr 14, 2025 @ 19:30:07.151",4624,"LAB3-10",Negotiate,1068,"2025-04-14T05:28:47.2472256Z",5,Advapi,SYSTEM
"Apr 14, 2025 @ 19:30:07.150",4624,"LAB3-10",Negotiate,1068,"2025-04-14T05:28:44.5059529Z",5,Advapi,"MSSQL$SQLEXPRESS"
"Apr 14, 2025 @ 19:30:07.150",4624,"LAB3-10",Negotiate,1068,"2025-04-14T05:28:45.9289296Z",5,Advapi,MSSQLSERVER
"Apr 14, 2025 @ 19:30:06.849",4624,"LAB3-10",Negotiate,1068,"2025-04-14T05:28:32.1475703Z",5,Advapi,SYSTEM
"Apr 14, 2025 @ 19:30:06.834",4624,"LAB3-10",Negotiate,1068,"2025-04-14T05:27:44.4813218Z",5,Advapi,SYSTEM
"Apr 14, 2025 @ 19:30:06.818",4624,"LAB3-10",Negotiate,1068,"2025-04-14T05:27:44.4517522Z",5,Advapi,SYSTEM
"Apr 14, 2025 @ 19:30:06.802",4624,"LAB3-10",Negotiate,1068,"2025-04-14T05:27:44.3891827Z",5,Advapi,SYSTEM
"Apr 14, 2025 @ 19:30:06.791",4624,"LAB3-10",Negotiate,1068,"2025-04-14T05:27:30.3341963Z",5,Advapi,SYSTEM
"Apr 14, 2025 @ 19:30:06.791",4624,"LAB3-10",Negotiate,1068,"2025-04-14T05:27:14.2780273Z",5,Advapi,SYSTEM
"Apr 14, 2025 @ 19:30:06.756",4624,"LAB3-10",Negotiate,1068,"2025-04-14T05:27:14.2345783Z",5,Advapi,SYSTEM
"Apr 14, 2025 @ 19:30:06.741",4624,"LAB3-10",Negotiate,1068,"2025-04-14T05:27:14.2343166Z",5,Advapi,SYSTEM
"Apr 14, 2025 @ 19:30:06.709",4624,"LAB3-10",Kerberos,1068,"2025-04-14T05:27:14.1961652Z",3,Kerberos,"LAB3-10$"
"Apr 14, 2025 @ 19:30:06.678",4624,"LAB3-10",Kerberos,1068,"2025-04-14T05:27:13.8164127Z",3,Kerberos,"LAB3-10$"
"Apr 14, 2025 @ 19:30:06.662",4624,"LAB3-10",Negotiate,1068,"2025-04-14T05:26:45.1868485Z",5,Advapi,SYSTEM
"Apr 14, 2025 @ 19:30:06.646",4624,"LAB3-10",Negotiate,1068,"2025-04-14T05:26:44.4910789Z",5,Advapi,SYSTEM
"Apr 14, 2025 @ 19:30:06.631",4624,"LAB3-10",Negotiate,1068,"2025-04-14T05:26:43.4798394Z",5,Advapi,SYSTEM
"Apr 14, 2025 @ 19:30:06.615",4624,"LAB3-10",Negotiate,1068,"2025-04-14T05:26:43.3255666Z",5,Advapi,SYSTEM
"Apr 14, 2025 @ 19:30:06.599",4624,"LAB3-10",Negotiate,1068,"2025-04-14T05:26:43.3229181Z",5,Advapi,SYSTEM
"Apr 14, 2025 @ 19:30:06.584",4624,"LAB3-10",Negotiate,1068,"2025-04-14T05:26:43.3090752Z",5,Advapi,SYSTEM
"Apr 14, 2025 @ 19:30:06.568",4624,"LAB3-10",Negotiate,1068,"2025-04-14T05:26:43.3079943Z",5,Advapi,SYSTEM
"Apr 14, 2025 @ 19:30:06.553",4624,"LAB3-10",Negotiate,1068,"2025-04-14T05:26:43.3070564Z",5,Advapi,SYSTEM
"Apr 14, 2025 @ 19:30:06.537",4624,"LAB3-10",Negotiate,1068,"2025-04-14T05:26:43.3048805Z",5,Advapi,SYSTEM
"Apr 14, 2025 @ 19:30:06.522",4624,"LAB3-10",Negotiate,1068,"2025-04-14T05:26:43.3016092Z",5,Advapi,SYSTEM
"Apr 14, 2025 @ 19:30:06.490",4624,"LAB3-10",Negotiate,1068,"2025-04-14T05:26:43.2480079Z",5,Advapi,SYSTEM
"Apr 14, 2025 @ 19:30:04.183",4624,"DESKTOP-5JEIKFF",Negotiate,1016,"2025-04-14T14:29:56.5383539Z",5,Advapi,SYSTEM
"Apr 14, 2025 @ 19:30:04.160",4624,"DESKTOP-5JEIKFF",Negotiate,1016,"2025-04-14T14:29:18.8771035Z",2,User32,Project
"Apr 14, 2025 @ 19:30:04.157",4624,"DESKTOP-5JEIKFF",Negotiate,1016,"2025-04-14T14:29:18.8770956Z",2,User32,Project
"Apr 14, 2025 @ 19:30:04.145",4624,"DESKTOP-5JEIKFF",Negotiate,1016,"2025-04-14T14:29:17.2783799Z",5,Advapi,SYSTEM
"Apr 14, 2025 @ 19:30:04.139",4624,"DESKTOP-5JEIKFF",Negotiate,1016,"2025-04-14T14:29:17.0347666Z",5,Advapi,SYSTEM
"Apr 14, 2025 @ 19:30:04.092",4624,"DESKTOP-5JEIKFF",Negotiate,1016,"2025-04-14T14:29:16.6454738Z",5,Advapi,SYSTEM
"Apr 14, 2025 @ 19:30:04.087",4624,"DESKTOP-5JEIKFF",Negotiate,1016,"2025-04-14T14:29:16.3208784Z",5,Advapi,SYSTEM
"Apr 14, 2025 @ 19:30:04.078",4624,"DESKTOP-5JEIKFF",Negotiate,1016,"2025-04-14T14:29:12.6842289Z",5,Advapi,SYSTEM
"Apr 14, 2025 @ 19:30:04.043",4624,"DESKTOP-5JEIKFF",Negotiate,1016,"2025-04-14T11:02:01.1311338Z",5,Advapi,SYSTEM
"Apr 14, 2025 @ 19:30:04.037",4624,"DESKTOP-5JEIKFF",Negotiate,1016,"2025-04-14T11:01:58.3539975Z",5,Advapi,SYSTEM
"Apr 14, 2025 @ 19:30:04.031",4624,"DESKTOP-5JEIKFF",Negotiate,1016,"2025-04-14T11:01:58.0938035Z",5,Advapi,SYSTEM
"Apr 14, 2025 @ 19:30:04.025",4624,"DESKTOP-5JEIKFF",Negotiate,1016,"2025-04-14T11:01:58.0772590Z",5,Advapi,SYSTEM
"Apr 14, 2025 @ 19:30:03.983",4624,"DESKTOP-5JEIKFF",Negotiate,1016,"2025-04-14T11:01:58.0479444Z",5,Advapi,SYSTEM
"Apr 14, 2025 @ 19:30:03.976",4624,"DESKTOP-5JEIKFF",Negotiate,1016,"2025-04-14T10:57:06.7051114Z",5,Advapi,SYSTEM
"Apr 14, 2025 @ 19:30:03.971",4624,"DESKTOP-5JEIKFF",Negotiate,1016,"2025-04-14T10:39:22.8996729Z",5,Advapi,SYSTEM
"Apr 14, 2025 @ 19:30:03.965",4624,"DESKTOP-5JEIKFF",Negotiate,1016,"2025-04-14T10:38:51.7988997Z",5,Advapi,SYSTEM
"Apr 14, 2025 @ 19:30:03.959",4624,"DESKTOP-5JEIKFF",Negotiate,1016,"2025-04-14T10:38:18.1566543Z",5,Advapi,SYSTEM
"Apr 14, 2025 @ 19:30:03.950",4624,"DESKTOP-5JEIKFF",Negotiate,1016,"2025-04-14T10:35:41.3899073Z",5,Advapi,SYSTEM
"Apr 14, 2025 @ 19:30:03.944",4624,"DESKTOP-5JEIKFF",Negotiate,1016,"2025-04-14T10:34:45.7656107Z",5,Advapi,SYSTEM
"Apr 14, 2025 @ 19:30:03.938",4624,"DESKTOP-5JEIKFF",Negotiate,1016,"2025-04-14T10:27:29.6985673Z",5,Advapi,SYSTEM
"Apr 14, 2025 @ 19:30:03.906",4624,"DESKTOP-5JEIKFF",Negotiate,1016,"2025-04-14T10:27:26.5023934Z",5,Advapi,SYSTEM
"Apr 14, 2025 @ 19:30:03.900",4624,"DESKTOP-5JEIKFF",Negotiate,1016,"2025-04-14T10:27:24.9262335Z",5,Advapi,SYSTEM
"Apr 14, 2025 @ 19:30:03.894",4624,"DESKTOP-5JEIKFF",Negotiate,1016,"2025-04-14T10:27:24.2818079Z",5,Advapi,SYSTEM
"Apr 14, 2025 @ 19:30:03.883",4624,"DESKTOP-5JEIKFF",Negotiate,1016,"2025-04-14T10:27:23.9278072Z",5,Advapi,SYSTEM
"Apr 14, 2025 @ 19:30:03.842",4624,"DESKTOP-5JEIKFF",Negotiate,1016,"2025-04-14T10:27:23.8926004Z",5,Advapi,SYSTEM
"Apr 14, 2025 @ 19:30:03.836",4624,"DESKTOP-5JEIKFF",Negotiate,1016,"2025-04-14T10:27:23.8848268Z",5,Advapi,SYSTEM
"Apr 14, 2025 @ 19:30:03.828",4624,"DESKTOP-5JEIKFF",Negotiate,1016,"2025-04-14T10:27:07.0984793Z",5,Advapi,SYSTEM
"Apr 14, 2025 @ 19:30:03.784",4624,"DESKTOP-5JEIKFF",Negotiate,1016,"2025-04-14T10:20:07.0909174Z",5,Advapi,SYSTEM
"Apr 14, 2025 @ 19:30:03.769",4624,"DESKTOP-5JEIKFF",Negotiate,1016,"2025-04-14T10:20:06.9870071Z",5,Advapi,SYSTEM
"Apr 14, 2025 @ 19:30:03.754",4624,"DESKTOP-5JEIKFF",Negotiate,1016,"2025-04-14T10:18:55.7765274Z",5,Advapi,SYSTEM
"Apr 14, 2025 @ 19:30:03.570",4624,"DESKTOP-5JEIKFF",Negotiate,1016,"2025-04-14T10:17:10.9414522Z",5,Advapi,SYSTEM
"Apr 14, 2025 @ 19:30:03.564",4624,"DESKTOP-5JEIKFF",Negotiate,1016,"2025-04-14T10:17:10.4836304Z",5,Advapi,SYSTEM
"Apr 14, 2025 @ 19:30:03.555",4624,"DESKTOP-5JEIKFF",Negotiate,1016,"2025-04-14T10:17:10.2142955Z",5,Advapi,SYSTEM
"Apr 14, 2025 @ 19:30:03.549",4624,"DESKTOP-5JEIKFF",Negotiate,1016,"2025-04-14T10:17:10.2134821Z",5,Advapi,SYSTEM
"Apr 14, 2025 @ 01:00:56.013",4624,"DESKTOP-5JEIKFF",Negotiate,1016,"2025-04-13T20:00:56.8947313Z",5,Advapi,SYSTEM
"Apr 14, 2025 @ 01:00:55.999",4624,"DESKTOP-5JEIKFF",Negotiate,1016,"2025-04-13T20:00:56.7712696Z",5,Advapi,SYSTEM
"Apr 14, 2025 @ 01:00:55.997",4624,"DESKTOP-5JEIKFF",Negotiate,1016,"2025-04-13T20:00:56.7712425Z",5,Advapi,SYSTEM
"Apr 14, 2025 @ 01:00:53.782",4624,"DESKTOP-5JEIKFF",Negotiate,1016,"2025-04-13T20:00:54.5357574Z",5,Advapi,SYSTEM
"Apr 14, 2025 @ 01:00:39.463",4624,"DESKTOP-5JEIKFF",Negotiate,1016,"2025-04-13T20:00:40.2348249Z",5,Advapi,SYSTEM
"Apr 14, 2025 @ 00:53:23.836",4624,"DESKTOP-5JEIKFF",Negotiate,1016,"2025-04-13T19:53:24.6118825Z",5,Advapi,SYSTEM
"Apr 14, 2025 @ 00:52:32.261",4624,"DESKTOP-5JEIKFF",Negotiate,1016,"2025-04-13T19:52:33.0365389Z",5,Advapi,SYSTEM
"Apr 14, 2025 @ 00:48:12.839",4624,"DESKTOP-5JEIKFF",Negotiate,1016,"2025-04-13T19:48:13.6188614Z",5,Advapi,SYSTEM
"Apr 14, 2025 @ 00:43:12.199",4624,"DESKTOP-5JEIKFF",Negotiate,1016,"2025-04-13T19:43:12.9839404Z",5,Advapi,SYSTEM
"Apr 14, 2025 @ 00:32:51.624",4624,"DESKTOP-5JEIKFF",Negotiate,1016,"2025-04-13T19:32:52.4193913Z",5,Advapi,SYSTEM
"Apr 14, 2025 @ 00:18:12.806",4624,"DESKTOP-5JEIKFF",Negotiate,1016,"2025-04-13T19:18:13.6140805Z",5,Advapi,SYSTEM
"Apr 14, 2025 @ 00:03:12.815",4624,"DESKTOP-5JEIKFF",Negotiate,1016,"2025-04-13T19:03:13.6201643Z",5,Advapi,SYSTEM
"Apr 13, 2025 @ 23:53:23.749",4624,"DESKTOP-5JEIKFF",Negotiate,1016,"2025-04-13T18:53:24.5710871Z",5,Advapi,SYSTEM
"Apr 13, 2025 @ 23:48:12.786",4624,"DESKTOP-5JEIKFF",Negotiate,1016,"2025-04-13T18:48:13.6114019Z",5,Advapi,SYSTEM
"Apr 13, 2025 @ 23:35:06.610",4624,"DESKTOP-5JEIKFF",Negotiate,1016,"2025-04-13T18:35:07.4397667Z",5,Advapi,SYSTEM
"Apr 13, 2025 @ 23:32:51.577",4624,"DESKTOP-5JEIKFF",Negotiate,1016,"2025-04-13T18:32:52.4212332Z",5,Advapi,SYSTEM
"Apr 13, 2025 @ 23:32:01.507",4624,"DESKTOP-5JEIKFF",Negotiate,1016,"2025-04-13T18:32:02.3431338Z",5,Advapi,SYSTEM
"Apr 13, 2025 @ 23:18:12.761",4624,"DESKTOP-5JEIKFF",Negotiate,1016,"2025-04-13T18:18:13.6047142Z",5,Advapi,SYSTEM
"Apr 13, 2025 @ 23:04:55.698",4624,"DESKTOP-5JEIKFF",Negotiate,1016,"2025-04-13T18:04:56.5495842Z",5,Advapi,SYSTEM
"Apr 13, 2025 @ 23:02:40.745",4624,"DESKTOP-5JEIKFF",Negotiate,1016,"2025-04-13T18:02:41.5981718Z",5,Advapi,SYSTEM
"Apr 13, 2025 @ 23:00:57.471",4624,"DESKTOP-5JEIKFF",Negotiate,1016,"2025-04-13T18:00:58.3203268Z",5,Advapi,SYSTEM
"Apr 13, 2025 @ 23:00:48.065",4624,"DESKTOP-5JEIKFF",Negotiate,1016,"2025-04-13T18:00:48.9159223Z",5,Advapi,SYSTEM
"Apr 13, 2025 @ 23:00:46.912",4624,"DESKTOP-5JEIKFF",Negotiate,1016,"2025-04-13T18:00:47.7708131Z",5,Advapi,SYSTEM
"Apr 13, 2025 @ 22:55:04.642",4624,"DESKTOP-5JEIKFF",Negotiate,1016,"2025-04-13T17:55:05.5030882Z",5,Advapi,SYSTEM
"Apr 13, 2025 @ 22:53:40.572",4624,"DESKTOP-5JEIKFF",Negotiate,1016,"2025-04-13T17:53:41.4301934Z",5,Advapi,SYSTEM
"Apr 13, 2025 @ 22:53:25.925",4624,"DESKTOP-5JEIKFF",Negotiate,1016,"2025-04-13T17:53:26.7866539Z",5,Advapi,SYSTEM
"Apr 13, 2025 @ 22:53:23.579",4624,"DESKTOP-5JEIKFF",Negotiate,1016,"2025-04-13T17:53:24.8253344Z",5,Advapi,SYSTEM
"Apr 13, 2025 @ 22:53:23.574",4624,"DESKTOP-5JEIKFF",Negotiate,1016,"2025-04-13T17:53:24.6355934Z",5,Advapi,SYSTEM
"Apr 13, 2025 @ 22:53:23.571",4624,"DESKTOP-5JEIKFF",Negotiate,1016,"2025-04-13T17:53:24.3793324Z",5,Advapi,SYSTEM
"Apr 13, 2025 @ 22:53:23.463",4624,"DESKTOP-5JEIKFF",Negotiate,1016,"2025-04-13T17:53:24.3245940Z",5,Advapi,SYSTEM
"Apr 13, 2025 @ 22:52:30.914",4624,"DESKTOP-5JEIKFF",Negotiate,1016,"2025-04-13T17:52:31.7736934Z",5,Advapi,SYSTEM
"Apr 13, 2025 @ 22:52:27.328",4624,"DESKTOP-5JEIKFF",Negotiate,1016,"2025-04-13T17:52:28.2284150Z",5,Advapi,SYSTEM
"Apr 13, 2025 @ 22:52:27.286",4624,"DESKTOP-5JEIKFF",Negotiate,1016,"2025-04-13T17:52:28.1902020Z",5,Advapi,SYSTEM
"Apr 13, 2025 @ 22:48:12.735",4624,"DESKTOP-5JEIKFF",Negotiate,1016,"2025-04-13T17:48:13.6031179Z",5,Advapi,SYSTEM
"Apr 13, 2025 @ 22:40:08.374",4624,"DESKTOP-5JEIKFF",Negotiate,1016,"2025-04-13T17:40:09.2503906Z",5,Advapi,SYSTEM
"Apr 13, 2025 @ 22:39:09.949",4624,"DESKTOP-5JEIKFF",Negotiate,1016,"2025-04-13T17:39:10.8195035Z",5,Advapi,SYSTEM
"Apr 13, 2025 @ 22:37:03.992",4624,"LAB3-09",Negotiate,1036,"2025-04-13T17:37:01.1680038Z",5,Advapi,SYSTEM
"Apr 13, 2025 @ 22:36:58.359",4624,"LAB3-09",Negotiate,1036,"2025-04-13T17:36:55.5211767Z",5,Advapi,SYSTEM
"Apr 13, 2025 @ 22:36:39.877",4624,"DESKTOP-5JEIKFF",Negotiate,1016,"2025-04-13T17:36:40.7548465Z",5,Advapi,SYSTEM
"Apr 13, 2025 @ 22:36:31.245",4624,"LAB3-10",Negotiate,1064,"2025-04-13T17:37:14.7661146Z",5,Advapi,SYSTEM
"Apr 13, 2025 @ 22:35:46.079",4624,"LAB3-11",Negotiate,1064,"2025-04-13T17:36:30.2503092Z",5,Advapi,SYSTEM
"Apr 13, 2025 @ 22:34:09.864",4624,"LAB3-10",Negotiate,1064,"2025-04-13T17:34:53.4041256Z",5,Advapi,SYSTEM
"Apr 13, 2025 @ 22:33:18.519",4624,"LAB3-11",Negotiate,1064,"2025-04-13T17:34:02.6781257Z",5,Advapi,SYSTEM
"Apr 13, 2025 @ 22:32:51.337",4624,"DESKTOP-5JEIKFF",Negotiate,1016,"2025-04-13T17:32:52.2173464Z",5,Advapi,SYSTEM
"Apr 13, 2025 @ 22:32:13.173",4624,"LAB3-11",Negotiate,1064,"2025-04-13T17:32:57.3289917Z",5,Advapi,SYSTEM
"Apr 13, 2025 @ 22:31:16.694",4624,"LAB3-09",Negotiate,1036,"2025-04-13T17:31:13.8835838Z",5,Advapi,SYSTEM
"Apr 13, 2025 @ 22:31:16.689",4624,"LAB3-09",Negotiate,1036,"2025-04-13T17:31:13.8818973Z",5,Advapi,SYSTEM
"Apr 13, 2025 @ 22:29:55.696",4624,"LAB3-11",Negotiate,1064,"2025-04-13T17:30:39.9043775Z",5,Advapi,SYSTEM
"Apr 13, 2025 @ 22:29:31.149",4624,"DESKTOP-5JEIKFF",Negotiate,1016,"2025-04-13T17:29:32.0298080Z",5,Advapi,SYSTEM
"Apr 13, 2025 @ 22:27:21.219",4624,"DESKTOP-5JEIKFF",Negotiate,1016,"2025-04-13T17:27:22.1106425Z",5,Advapi,SYSTEM
"Apr 13, 2025 @ 22:26:27.494",4624,"LAB3-10",Negotiate,1064,"2025-04-13T17:27:11.0591793Z",5,Advapi,SYSTEM
"Apr 13, 2025 @ 22:25:55.175",4624,"LAB3-10",Negotiate,1064,"2025-04-13T17:26:38.7229997Z",5,Advapi,SYSTEM
"Apr 13, 2025 @ 22:25:53.179",4624,"LAB3-10",Negotiate,1064,"2025-04-13T17:26:37.1191691Z",5,Advapi,SYSTEM
"Apr 13, 2025 @ 22:25:53.179",4624,"LAB3-10",Negotiate,1064,"2025-04-13T17:26:36.8227966Z",5,Advapi,SYSTEM
"Apr 13, 2025 @ 22:25:53.178",4624,"LAB3-10",Negotiate,1064,"2025-04-13T17:26:36.7321492Z",5,Advapi,SYSTEM
"Apr 13, 2025 @ 22:25:52.178",4624,"LAB3-10",Negotiate,1064,"2025-04-13T17:26:35.7250613Z",5,Advapi,SYSTEM
"Apr 13, 2025 @ 22:25:52.175",4624,"LAB3-10",Negotiate,1064,"2025-04-13T17:26:35.7159105Z",5,Advapi,SYSTEM
"Apr 13, 2025 @ 22:22:11.318",4624,"LAB3-09",Negotiate,1036,"2025-04-13T17:22:08.5068191Z",5,Advapi,SYSTEM
"Apr 13, 2025 @ 22:20:56.145",4624,"DESKTOP-5JEIKFF",Negotiate,1016,"2025-04-13T17:20:57.0367853Z",5,Advapi,SYSTEM
"Apr 13, 2025 @ 22:19:48.654",4624,"LAB3-10",Negotiate,1064,"2025-04-13T17:20:32.1863037Z",5,Advapi,SYSTEM
"Apr 13, 2025 @ 22:18:56.161",4624,"LAB3-10",Negotiate,1064,"2025-04-13T17:19:40.0341968Z",5,Advapi,SYSTEM
"Apr 13, 2025 @ 22:18:56.156",4624,"LAB3-10",Negotiate,1064,"2025-04-13T17:19:39.8144869Z",5,Advapi,SYSTEM
"Apr 13, 2025 @ 22:18:56.150",4624,"LAB3-10",Negotiate,1064,"2025-04-13T17:19:39.6750822Z",5,Advapi,SYSTEM
"Apr 13, 2025 @ 22:18:44.450",4624,"LAB3-10",Negotiate,1064,"2025-04-13T17:19:27.9838390Z",5,Advapi,SYSTEM
"Apr 13, 2025 @ 22:16:41.933",4624,"DESKTOP-5JEIKFF",Negotiate,1016,"2025-04-13T17:16:42.8314067Z",5,Advapi,SYSTEM
"Apr 13, 2025 @ 22:16:31.460",4624,"LAB3-10",Negotiate,1064,"2025-04-13T17:17:15.0050955Z",5,Advapi,SYSTEM
"Apr 13, 2025 @ 22:16:12.186",4624,"LAB3-09",Negotiate,1036,"2025-04-13T17:16:09.3951856Z",5,Advapi,SYSTEM
"Apr 13, 2025 @ 22:16:12.185",4624,"LAB3-09",Negotiate,1036,"2025-04-13T17:16:09.3933435Z",5,Advapi,SYSTEM
"Apr 13, 2025 @ 22:15:30.686",4624,"DESKTOP-5JEIKFF",Negotiate,1016,"2025-04-13T17:15:31.5847222Z",5,Advapi,SYSTEM
"Apr 13, 2025 @ 22:13:29.981",4624,"LAB3-11",Negotiate,1064,"2025-04-13T17:14:14.2256318Z",5,Advapi,SYSTEM
"Apr 13, 2025 @ 22:10:30.403",4624,"LAB3-09",Negotiate,1036,"2025-04-13T17:10:27.6083069Z",5,Advapi,SYSTEM
"Apr 13, 2025 @ 22:09:55.820",4624,"DESKTOP-5JEIKFF",Negotiate,1016,"2025-04-13T17:09:56.7196690Z",5,Advapi,SYSTEM
"Apr 13, 2025 @ 22:05:11.361",4624,"DESKTOP-5JEIKFF",Negotiate,1016,"2025-04-13T17:05:12.2629470Z",5,Advapi,SYSTEM
"Apr 13, 2025 @ 22:04:43.784",4624,"LAB3-09",Negotiate,1036,"2025-04-13T17:04:40.9960532Z",5,Advapi,SYSTEM
"Apr 13, 2025 @ 22:04:33.376",4624,"LAB3-09",Negotiate,1036,"2025-04-13T17:04:30.5772667Z",5,Advapi,SYSTEM
"Apr 13, 2025 @ 22:04:00.040",4624,"LAB3-09",Negotiate,1036,"2025-04-13T17:03:57.7421422Z",5,Advapi,SYSTEM
"Apr 13, 2025 @ 22:04:00.036",4624,"LAB3-09",Negotiate,1036,"2025-04-13T17:03:57.2333074Z",5,Advapi,SYSTEM
"Apr 13, 2025 @ 22:03:55.083",4624,"LAB3-09",Negotiate,1036,"2025-04-13T17:03:52.2810536Z",5,Advapi,SYSTEM
"Apr 13, 2025 @ 22:03:55.079",4624,"LAB3-09",Negotiate,1036,"2025-04-13T17:03:52.2792663Z",5,Advapi,SYSTEM
"Apr 13, 2025 @ 22:03:15.978",4624,"LAB3-11",Negotiate,1064,"2025-04-13T17:04:00.8213619Z",5,Advapi,SYSTEM
"Apr 13, 2025 @ 22:03:15.973",4624,"LAB3-11",Negotiate,1064,"2025-04-13T17:04:00.2673577Z",5,Advapi,SYSTEM
"Apr 13, 2025 @ 22:03:12.705",4624,"DESKTOP-5JEIKFF",Negotiate,1016,"2025-04-13T17:03:13.6069860Z",5,Advapi,SYSTEM
"Apr 13, 2025 @ 22:01:15.650",4624,"DESKTOP-5JEIKFF",Negotiate,1016,"2025-04-13T17:01:16.5574386Z",5,Advapi,SYSTEM
"Apr 13, 2025 @ 22:00:33.491",4624,"LAB3-11",Negotiate,1064,"2025-04-13T17:01:17.7628616Z",5,Advapi,SYSTEM
"Apr 13, 2025 @ 22:00:24.034",4624,"LAB3-11",Negotiate,1064,"2025-04-13T17:01:08.3817613Z",5,Advapi,SYSTEM
"Apr 13, 2025 @ 22:00:24.032",4624,"LAB3-11",Negotiate,1064,"2025-04-13T17:01:08.3045495Z",5,Advapi,SYSTEM
"Apr 13, 2025 @ 21:57:25.439",4624,"LAB3-11",Negotiate,1064,"2025-04-13T16:58:09.6855973Z",5,Advapi,SYSTEM
"Apr 13, 2025 @ 21:56:58.997",4624,"LAB3-11",Negotiate,1064,"2025-04-13T16:57:43.2574015Z",5,Advapi,SYSTEM
"Apr 13, 2025 @ 21:51:41.434",4624,"DESKTOP-5JEIKFF",Negotiate,1016,"2025-04-13T16:51:42.3357861Z",5,Advapi,SYSTEM
"Apr 13, 2025 @ 21:48:12.718",4624,"DESKTOP-5JEIKFF",Negotiate,1016,"2025-04-13T16:48:13.6234863Z",5,Advapi,SYSTEM
"Apr 13, 2025 @ 21:45:38.767",4624,"LAB3-09",Negotiate,1036,"2025-04-13T16:45:36.0307900Z",5,Advapi,SYSTEM
"Apr 13, 2025 @ 21:45:38.765",4624,"LAB3-09",Negotiate,1036,"2025-04-13T16:45:35.9903403Z",5,Advapi,SYSTEM
"Apr 13, 2025 @ 21:42:56.793",4624,"DESKTOP-5JEIKFF",Negotiate,1016,"2025-04-13T16:42:57.7071406Z",5,Advapi,SYSTEM
"Apr 13, 2025 @ 21:36:40.253",4624,"LAB3-09",Negotiate,1036,"2025-04-13T16:36:37.4899309Z",5,Advapi,SYSTEM
"Apr 13, 2025 @ 21:36:28.610",4624,"LAB3-10",Negotiate,1064,"2025-04-13T16:37:12.3214463Z",5,Advapi,SYSTEM
"Apr 13, 2025 @ 21:36:06.108",4624,"LAB3-10",Negotiate,1064,"2025-04-13T16:36:50.3713907Z",5,Advapi,SYSTEM
"Apr 13, 2025 @ 21:36:06.103",4624,"LAB3-10",Negotiate,1064,"2025-04-13T16:36:49.8202718Z",5,Advapi,SYSTEM
"Apr 13, 2025 @ 21:35:24.270",4624,"LAB3-09",Negotiate,1036,"2025-04-13T16:35:21.5015713Z",5,Advapi,SYSTEM
"Apr 13, 2025 @ 21:34:00.792",4624,"LAB3-09",Negotiate,1036,"2025-04-13T16:33:58.0306979Z",5,Advapi,SYSTEM
"Apr 13, 2025 @ 21:32:51.306",4624,"DESKTOP-5JEIKFF",Negotiate,1016,"2025-04-13T16:32:52.2272326Z",5,Advapi,SYSTEM
"Apr 13, 2025 @ 21:32:05.678",4624,"DESKTOP-5JEIKFF",Negotiate,1016,"2025-04-13T16:32:06.6079811Z",5,Advapi,SYSTEM
"Apr 13, 2025 @ 21:31:57.107",4624,"LAB3-09",Negotiate,1036,"2025-04-13T16:31:54.3464005Z",5,Advapi,SYSTEM
"Apr 13, 2025 @ 21:29:53.200",4624,"LAB3-09",Negotiate,1036,"2025-04-13T16:29:50.4326604Z",5,Advapi,SYSTEM
"Apr 13, 2025 @ 21:27:25.362",4624,"LAB3-09",Negotiate,1036,"2025-04-13T16:27:22.5953089Z",5,Advapi,SYSTEM
"Apr 13, 2025 @ 21:27:20.774",4624,"LAB3-09",Negotiate,1036,"2025-04-13T16:27:18.0123874Z",5,Advapi,SYSTEM
"Apr 13, 2025 @ 21:27:20.769",4624,"LAB3-09",Negotiate,1036,"2025-04-13T16:27:18.0098279Z",5,Advapi,SYSTEM
"Apr 13, 2025 @ 21:27:06.055",4624,"LAB3-11",Negotiate,1064,"2025-04-13T16:27:50.8010198Z",5,Advapi,SYSTEM
"Apr 13, 2025 @ 21:27:06.054",4624,"LAB3-11",Negotiate,1064,"2025-04-13T16:27:50.5900865Z",5,Advapi,SYSTEM
"Apr 13, 2025 @ 21:27:06.054",4624,"LAB3-11",Negotiate,1064,"2025-04-13T16:27:50.4049701Z",5,Advapi,SYSTEM
"Apr 13, 2025 @ 21:25:53.851",4624,"DESKTOP-5JEIKFF",Negotiate,1016,"2025-04-13T16:25:55.7572690Z",5,Advapi,SYSTEM
"Apr 13, 2025 @ 21:25:53.784",4624,"DESKTOP-5JEIKFF",Negotiate,1016,"2025-04-13T16:25:55.3900563Z",5,Advapi,SYSTEM
"Apr 13, 2025 @ 21:24:40.355",4624,"DESKTOP-5JEIKFF",Negotiate,1016,"2025-04-13T16:24:41.2826944Z",5,Advapi,SYSTEM
"Apr 13, 2025 @ 21:24:29.619",4624,"LAB3-09",Negotiate,1036,"2025-04-13T16:24:26.8573962Z",5,Advapi,SYSTEM
"Apr 13, 2025 @ 21:23:18.120",4624,"LAB3-10",Kerberos,1064,"2025-04-13T16:24:02.2216941Z",3,Kerberos,"LAB3-10$"
"Apr 13, 2025 @ 21:23:18.111",4624,"LAB3-10",Kerberos,1064,"2025-04-13T16:24:01.8614903Z",3,Kerberos,"LAB3-10$"
"Apr 13, 2025 @ 21:22:04.133",4624,"LAB3-11",Negotiate,1064,"2025-04-13T16:22:48.4846190Z",5,Advapi,SYSTEM
"Apr 13, 2025 @ 21:21:22.342",4624,"LAB3-09",Negotiate,1036,"2025-04-13T16:21:19.5756736Z",5,Advapi,SYSTEM
"Apr 13, 2025 @ 21:21:15.299",4624,"DESKTOP-5JEIKFF",Negotiate,1016,"2025-04-13T16:21:16.2327699Z",5,Advapi,SYSTEM
"Apr 13, 2025 @ 21:21:15.296",4624,"DESKTOP-5JEIKFF",Negotiate,1016,"2025-04-13T16:21:16.2327468Z",5,Advapi,SYSTEM
"Apr 13, 2025 @ 21:18:12.672",4624,"DESKTOP-5JEIKFF",Negotiate,1016,"2025-04-13T16:18:13.6078723Z",5,Advapi,SYSTEM
"Apr 13, 2025 @ 21:15:33.235",4624,"LAB3-11",Negotiate,1064,"2025-04-13T16:16:17.7001836Z",5,Advapi,SYSTEM
"Apr 13, 2025 @ 21:14:12.419",4624,"LAB3-10",Negotiate,1064,"2025-04-13T16:14:56.1752719Z",5,Advapi,SYSTEM
"Apr 13, 2025 @ 21:13:31.477",4624,"LAB3-09",Negotiate,1036,"2025-04-13T16:13:28.7220816Z",5,Advapi,SYSTEM
"Apr 13, 2025 @ 21:12:13.624",4624,"LAB3-11",Kerberos,1064,"2025-04-13T16:12:58.1889032Z",3,Kerberos,"LAB3-11$"
"Apr 13, 2025 @ 21:12:13.618",4624,"LAB3-11",Kerberos,1064,"2025-04-13T16:12:57.9591976Z",3,Kerberos,"LAB3-11$"
"Apr 13, 2025 @ 21:06:53.656",4624,"DESKTOP-5JEIKFF",Negotiate,1016,"2025-04-13T16:06:54.6073728Z",5,Advapi,SYSTEM
"Apr 13, 2025 @ 21:03:54.259",4624,"LAB3-09",Negotiate,1036,"2025-04-13T16:03:51.5144150Z",5,Advapi,SYSTEM
"Apr 13, 2025 @ 21:03:12.648",4624,"DESKTOP-5JEIKFF",Negotiate,1016,"2025-04-13T16:03:13.6013652Z",5,Advapi,SYSTEM
"Apr 13, 2025 @ 21:03:12.178",4624,"LAB3-11",Negotiate,1064,"2025-04-13T16:03:56.5343430Z",5,Advapi,SYSTEM
"Apr 13, 2025 @ 21:02:55.796",4624,"LAB3-11",Negotiate,1064,"2025-04-13T16:03:40.1787893Z",5,Advapi,SYSTEM
"Apr 13, 2025 @ 21:02:51.219",4624,"LAB3-11",Negotiate,1064,"2025-04-13T16:03:36.4091069Z",5,Advapi,SYSTEM
"Apr 13, 2025 @ 21:02:51.219",4624,"LAB3-11",Negotiate,1064,"2025-04-13T16:03:35.6102886Z",5,Advapi,SYSTEM
"Apr 13, 2025 @ 21:02:37.383",4624,"LAB3-09",Negotiate,1036,"2025-04-13T16:02:34.6443683Z",5,Advapi,SYSTEM
"Apr 13, 2025 @ 21:02:37.365",4624,"LAB3-09",Negotiate,1036,"2025-04-13T16:02:34.6424271Z",5,Advapi,SYSTEM
"Apr 13, 2025 @ 21:02:37.361",4624,"LAB3-09",Negotiate,1036,"2025-04-13T16:02:34.6164810Z",5,Advapi,SYSTEM
"Apr 13, 2025 @ 21:02:23.678",4624,"DESKTOP-5JEIKFF",Negotiate,1016,"2025-04-13T16:02:24.6279007Z",5,Advapi,SYSTEM
"Apr 13, 2025 @ 21:02:02.958",4624,"LAB3-10",Negotiate,1064,"2025-04-13T16:02:46.7662464Z",5,Advapi,SYSTEM
"Apr 13, 2025 @ 21:02:02.956",4624,"LAB3-10",Negotiate,1064,"2025-04-13T16:02:46.7661967Z",5,Advapi,SYSTEM
"Apr 13, 2025 @ 21:02:02.205",4624,"LAB3-11",Negotiate,1064,"2025-04-13T16:02:46.6927180Z",5,Advapi,SYSTEM
"Apr 13, 2025 @ 21:00:48.421",4624,"DESKTOP-5JEIKFF",Negotiate,1016,"2025-04-13T16:00:49.3703147Z",5,Advapi,SYSTEM
"Apr 13, 2025 @ 21:00:19.292",4624,"LAB3-09",Negotiate,1036,"2025-04-13T16:00:16.5499895Z",5,Advapi,SYSTEM
"Apr 13, 2025 @ 21:00:14.862",4624,"LAB3-11",Negotiate,1064,"2025-04-13T16:00:59.4599722Z",5,Advapi,SYSTEM
"Apr 13, 2025 @ 20:58:12.386",4624,"LAB3-11",Negotiate,1064,"2025-04-13T15:58:56.8991192Z",5,Advapi,SYSTEM
"Apr 13, 2025 @ 20:57:36.892",4624,"LAB3-10",Negotiate,1064,"2025-04-13T15:58:20.6916797Z",5,Advapi,SYSTEM
"Apr 13, 2025 @ 20:57:14.371",4624,"LAB3-10",Negotiate,1064,"2025-04-13T15:57:58.1703551Z",5,Advapi,SYSTEM
"Apr 13, 2025 @ 20:57:11.564",4624,"LAB3-10",Negotiate,1064,"2025-04-13T15:57:55.8848341Z",5,Advapi,SYSTEM
"Apr 13, 2025 @ 20:57:11.561",4624,"LAB3-10",Negotiate,1064,"2025-04-13T15:57:55.7013901Z",5,Advapi,SYSTEM
"Apr 13, 2025 @ 20:57:11.558",4624,"LAB3-10",Negotiate,1064,"2025-04-13T15:57:55.3666420Z",5,Advapi,SYSTEM
"Apr 13, 2025 @ 20:56:23.040",4624,"DESKTOP-5JEIKFF",Negotiate,1016,"2025-04-13T15:56:23.9996724Z",5,Advapi,SYSTEM
"Apr 13, 2025 @ 20:54:21.429",4624,"DESKTOP-5JEIKFF",Negotiate,1016,"2025-04-13T15:54:22.3921106Z",5,Advapi,SYSTEM
"Apr 13, 2025 @ 20:54:19.991",4624,"DESKTOP-5JEIKFF",Negotiate,1016,"2025-04-13T15:54:20.9518292Z",5,Advapi,SYSTEM
"Apr 13, 2025 @ 20:54:12.322",4624,"DESKTOP-5JEIKFF",Negotiate,1016,"2025-04-13T15:54:13.2735361Z",5,Advapi,SYSTEM
"Apr 13, 2025 @ 20:49:56.814",4624,"LAB3-09",Negotiate,1036,"2025-04-13T15:49:54.0774193Z",5,Advapi,SYSTEM
"Apr 13, 2025 @ 20:49:56.809",4624,"LAB3-09",Negotiate,1036,"2025-04-13T15:49:54.0754628Z",5,Advapi,SYSTEM
"Apr 13, 2025 @ 20:48:12.647",4624,"DESKTOP-5JEIKFF",Negotiate,1016,"2025-04-13T15:48:13.6099199Z",5,Advapi,SYSTEM
"Apr 13, 2025 @ 20:47:43.395",4624,"LAB3-10",Negotiate,1064,"2025-04-13T15:48:27.2418949Z",5,Advapi,SYSTEM
"Apr 13, 2025 @ 20:47:18.903",4624,"LAB3-11",Negotiate,1064,"2025-04-13T15:48:03.2121406Z",5,Advapi,SYSTEM
"Apr 13, 2025 @ 20:47:13.815",4624,"LAB3-10",Negotiate,1064,"2025-04-13T15:47:57.6683931Z",5,Advapi,SYSTEM
"Apr 13, 2025 @ 20:47:11.472",4624,"LAB3-10",Negotiate,1064,"2025-04-13T15:47:55.3361316Z",5,Advapi,SYSTEM
"Apr 13, 2025 @ 20:46:23.056",4624,"DESKTOP-5JEIKFF",Negotiate,1016,"2025-04-13T15:46:24.0168410Z",5,Advapi,SYSTEM
"Apr 13, 2025 @ 20:42:54.026",4624,"LAB3-10",Kerberos,1064,"2025-04-13T15:43:37.9227303Z",3,Kerberos,"LAB3-10$"
"Apr 13, 2025 @ 20:42:53.998",4624,"LAB3-10",Kerberos,1064,"2025-04-13T15:43:37.8623056Z",3,Kerberos,"LAB3-10$"
"Apr 13, 2025 @ 20:42:35.721",4624,"LAB3-10",Negotiate,1064,"2025-04-13T15:43:19.5870319Z",5,Advapi,SYSTEM
"Apr 13, 2025 @ 20:42:25.186",4624,"LAB3-10",Negotiate,1064,"2025-04-13T15:43:09.0486605Z",5,Advapi,SYSTEM
"Apr 13, 2025 @ 20:42:16.276",4624,"LAB3-10",Negotiate,1064,"2025-04-13T15:43:00.1328733Z",5,Advapi,SYSTEM
"Apr 13, 2025 @ 20:42:13.882",4624,"LAB3-10",Negotiate,1064,"2025-04-13T15:42:57.7513332Z",5,Advapi,SYSTEM
"Apr 13, 2025 @ 20:42:12.862",4624,"LAB3-10",Negotiate,1064,"2025-04-13T15:42:57.3852047Z",5,Advapi,SYSTEM
"Apr 13, 2025 @ 20:42:12.860",4624,"LAB3-10",Negotiate,1064,"2025-04-13T15:42:56.7272599Z",5,Advapi,SYSTEM
"Apr 13, 2025 @ 20:42:10.788",4624,"LAB3-10",Negotiate,1064,"2025-04-13T15:42:55.3767147Z",5,Advapi,SYSTEM
"Apr 13, 2025 @ 20:42:10.773",4624,"LAB3-10",Negotiate,1064,"2025-04-13T15:42:55.1870997Z",5,Advapi,SYSTEM
"Apr 13, 2025 @ 20:42:10.757",4624,"LAB3-10",Negotiate,1064,"2025-04-13T15:42:55.0804920Z",5,Advapi,SYSTEM
"Apr 13, 2025 @ 20:42:10.741",4624,"LAB3-10",Negotiate,1064,"2025-04-13T15:42:55.0802959Z",5,Advapi,SYSTEM
"Apr 13, 2025 @ 20:42:10.725",4624,"LAB3-10",Negotiate,1064,"2025-04-13T15:42:54.9369161Z",5,Advapi,SYSTEM
"Apr 13, 2025 @ 20:42:10.679",4624,"LAB3-10",Negotiate,1064,"2025-04-13T15:42:54.7425288Z",7,Negotiat,"ack.user"
"Apr 13, 2025 @ 20:42:10.663",4624,"LAB3-10",Negotiate,1064,"2025-04-13T15:42:54.7425143Z",7,Negotiat,"ack.user"
"Apr 13, 2025 @ 20:42:10.632",4624,"LAB3-10",Negotiate,1064,"2025-04-13T15:42:54.5271145Z",5,Advapi,SYSTEM
"Apr 13, 2025 @ 20:42:10.616",4624,"LAB3-10",Negotiate,1064,"2025-04-13T15:42:54.4526328Z",11,User32,"ack.user"
"Apr 13, 2025 @ 20:42:10.599",4624,"LAB3-10",Negotiate,1064,"2025-04-13T15:42:54.4526212Z",11,User32,"ack.user"
"Apr 13, 2025 @ 20:41:57.116",4624,"LAB3-10",Negotiate,1064,"2025-04-13T15:42:40.9666913Z",5,Advapi,SYSTEM
"Apr 13, 2025 @ 20:37:05.784",4624,"LAB3-09",Negotiate,1036,"2025-04-13T15:37:03.0684148Z",5,Advapi,SYSTEM
"Apr 13, 2025 @ 20:36:11.726",4624,"LAB3-09",Negotiate,1036,"2025-04-13T15:36:09.0047360Z",5,Advapi,SYSTEM
"Apr 13, 2025 @ 20:35:55.221",4624,"LAB3-10",Negotiate,1064,"2025-04-13T15:36:39.8109002Z",5,Advapi,SYSTEM
"Apr 13, 2025 @ 20:35:55.220",4624,"LAB3-10",Negotiate,1064,"2025-04-13T15:36:39.1071191Z",5,Advapi,SYSTEM
"Apr 13, 2025 @ 20:34:53.904",4624,"LAB3-10",Negotiate,1064,"2025-04-13T15:35:37.7930142Z",5,Advapi,SYSTEM
"Apr 13, 2025 @ 20:32:51.252",4624,"DESKTOP-5JEIKFF",Negotiate,1016,"2025-04-13T15:32:52.2255677Z",5,Advapi,SYSTEM
"Apr 13, 2025 @ 20:32:07.137",4624,"DESKTOP-5JEIKFF",Negotiate,1016,"2025-04-13T15:32:08.1107377Z",5,Advapi,SYSTEM
"Apr 13, 2025 @ 20:28:39.776",4624,"LAB3-09",Negotiate,1036,"2025-04-13T15:28:37.0745312Z",5,Advapi,SYSTEM
"Apr 13, 2025 @ 20:28:39.776",4624,"LAB3-09",Negotiate,1036,"2025-04-13T15:28:37.0727348Z",5,Advapi,SYSTEM
"Apr 13, 2025 @ 20:28:38.064",4624,"LAB3-11",Negotiate,1064,"2025-04-13T15:29:27.1945304Z",5,Advapi,SYSTEM
"Apr 13, 2025 @ 20:28:02.524",4624,"LAB3-10",Negotiate,1064,"2025-04-13T15:28:46.4402753Z",5,Advapi,SYSTEM
"Apr 13, 2025 @ 20:26:53.563",4624,"LAB3-10",Negotiate,1064,"2025-04-13T15:27:37.4702631Z",5,Advapi,SYSTEM
"Apr 13, 2025 @ 20:25:25.614",4624,"LAB3-11",Negotiate,1064,"2025-04-13T15:26:19.2304324Z",5,Advapi,SYSTEM
"Apr 13, 2025 @ 20:24:08.493",4624,"LAB3-11",Negotiate,1064,"2025-04-13T15:24:49.5689950Z",5,Advapi,SYSTEM
"Apr 13, 2025 @ 20:23:59.360",4624,"DESKTOP-5JEIKFF",Negotiate,1016,"2025-04-13T15:24:00.3450829Z",5,Advapi,SYSTEM
"Apr 13, 2025 @ 20:23:11.304",4624,"DESKTOP-5JEIKFF",Negotiate,1016,"2025-04-13T15:23:12.2921221Z",5,Advapi,SYSTEM
"Apr 13, 2025 @ 20:22:55.331",4624,"DESKTOP-5JEIKFF",Negotiate,1016,"2025-04-13T15:22:56.3128855Z",5,Advapi,SYSTEM
"Apr 13, 2025 @ 20:21:11.917",4624,"DESKTOP-5JEIKFF",Negotiate,1016,"2025-04-13T15:21:12.9034854Z",5,Advapi,SYSTEM
"Apr 13, 2025 @ 20:20:45.590",4624,"DESKTOP-5JEIKFF",Negotiate,1016,"2025-04-13T15:20:47.0060634Z",5,Advapi,SYSTEM
"Apr 13, 2025 @ 20:20:45.584",4624,"DESKTOP-5JEIKFF",Negotiate,1016,"2025-04-13T15:20:46.8373096Z",5,Advapi,SYSTEM
"Apr 13, 2025 @ 20:20:45.580",4624,"DESKTOP-5JEIKFF",Negotiate,1016,"2025-04-13T15:20:46.6147154Z",5,Advapi,SYSTEM
"Apr 13, 2025 @ 20:20:45.577",4624,"DESKTOP-5JEIKFF",Negotiate,1016,"2025-04-13T15:20:46.5650205Z",5,Advapi,SYSTEM
"Apr 13, 2025 @ 20:19:32.246",4624,"LAB3-09",Negotiate,1036,"2025-04-13T15:19:29.5412544Z",5,Advapi,SYSTEM
"Apr 13, 2025 @ 20:19:11.560",4624,"LAB3-11",Negotiate,1064,"2025-04-13T15:19:07.0552133Z",5,Advapi,SYSTEM
"Apr 13, 2025 @ 20:19:06.433",4624,"LAB3-09",Negotiate,1036,"2025-04-13T15:19:03.7238796Z",5,Advapi,SYSTEM
"Apr 13, 2025 @ 20:18:15.631",4624,"DESKTOP-5JEIKFF",Negotiate,1016,"2025-04-13T15:18:16.6148997Z",5,Advapi,SYSTEM
"Apr 13, 2025 @ 20:18:12.619",4624,"DESKTOP-5JEIKFF",Negotiate,1016,"2025-04-13T15:18:13.6037168Z",5,Advapi,SYSTEM
"Apr 13, 2025 @ 20:13:56.719",4624,"DESKTOP-5JEIKFF",Negotiate,1016,"2025-04-13T15:13:57.7091507Z",5,Advapi,SYSTEM
"Apr 13, 2025 @ 20:13:49.060",4624,"DESKTOP-5JEIKFF",Negotiate,1016,"2025-04-13T15:13:50.0540094Z",5,Advapi,SYSTEM
"Apr 13, 2025 @ 20:13:45.041",4624,"LAB3-09",Negotiate,1036,"2025-04-13T15:13:42.3523186Z",5,Advapi,SYSTEM
"Apr 13, 2025 @ 20:12:01.338",4624,"LAB3-11",Negotiate,1064,"2025-04-13T15:11:56.8382554Z",5,Advapi,SYSTEM
"Apr 13, 2025 @ 20:11:59.843",4624,"LAB3-11",Negotiate,1064,"2025-04-13T15:11:56.0089589Z",5,Advapi,SYSTEM
"Apr 13, 2025 @ 20:11:59.842",4624,"LAB3-11",Negotiate,1064,"2025-04-13T15:11:55.3494833Z",5,Advapi,SYSTEM
"Apr 13, 2025 @ 20:11:58.273",4624,"LAB3-11",Negotiate,1064,"2025-04-13T15:11:53.7718643Z",5,Advapi,SYSTEM
"Apr 13, 2025 @ 20:11:42.267",4624,"DESKTOP-5JEIKFF",Negotiate,1016,"2025-04-13T15:11:43.2565723Z",5,Advapi,SYSTEM
"Apr 13, 2025 @ 20:11:01.054",4624,"DESKTOP-5JEIKFF",Negotiate,1016,"2025-04-13T15:11:02.0489508Z",5,Advapi,SYSTEM
"Apr 13, 2025 @ 20:09:48.382",4624,"LAB3-11",Negotiate,1064,"2025-04-13T15:09:43.8913338Z",5,Advapi,SYSTEM
"Apr 13, 2025 @ 20:09:38.807",4624,"LAB3-11",Negotiate,1064,"2025-04-13T15:09:34.3111954Z",5,Advapi,SYSTEM
"Apr 13, 2025 @ 20:09:36.422",4624,"LAB3-11",Negotiate,1064,"2025-04-13T15:09:31.9483735Z",5,Advapi,SYSTEM
"Apr 13, 2025 @ 20:09:36.422",4624,"LAB3-11",Negotiate,1064,"2025-04-13T15:09:31.9225087Z",5,Advapi,SYSTEM
"Apr 13, 2025 @ 20:09:34.695",4624,"LAB3-11",Negotiate,1064,"2025-04-13T15:09:30.2032536Z",5,Advapi,SYSTEM
"Apr 13, 2025 @ 20:09:34.695",4624,"LAB3-11",Negotiate,1064,"2025-04-13T15:09:30.5698150Z",5,Advapi,SYSTEM
"Apr 13, 2025 @ 20:09:10.707",4624,"DESKTOP-5JEIKFF",Negotiate,1016,"2025-04-13T15:09:11.7033046Z",5,Advapi,SYSTEM
"Apr 13, 2025 @ 20:09:03.747",4624,"LAB3-11",Negotiate,1064,"2025-04-13T15:08:59.5561747Z",5,Advapi,SYSTEM
"Apr 13, 2025 @ 20:09:03.742",4624,"LAB3-11",Negotiate,1064,"2025-04-13T15:08:59.5054809Z",5,Advapi,SYSTEM
"Apr 13, 2025 @ 20:09:03.738",4624,"LAB3-11",Negotiate,1064,"2025-04-13T15:08:59.2258651Z",5,Advapi,SYSTEM
"Apr 13, 2025 @ 20:08:48.038",4624,"DESKTOP-5JEIKFF",Negotiate,1016,"2025-04-13T15:08:49.0274646Z",5,Advapi,SYSTEM
"Apr 13, 2025 @ 20:07:53.914",4624,"DESKTOP-5JEIKFF",Negotiate,1016,"2025-04-13T15:07:54.9110989Z",5,Advapi,SYSTEM
"Apr 13, 2025 @ 20:05:24.052",4624,"LAB3-11",Negotiate,1064,"2025-04-13T15:05:19.5560413Z",5,Advapi,SYSTEM
"Apr 13, 2025 @ 20:04:43.499",4624,"LAB3-11",Negotiate,1064,"2025-04-13T15:04:39.2115105Z",5,Advapi,SYSTEM
"Apr 13, 2025 @ 20:04:43.494",4624,"LAB3-11",Negotiate,1064,"2025-04-13T15:04:38.9954111Z",5,Advapi,SYSTEM
"Apr 13, 2025 @ 20:04:12.174",4624,"LAB3-11",Negotiate,1064,"2025-04-13T15:04:07.6739449Z",5,Advapi,SYSTEM
"Apr 13, 2025 @ 20:03:52.833",4624,"LAB3-09",Negotiate,1036,"2025-04-13T15:03:50.1346081Z",5,Advapi,SYSTEM
"Apr 13, 2025 @ 20:03:52.827",4624,"LAB3-09",Negotiate,1036,"2025-04-13T15:03:50.1324246Z",5,Advapi,SYSTEM
"Apr 13, 2025 @ 20:03:30.409",4624,"LAB3-11",Negotiate,1064,"2025-04-13T15:03:25.9065268Z",5,Advapi,SYSTEM
"Apr 13, 2025 @ 20:03:13.569",4624,"LAB3-11",Negotiate,1064,"2025-04-13T15:03:09.0658919Z",5,Advapi,SYSTEM
"Apr 13, 2025 @ 20:03:12.607",4624,"DESKTOP-5JEIKFF",Negotiate,1016,"2025-04-13T15:03:13.5986184Z",5,Advapi,SYSTEM
"Apr 13, 2025 @ 20:03:09.442",4624,"LAB3-11",Negotiate,1064,"2025-04-13T15:03:05.4405682Z",5,Advapi,SYSTEM
"Apr 13, 2025 @ 20:03:09.428",4624,"LAB3-11",Negotiate,1064,"2025-04-13T15:03:05.3782903Z",5,Advapi,SYSTEM
"Apr 13, 2025 @ 20:03:09.427",4624,"LAB3-11",Negotiate,1064,"2025-04-13T15:03:04.9252613Z",5,Advapi,SYSTEM
"Apr 13, 2025 @ 20:03:08.364",4624,"LAB3-11",Kerberos,1064,"2025-04-13T15:03:04.0675821Z",3,Kerberos,"LAB3-11$"
"Apr 13, 2025 @ 20:03:08.333",4624,"LAB3-11",Kerberos,1064,"2025-04-13T15:03:03.8953147Z",3,Kerberos,"LAB3-11$"
"Apr 13, 2025 @ 20:03:08.302",4624,"LAB3-11",Kerberos,1064,"2025-04-13T15:03:03.8254515Z",3,Kerberos,"LAB3-11$"
"Apr 13, 2025 @ 20:03:08.270",4624,"LAB3-11",Negotiate,1064,"2025-04-13T15:03:03.8105517Z",5,Advapi,SYSTEM
"Apr 13, 2025 @ 20:03:08.255",4624,"LAB3-11",Negotiate,1064,"2025-04-13T15:03:03.7733418Z",5,Advapi,SYSTEM
"Apr 13, 2025 @ 20:03:08.223",4624,"LAB3-11",Kerberos,1064,"2025-04-13T15:03:03.7382995Z",3,Kerberos,"LAB3-11$"
"Apr 13, 2025 @ 20:03:08.192",4624,"LAB3-11",Negotiate,1064,"2025-04-13T15:03:03.6969719Z",5,Advapi,SYSTEM
"Apr 13, 2025 @ 20:03:08.177",4624,"LAB3-11",Negotiate,1064,"2025-04-13T15:03:03.6852535Z",5,Advapi,SYSTEM
"Apr 13, 2025 @ 20:02:59.489",4624,"LAB3-11",Negotiate,1064,"2025-04-12T15:01:17.9032355Z",5,Advapi,SYSTEM
"Apr 13, 2025 @ 20:02:59.475",4624,"LAB3-11",Negotiate,1064,"2025-04-12T15:01:17.1071438Z",5,Advapi,SYSTEM
"Apr 13, 2025 @ 20:02:59.475",4624,"LAB3-11",Negotiate,1064,"2025-04-12T15:01:17.8879966Z",5,Advapi,SYSTEM
"Apr 13, 2025 @ 20:02:57.524",4624,"LAB3-11",Negotiate,1064,"2025-04-12T15:01:15.5718833Z",5,Advapi,SYSTEM
"Apr 13, 2025 @ 20:02:57.523",4624,"LAB3-11",Negotiate,1064,"2025-04-12T15:01:15.1540970Z",5,Advapi,SYSTEM
"Apr 13, 2025 @ 20:02:54.025",4624,"LAB3-11",Negotiate,1064,"2025-04-12T15:01:12.3852931Z",5,Advapi,SYSTEM
"Apr 13, 2025 @ 20:02:54.025",4624,"LAB3-11",Negotiate,1064,"2025-04-12T15:01:11.6599644Z",5,Advapi,SYSTEM
"Apr 13, 2025 @ 20:02:52.231",4624,"LAB3-11",Negotiate,1064,"2025-04-12T15:01:09.9928170Z",5,Advapi,SYSTEM
"Apr 13, 2025 @ 20:02:52.231",4624,"LAB3-11",Negotiate,1064,"2025-04-12T15:01:09.8740484Z",5,Advapi,SYSTEM
"Apr 13, 2025 @ 20:02:50.018",4624,"LAB3-11",Negotiate,1064,"2025-04-12T15:01:08.0719108Z",5,Advapi,SYSTEM
"Apr 13, 2025 @ 20:02:49.971",4624,"LAB3-11",Negotiate,1064,"2025-04-12T15:01:07.4517841Z",7,Negotiat,"ack.user"
"Apr 13, 2025 @ 20:02:49.955",4624,"LAB3-11",Negotiate,1064,"2025-04-12T15:01:07.4517733Z",7,Negotiat,"ack.user"
"Apr 13, 2025 @ 20:02:49.925",4624,"LAB3-11",Negotiate,1064,"2025-04-12T15:01:07.2826837Z",11,User32,"ack.user"
"Apr 13, 2025 @ 20:02:49.909",4624,"LAB3-11",Negotiate,1064,"2025-04-12T15:01:07.2826691Z",11,User32,"ack.user"
"Apr 13, 2025 @ 20:02:48.658",4624,"LAB3-11",Negotiate,1064,"2025-04-12T15:00:56.9451643Z",5,Advapi,SYSTEM
"Apr 13, 2025 @ 20:02:48.643",4624,"LAB3-11",Negotiate,1064,"2025-04-12T15:00:56.8966430Z",5,Advapi,SYSTEM
"Apr 13, 2025 @ 20:02:48.628",4624,"LAB3-11",Negotiate,1064,"2025-04-12T15:00:56.8965510Z",5,Advapi,SYSTEM
"Apr 13, 2025 @ 20:02:48.611",4625,"LAB3-11",Negotiate,1064,"2025-04-12T15:00:47.9780527Z",2,User32,"ack.user"
"Apr 13, 2025 @ 20:02:48.596",4625,"LAB3-11",Negotiate,1064,"2025-04-12T15:00:37.4346917Z",2,User32,"ack.user"
"Apr 13, 2025 @ 20:02:48.581",4624,"LAB3-11",Negotiate,1064,"2025-04-12T15:00:26.0438156Z",5,Advapi,SYSTEM
"Apr 13, 2025 @ 20:02:48.566",4624,"LAB3-11",Negotiate,1064,"2025-04-12T15:00:25.9657596Z",5,Advapi,SYSTEM
"Apr 13, 2025 @ 20:02:48.549",4624,"LAB3-11",Negotiate,1064,"2025-04-12T15:00:22.3572059Z",5,Advapi,SYSTEM
"Apr 13, 2025 @ 20:02:48.533",4624,"LAB3-11",Negotiate,1064,"2025-04-12T15:00:21.8536334Z",5,Advapi,SYSTEM
"Apr 13, 2025 @ 20:02:48.518",4624,"LAB3-11",Negotiate,1064,"2025-04-12T15:00:21.1712314Z",5,Advapi,SYSTEM
"Apr 13, 2025 @ 20:02:48.503",4624,"LAB3-11",Negotiate,1064,"2025-04-12T15:00:21.1252568Z",5,Advapi,SYSTEM
"Apr 13, 2025 @ 20:02:48.487",4624,"LAB3-11",Negotiate,1064,"2025-04-12T15:00:20.0120706Z",5,Advapi,SYSTEM
"Apr 13, 2025 @ 20:02:48.471",4624,"LAB3-11",Negotiate,1064,"2025-04-12T15:00:19.9159903Z",5,Advapi,SYSTEM
"Apr 13, 2025 @ 20:02:48.456",4624,"LAB3-11",Negotiate,1064,"2025-04-12T15:00:19.8883814Z",5,Advapi,SYSTEM
"Apr 13, 2025 @ 20:02:48.439",4624,"LAB3-11",Negotiate,1064,"2025-04-12T15:00:19.8881841Z",5,Advapi,SYSTEM
"Apr 13, 2025 @ 20:02:48.425",4624,"LAB3-11",Negotiate,1064,"2025-04-12T15:00:19.8881197Z",5,Advapi,SYSTEM
"Apr 13, 2025 @ 20:02:48.409",4624,"LAB3-11",Negotiate,1064,"2025-04-12T15:00:19.8880492Z",5,Advapi,SYSTEM
"Apr 13, 2025 @ 20:02:48.393",4624,"LAB3-11",Negotiate,1064,"2025-04-12T15:00:19.8877205Z",5,Advapi,SYSTEM
"Apr 13, 2025 @ 20:02:48.377",4624,"LAB3-11",Negotiate,1064,"2025-04-12T15:00:19.8868801Z",5,Advapi,SYSTEM
"Apr 13, 2025 @ 20:02:48.362",4624,"LAB3-11",Negotiate,1064,"2025-04-12T15:00:19.8426697Z",5,Advapi,SYSTEM
"Apr 13, 2025 @ 20:01:08.138",4624,"LAB3-10",Kerberos,1064,"2025-04-13T15:01:52.1489055Z",3,Kerberos,"ADMANAGER$"
"Apr 13, 2025 @ 20:01:08.124",4624,"LAB3-10",NTLM,1064,"2025-04-13T15:01:52.1368301Z",3,NtLmSsp,"ADMANAGER$"
"Apr 13, 2025 @ 20:01:08.118",4624,"LAB3-10",Kerberos,1064,"2025-04-13T15:01:52.0946881Z",3,Kerberos,Administrator
"Apr 13, 2025 @ 20:01:08.113",4624,"LAB3-10",Kerberos,1064,"2025-04-13T15:01:52.0667642Z",3,Kerberos,Administrator
"Apr 13, 2025 @ 20:00:00.746",4624,"LAB3-10",Negotiate,1064,"2025-04-13T15:00:44.7424789Z",5,Advapi,SYSTEM
"Apr 13, 2025 @ 19:52:48.025",4624,"DESKTOP-5JEIKFF",Negotiate,1016,"2025-04-13T14:52:49.0410738Z",5,Advapi,SYSTEM
"Apr 13, 2025 @ 19:51:34.377",4624,"LAB3-09",Negotiate,1036,"2025-04-13T14:51:31.6922351Z",5,Advapi,SYSTEM
"Apr 13, 2025 @ 19:51:01.689",4624,"LAB3-09",Negotiate,1036,"2025-04-13T14:50:59.0259099Z",5,Advapi,SYSTEM
"Apr 13, 2025 @ 19:51:01.686",4624,"LAB3-09",Negotiate,1036,"2025-04-13T14:50:59.0240048Z",5,Advapi,SYSTEM
"Apr 13, 2025 @ 19:50:36.678",4624,"LAB3-09",Negotiate,1036,"2025-04-13T14:50:34.0004884Z",5,Advapi,SYSTEM
"Apr 13, 2025 @ 19:49:21.867",4624,"LAB3-09",Negotiate,1036,"2025-04-13T14:49:19.1931804Z",5,Advapi,SYSTEM
"Apr 13, 2025 @ 19:47:43.214",4624,"DESKTOP-5JEIKFF",Negotiate,1016,"2025-04-13T14:47:44.2348964Z",5,Advapi,SYSTEM
"Apr 13, 2025 @ 19:43:18.161",4624,"LAB3-10",Kerberos,1064,"2025-04-13T14:44:02.6542473Z",3,Kerberos,"LAB3-10$"
"Apr 13, 2025 @ 19:43:18.152",4624,"LAB3-10",Kerberos,1064,"2025-04-13T14:44:02.1846651Z",3,Kerberos,"LAB3-10$"
"Apr 13, 2025 @ 19:40:18.899",4624,"LAB3-09",Negotiate,1036,"2025-04-13T14:40:16.2269174Z",5,Advapi,SYSTEM
"Apr 13, 2025 @ 19:40:04.714",4624,"LAB3-10",Negotiate,1064,"2025-04-13T14:40:48.7777134Z",5,Advapi,SYSTEM
"Apr 13, 2025 @ 19:39:12.747",4624,"DESKTOP-5JEIKFF",Negotiate,1016,"2025-04-13T14:39:13.7633140Z",5,Advapi,SYSTEM
"Apr 13, 2025 @ 19:38:56.096",4624,"DESKTOP-5JEIKFF",Negotiate,1016,"2025-04-13T14:38:57.1135666Z",5,Advapi,SYSTEM
"Apr 13, 2025 @ 19:38:11.271",4624,"DESKTOP-5JEIKFF",Negotiate,1016,"2025-04-13T14:38:12.2909622Z",5,Advapi,SYSTEM
"Apr 13, 2025 @ 19:38:09.867",4624,"DESKTOP-5JEIKFF",Negotiate,1016,"2025-04-13T14:38:10.8861193Z",5,Advapi,SYSTEM
"Apr 13, 2025 @ 19:38:08.349",4624,"DESKTOP-5JEIKFF",Negotiate,1016,"2025-04-13T14:38:09.3532465Z",5,Advapi,SYSTEM
"Apr 13, 2025 @ 19:38:08.343",4624,"DESKTOP-5JEIKFF",Negotiate,1016,"2025-04-13T14:38:09.3490320Z",5,Advapi,SYSTEM
"Apr 13, 2025 @ 19:38:08.338",4624,"DESKTOP-5JEIKFF",Negotiate,1016,"2025-04-13T14:38:09.3485949Z",5,Advapi,SYSTEM
"Apr 13, 2025 @ 19:38:08.332",4624,"DESKTOP-5JEIKFF",Negotiate,1016,"2025-04-13T14:38:09.3472123Z",5,Advapi,SYSTEM
"Apr 13, 2025 @ 19:38:08.329",4624,"DESKTOP-5JEIKFF",Negotiate,1016,"2025-04-13T14:38:09.3466902Z",5,Advapi,SYSTEM
"Apr 13, 2025 @ 19:38:08.326",4624,"DESKTOP-5JEIKFF",Negotiate,1016,"2025-04-13T14:38:09.3456977Z",5,Advapi,SYSTEM
"Apr 13, 2025 @ 19:38:06.685",4624,"DESKTOP-5JEIKFF",Negotiate,1016,"2025-04-13T14:38:08.2101068Z",5,Advapi,SYSTEM
"Apr 13, 2025 @ 19:38:06.682",4624,"DESKTOP-5JEIKFF",Negotiate,1016,"2025-04-13T14:38:07.7022822Z",5,Advapi,SYSTEM
"Apr 13, 2025 @ 19:38:04.778",4624,"DESKTOP-5JEIKFF",Negotiate,1016,"2025-04-13T14:38:05.7976176Z",5,Advapi,SYSTEM
"Apr 13, 2025 @ 19:38:03.075",4624,"DESKTOP-5JEIKFF",Negotiate,1016,"2025-04-13T14:38:04.1316544Z",5,Advapi,SYSTEM
"Apr 13, 2025 @ 19:38:03.069",4624,"DESKTOP-5JEIKFF",Negotiate,1016,"2025-04-13T14:38:04.1252928Z",5,Advapi,SYSTEM
"Apr 13, 2025 @ 19:38:03.063",4624,"DESKTOP-5JEIKFF",Negotiate,1016,"2025-04-13T14:38:04.1247919Z",5,Advapi,SYSTEM
"Apr 13, 2025 @ 19:38:03.057",4624,"DESKTOP-5JEIKFF",Negotiate,1016,"2025-04-13T14:38:04.0829260Z",5,Advapi,SYSTEM
"Apr 13, 2025 @ 19:38:03.051",4624,"DESKTOP-5JEIKFF",Negotiate,1016,"2025-04-13T14:38:04.0824903Z",5,Advapi,SYSTEM
"Apr 13, 2025 @ 19:38:03.045",4624,"DESKTOP-5JEIKFF",Negotiate,1016,"2025-04-13T14:38:04.0813527Z",5,Advapi,SYSTEM
"Apr 13, 2025 @ 19:37:58.604",4624,"DESKTOP-5JEIKFF",Negotiate,1016,"2025-04-13T14:37:59.9608647Z",5,Advapi,SYSTEM
"Apr 13, 2025 @ 19:37:31.447",4624,"LAB3-10",Negotiate,1064,"2025-04-13T14:38:15.5286397Z",5,Advapi,SYSTEM
"Apr 13, 2025 @ 19:35:41.668",4624,"LAB3-10",Negotiate,1064,"2025-04-13T14:36:24.3488539Z",5,Advapi,SYSTEM
"Apr 13, 2025 @ 19:35:41.664",4624,"LAB3-10",Negotiate,1064,"2025-04-13T14:36:23.7669563Z",5,Advapi,SYSTEM
"Apr 13, 2025 @ 19:35:40.484",4624,"LAB3-09",Negotiate,1036,"2025-04-13T14:35:35.7915829Z",5,Advapi,SYSTEM
"Apr 13, 2025 @ 19:35:37.751",4624,"LAB3-09",Negotiate,1036,"2025-04-13T14:31:48.3991247Z",5,Advapi,SYSTEM
"Apr 13, 2025 @ 19:35:37.748",4624,"LAB3-09",Negotiate,1036,"2025-04-13T14:31:48.3969408Z",5,Advapi,SYSTEM
"Apr 13, 2025 @ 19:35:37.732",4624,"LAB3-09",Negotiate,1036,"2025-04-13T14:31:48.3556991Z",5,Advapi,SYSTEM
"Apr 13, 2025 @ 19:35:37.717",4624,"LAB3-09",Negotiate,1036,"2025-04-13T14:21:36.6622319Z",5,Advapi,SYSTEM
"Apr 13, 2025 @ 19:35:37.715",4624,"LAB3-09",Negotiate,1036,"2025-04-13T14:20:39.9594875Z",5,Advapi,SYSTEM
"Apr 13, 2025 @ 19:35:37.700",4624,"LAB3-09",Negotiate,1036,"2025-04-13T14:20:30.5984488Z",5,Advapi,SYSTEM
"Apr 13, 2025 @ 19:35:37.684",4624,"LAB3-09",Negotiate,1036,"2025-04-13T13:57:53.0491650Z",5,Advapi,SYSTEM
"Apr 13, 2025 @ 19:35:37.681",4624,"LAB3-09",Negotiate,1036,"2025-04-13T13:57:30.4114540Z",5,Advapi,SYSTEM
"Apr 13, 2025 @ 19:35:37.665",4624,"LAB3-09",Negotiate,1036,"2025-04-13T13:56:40.5620226Z",5,Advapi,SYSTEM
"Apr 13, 2025 @ 19:35:37.650",4624,"LAB3-09",Negotiate,1036,"2025-04-13T13:56:40.5599187Z",5,Advapi,SYSTEM
"Apr 13, 2025 @ 19:35:37.649",4624,"LAB3-09",Negotiate,1036,"2025-04-13T13:54:50.2212910Z",5,Advapi,SYSTEM
"Apr 13, 2025 @ 19:35:37.633",4624,"LAB3-09",Negotiate,1036,"2025-04-13T13:43:14.7781784Z",5,Advapi,SYSTEM
"Apr 13, 2025 @ 19:35:37.628",4624,"LAB3-10",Negotiate,1064,"2025-04-13T14:07:43.8335085Z",5,Advapi,SYSTEM
"Apr 13, 2025 @ 19:35:37.617",4624,"LAB3-09",Negotiate,1036,"2025-04-13T13:40:34.6057568Z",5,Advapi,SYSTEM
"Apr 13, 2025 @ 19:35:37.615",4624,"LAB3-09",Negotiate,1036,"2025-04-13T13:38:49.5991618Z",5,Advapi,SYSTEM
"Apr 13, 2025 @ 19:35:37.599",4624,"LAB3-09",Negotiate,1036,"2025-04-13T13:37:54.5402959Z",5,Advapi,SYSTEM
"Apr 13, 2025 @ 19:35:37.582",4624,"LAB3-09",Negotiate,1036,"2025-04-13T13:35:42.2984613Z",5,Advapi,SYSTEM
"Apr 13, 2025 @ 19:35:37.566",4624,"LAB3-09",Negotiate,1036,"2025-04-13T13:31:54.2897634Z",5,Advapi,SYSTEM
"Apr 13, 2025 @ 19:35:37.551",4624,"LAB3-09",Negotiate,1036,"2025-04-13T13:28:46.5669765Z",5,Advapi,SYSTEM
"Apr 13, 2025 @ 19:35:37.549",4624,"LAB3-09",Negotiate,1036,"2025-04-13T13:28:45.4361727Z",5,Advapi,SYSTEM
"Apr 13, 2025 @ 19:35:37.533",4624,"LAB3-09",Negotiate,1036,"2025-04-13T13:27:14.0498040Z",5,Advapi,SYSTEM
"Apr 13, 2025 @ 19:35:37.517",4624,"LAB3-09",Negotiate,1036,"2025-04-13T13:25:26.9357690Z",5,Advapi,SYSTEM
"Apr 13, 2025 @ 19:35:37.515",4624,"LAB3-09",Negotiate,1036,"2025-04-13T13:24:16.0394222Z",5,Advapi,SYSTEM
"Apr 13, 2025 @ 19:35:37.500",4624,"LAB3-09",Negotiate,1036,"2025-04-13T13:22:33.7829114Z",5,Advapi,SYSTEM
"Apr 13, 2025 @ 19:35:37.482",4624,"LAB3-09",Negotiate,1036,"2025-04-13T13:20:33.7394924Z",5,Advapi,SYSTEM
"Apr 13, 2025 @ 19:35:37.467",4624,"LAB3-09",Negotiate,1036,"2025-04-13T13:18:01.4811831Z",5,Advapi,SYSTEM
"Apr 13, 2025 @ 19:35:37.452",4624,"LAB3-09",Negotiate,1036,"2025-04-13T13:17:10.0970756Z",5,Advapi,SYSTEM
"Apr 13, 2025 @ 19:35:37.434",4624,"LAB3-09",Negotiate,1036,"2025-04-13T13:14:33.5078216Z",5,Advapi,SYSTEM
"Apr 13, 2025 @ 19:35:37.419",4624,"LAB3-09",Negotiate,1036,"2025-04-13T13:11:57.2651261Z",5,Advapi,SYSTEM
"Apr 13, 2025 @ 19:35:37.416",4624,"LAB3-09",Negotiate,1036,"2025-04-13T13:11:53.4519282Z",5,Advapi,SYSTEM
"Apr 13, 2025 @ 19:35:37.415",4624,"LAB3-09",Negotiate,1036,"2025-04-13T13:06:33.1646884Z",5,Advapi,SYSTEM
"Apr 13, 2025 @ 19:35:37.399",4624,"LAB3-09",Negotiate,1036,"2025-04-13T13:05:40.0664754Z",5,Advapi,SYSTEM
"Apr 13, 2025 @ 19:35:37.383",4624,"LAB3-09",Negotiate,1036,"2025-04-13T13:03:12.9737310Z",5,Advapi,SYSTEM
"Apr 13, 2025 @ 19:35:37.366",4624,"LAB3-09",Negotiate,1036,"2025-04-13T13:00:32.9317263Z",5,Advapi,SYSTEM
"Apr 13, 2025 @ 19:35:37.351",4624,"LAB3-09",Negotiate,1036,"2025-04-13T12:58:07.6694838Z",5,Advapi,SYSTEM
"Apr 13, 2025 @ 19:35:37.348",4624,"LAB3-09",Negotiate,1036,"2025-04-13T12:57:52.8071927Z",5,Advapi,SYSTEM
"Apr 13, 2025 @ 19:35:37.333",4624,"LAB3-09",Negotiate,1036,"2025-04-13T12:54:32.7016289Z",5,Advapi,SYSTEM
"Apr 13, 2025 @ 19:35:37.318",4624,"LAB3-09",Negotiate,1036,"2025-04-13T12:51:36.3533501Z",5,Advapi,SYSTEM
"Apr 13, 2025 @ 19:35:37.315",4624,"LAB3-10",Kerberos,1064,"2025-04-13T14:02:46.6048524Z",3,Kerberos,"LAB3-10$"
"Apr 13, 2025 @ 19:35:37.315",4624,"LAB3-09",Negotiate,1036,"2025-04-13T12:50:32.5796320Z",5,Advapi,SYSTEM
"Apr 13, 2025 @ 19:35:37.301",4624,"LAB3-09",Negotiate,1036,"2025-04-13T12:47:12.4227049Z",5,Advapi,SYSTEM
"Apr 13, 2025 @ 19:35:37.283",4624,"LAB3-09",Negotiate,1036,"2025-04-13T12:46:18.7696668Z",5,Advapi,SYSTEM
"Apr 13, 2025 @ 19:35:37.267",4624,"LAB3-09",Negotiate,1036,"2025-04-13T12:45:12.3626775Z",5,Advapi,SYSTEM
"Apr 13, 2025 @ 19:35:37.251",4624,"LAB3-09",Negotiate,1036,"2025-04-13T12:44:49.9008246Z",5,Advapi,SYSTEM
"Apr 13, 2025 @ 19:35:37.248",4624,"LAB3-09",Negotiate,1036,"2025-04-13T12:43:12.2343248Z",5,Advapi,SYSTEM
"Apr 13, 2025 @ 19:35:37.237",4624,"LAB3-10",Kerberos,1064,"2025-04-13T14:02:46.0708272Z",3,Kerberos,"LAB3-10$"
"Apr 13, 2025 @ 19:35:37.232",4624,"LAB3-09",Negotiate,1036,"2025-04-13T12:39:52.1454455Z",5,Advapi,SYSTEM
"Apr 13, 2025 @ 19:35:37.217",4624,"LAB3-09",Negotiate,1036,"2025-04-13T12:37:52.0849592Z",5,Advapi,SYSTEM
"Apr 13, 2025 @ 19:35:37.215",4624,"LAB3-09",Negotiate,1036,"2025-04-13T12:37:19.3393563Z",5,Advapi,SYSTEM
"Apr 13, 2025 @ 19:35:37.200",4624,"LAB3-09",Negotiate,1036,"2025-04-13T12:37:19.3373271Z",5,Advapi,SYSTEM
"Apr 13, 2025 @ 19:35:37.191",4624,"LAB3-10",Negotiate,1064,"2025-04-13T14:02:46.0395862Z",5,Advapi,SYSTEM
"Apr 13, 2025 @ 19:35:37.184",4624,"LAB3-09",Negotiate,1036,"2025-04-13T12:34:31.8445413Z",5,Advapi,SYSTEM
"Apr 13, 2025 @ 19:35:37.165",4624,"LAB3-09",Negotiate,1036,"2025-04-13T12:31:51.8343864Z",5,Advapi,SYSTEM
"Apr 13, 2025 @ 19:35:37.159",4624,"LAB3-10",Negotiate,1064,"2025-04-13T14:02:01.2568472Z",5,Advapi,SYSTEM
"Apr 13, 2025 @ 19:35:37.149",4624,"LAB3-09",Negotiate,1036,"2025-04-13T12:27:30.9943347Z",5,Advapi,SYSTEM
"Apr 13, 2025 @ 19:35:37.133",4624,"LAB3-09",Negotiate,1036,"2025-04-13T12:26:48.8400180Z",5,Advapi,SYSTEM
"Apr 13, 2025 @ 19:35:37.128",4624,"LAB3-10",Negotiate,1064,"2025-04-13T14:00:45.4080179Z",5,Advapi,SYSTEM
"Apr 13, 2025 @ 19:35:37.117",4624,"LAB3-09",Negotiate,1036,"2025-04-13T12:26:30.4021731Z",5,Advapi,SYSTEM
"Apr 13, 2025 @ 19:35:37.115",4624,"LAB3-09",Negotiate,1036,"2025-04-13T12:26:26.0385687Z",5,Advapi,SYSTEM
"Apr 13, 2025 @ 19:35:37.100",4624,"LAB3-09",Negotiate,1036,"2025-04-13T12:22:39.3217219Z",5,Advapi,SYSTEM
"Apr 13, 2025 @ 19:35:37.084",4624,"LAB3-09",Negotiate,1036,"2025-04-13T12:19:59.2894748Z",5,Advapi,SYSTEM
"Apr 13, 2025 @ 19:35:37.082",4624,"LAB3-09",Negotiate,1036,"2025-04-13T12:17:19.1370939Z",5,Advapi,SYSTEM
"Apr 13, 2025 @ 19:35:37.067",4624,"LAB3-09",Negotiate,1036,"2025-04-13T12:13:59.0317021Z",5,Advapi,SYSTEM
"Apr 13, 2025 @ 19:35:37.049",4624,"LAB3-09",Negotiate,1036,"2025-04-13T12:09:58.8630416Z",5,Advapi,SYSTEM
"Apr 13, 2025 @ 19:35:37.034",4624,"LAB3-09",Negotiate,1036,"2025-04-13T12:07:58.7410349Z",5,Advapi,SYSTEM
"Apr 13, 2025 @ 19:35:37.016",4624,"LAB3-09",Negotiate,1036,"2025-04-13T12:04:13.7872065Z",5,Advapi,SYSTEM
"Apr 13, 2025 @ 19:35:37.000",4624,"LAB3-09",Negotiate,1036,"2025-04-13T12:04:13.7825614Z",5,Advapi,SYSTEM
"Apr 13, 2025 @ 19:35:36.986",4624,"LAB3-09",Negotiate,1036,"2025-04-13T12:02:29.2163100Z",5,Advapi,SYSTEM
"Apr 13, 2025 @ 19:35:36.985",4624,"LAB3-09",Negotiate,1036,"2025-04-13T12:02:29.2144461Z",5,Advapi,SYSTEM
"Apr 13, 2025 @ 19:35:36.982",4624,"LAB3-09",Negotiate,1036,"2025-04-13T12:01:58.6216145Z",5,Advapi,SYSTEM
"Apr 13, 2025 @ 19:35:36.972",4624,"LAB3-10",Kerberos,1064,"2025-04-13T13:59:59.4901687Z",3,Kerberos,"ADMANAGER$"
"Apr 13, 2025 @ 19:35:36.966",4624,"LAB3-09",Negotiate,1036,"2025-04-13T11:58:17.4686379Z",5,Advapi,SYSTEM
"Apr 13, 2025 @ 19:35:36.949",4624,"LAB3-09",Negotiate,1036,"2025-04-13T11:56:59.9341906Z",5,Advapi,SYSTEM
"Apr 13, 2025 @ 19:35:36.933",4624,"LAB3-09",Negotiate,1036,"2025-04-13T11:55:58.3323218Z",5,Advapi,SYSTEM
"Apr 13, 2025 @ 19:35:36.925",4624,"LAB3-10",NTLM,1064,"2025-04-13T13:59:59.4774161Z",3,NtLmSsp,"ADMANAGER$"
"Apr 13, 2025 @ 19:35:36.915",4624,"LAB3-09",Negotiate,1036,"2025-04-13T11:53:18.2441450Z",5,Advapi,SYSTEM
"Apr 13, 2025 @ 19:35:36.900",4624,"LAB3-09",Negotiate,1036,"2025-04-13T11:51:49.9640293Z",5,Advapi,SYSTEM
"Apr 13, 2025 @ 19:35:36.896",4624,"LAB3-10",Kerberos,1064,"2025-04-13T13:59:59.3095121Z",3,Kerberos,Administrator
"Apr 13, 2025 @ 19:35:36.884",4624,"LAB3-09",Negotiate,1036,"2025-04-13T11:48:38.0213790Z",5,Advapi,SYSTEM
"Apr 13, 2025 @ 19:35:36.881",4624,"LAB3-09",Negotiate,1036,"2025-04-13T11:46:38.0144977Z",5,Advapi,SYSTEM
"Apr 13, 2025 @ 19:35:36.866",4624,"LAB3-09",Negotiate,1036,"2025-04-13T11:43:12.5278290Z",5,Advapi,SYSTEM
"Apr 13, 2025 @ 19:35:36.851",4624,"LAB3-09",Negotiate,1036,"2025-04-13T11:42:37.8349943Z",5,Advapi,SYSTEM
"Apr 13, 2025 @ 19:35:36.846",4624,"LAB3-10",Kerberos,1064,"2025-04-13T13:59:59.2819149Z",3,Kerberos,Administrator
"Apr 13, 2025 @ 19:35:36.832",4624,"LAB3-09",Negotiate,1036,"2025-04-13T11:41:43.2476150Z",5,Advapi,SYSTEM
"Apr 13, 2025 @ 19:35:36.818",4624,"LAB3-09",Negotiate,1036,"2025-04-13T11:37:57.5756919Z",5,Advapi,SYSTEM
"Apr 13, 2025 @ 19:35:36.815",4624,"LAB3-09",Negotiate,1036,"2025-04-13T11:35:57.5286248Z",5,Advapi,SYSTEM
"Apr 13, 2025 @ 19:35:36.814",4624,"LAB3-10",Negotiate,1064,"2025-04-13T13:57:30.8156480Z",5,Advapi,SYSTEM
"Apr 13, 2025 @ 19:35:36.802",4624,"LAB3-09",Negotiate,1036,"2025-04-13T11:34:24.7329662Z",5,Advapi,SYSTEM
"Apr 13, 2025 @ 19:35:36.800",4624,"LAB3-09",Negotiate,1036,"2025-04-13T11:34:24.7547179Z",5,Advapi,SYSTEM
"Apr 13, 2025 @ 19:35:36.783",4624,"LAB3-09",Negotiate,1036,"2025-04-13T11:32:37.4193129Z",5,Advapi,SYSTEM
"Apr 13, 2025 @ 19:35:36.768",4624,"LAB3-10",Negotiate,1064,"2025-04-13T13:56:44.7772726Z",5,Advapi,SYSTEM
"Apr 13, 2025 @ 19:35:36.766",4624,"LAB3-09",Negotiate,1036,"2025-04-13T11:28:45.2692566Z",5,Advapi,SYSTEM
"Apr 13, 2025 @ 19:35:36.749",4624,"LAB3-09",Negotiate,1036,"2025-04-13T11:28:04.9674392Z",5,Advapi,SYSTEM
"Apr 13, 2025 @ 19:35:36.733",4624,"LAB3-09",Negotiate,1036,"2025-04-13T11:27:59.5976503Z",5,Advapi,SYSTEM
"Apr 13, 2025 @ 19:35:36.716",4624,"LAB3-09",Negotiate,1036,"2025-04-13T11:27:17.1980247Z",5,Advapi,SYSTEM
"Apr 13, 2025 @ 19:35:36.650",4624,"LAB3-09",Negotiate,1036,"2025-04-13T11:23:39.3562891Z",7,Negotiat,"ack.user"
"Apr 13, 2025 @ 19:35:36.648",4624,"LAB3-09",Negotiate,1036,"2025-04-13T11:23:39.3562754Z",7,Negotiat,"ack.user"
"Apr 13, 2025 @ 19:35:36.618",4624,"LAB3-09",Negotiate,1036,"2025-04-13T11:23:39.2726030Z",5,Advapi,SYSTEM
"Apr 13, 2025 @ 19:35:36.613",4624,"LAB3-09",Negotiate,1036,"2025-04-13T11:23:39.2566159Z",11,User32,"ack.user"
"Apr 13, 2025 @ 19:35:36.599",4624,"LAB3-09",Negotiate,1036,"2025-04-13T11:23:39.2566064Z",11,User32,"ack.user"
"Apr 13, 2025 @ 19:35:36.567",4625,"LAB3-09",Negotiate,1036,"2025-04-13T11:23:20.8921971Z",2,User32,"ack.user"
"Apr 13, 2025 @ 19:35:36.566",4624,"LAB3-10",Negotiate,1064,"2025-04-13T12:59:44.8602297Z",5,Advapi,SYSTEM
"Apr 13, 2025 @ 19:35:36.549",4625,"LAB3-09",Negotiate,1036,"2025-04-13T11:23:03.2279982Z",2,User32,"ack.user"
"Apr 13, 2025 @ 19:35:36.535",4624,"LAB3-10",Kerberos,1064,"2025-04-13T12:59:40.1380232Z",3,Kerberos,"ADMANAGER$"
"Apr 13, 2025 @ 19:35:36.504",4624,"LAB3-10",NTLM,1064,"2025-04-13T12:59:40.1356186Z",3,NtLmSsp,"ADMANAGER$"
"Apr 13, 2025 @ 19:35:36.486",4625,"LAB3-09",Negotiate,1036,"2025-04-13T11:22:45.2472300Z",2,User32,"ack.user"
"Apr 13, 2025 @ 19:35:36.485",4624,"LAB3-09",Negotiate,1036,"2025-04-13T11:22:36.2622241Z",5,Advapi,SYSTEM
"Apr 13, 2025 @ 19:35:36.482",4624,"LAB3-09",Negotiate,1036,"2025-04-13T11:22:36.2566753Z",5,Advapi,SYSTEM
"Apr 13, 2025 @ 19:35:36.478",4624,"LAB3-09",Negotiate,1036,"2025-04-13T11:22:34.7353485Z",5,Advapi,SYSTEM
"Apr 13, 2025 @ 19:35:36.466",4624,"LAB3-09",Kerberos,1036,"2025-04-13T11:22:34.8532013Z",3,Kerberos,"ADMANAGER$"
"Apr 13, 2025 @ 19:35:36.457",4624,"LAB3-10",Kerberos,1064,"2025-04-13T12:59:40.1249926Z",3,Kerberos,Administrator
"Apr 13, 2025 @ 19:35:36.450",4624,"LAB3-09",NTLM,1036,"2025-04-13T11:22:34.8455493Z",3,NtLmSsp,"ADMANAGER$"
"Apr 13, 2025 @ 19:35:36.446",4624,"LAB3-09",Kerberos,1036,"2025-04-13T11:22:34.6540700Z",3,Kerberos,Administrator
"Apr 13, 2025 @ 19:35:36.432",4624,"LAB3-09",Negotiate,1036,"2025-04-13T11:22:34.7333613Z",5,Advapi,SYSTEM
"Apr 13, 2025 @ 19:35:36.425",4624,"LAB3-10",NTLM,1064,"2025-04-13T12:59:40.0988605Z",3,NtLmSsp,Administrator
"Apr 13, 2025 @ 19:35:36.417",4624,"LAB3-09",Kerberos,1036,"2025-04-13T11:22:34.6908927Z",3,Kerberos,Administrator
"Apr 13, 2025 @ 19:35:36.399",4625,"LAB3-09",Negotiate,1036,"2025-04-13T11:22:34.2227578Z",2,User32,"ack.user"
"Apr 13, 2025 @ 19:35:36.382",4624,"LAB3-09",Negotiate,1036,"2025-04-13T11:22:03.2687895Z",5,Advapi,SYSTEM
"Apr 13, 2025 @ 19:35:36.224",4624,"LAB3-10",Negotiate,1064,"2025-04-13T11:58:34.8693535Z",5,Advapi,SYSTEM
"Apr 13, 2025 @ 19:35:36.177",4624,"LAB3-10",Negotiate,1064,"2025-04-13T11:58:29.4233528Z",5,Advapi,SYSTEM
"Apr 13, 2025 @ 19:35:36.130",4624,"LAB3-10",Kerberos,1064,"2025-04-13T11:58:26.4527741Z",3,Kerberos,"ADMANAGER$"
"Apr 13, 2025 @ 19:35:36.098",4624,"LAB3-10",NTLM,1064,"2025-04-13T11:58:26.4502734Z",3,NtLmSsp,"ADMANAGER$"
"Apr 13, 2025 @ 19:35:36.052",4624,"LAB3-10",Kerberos,1064,"2025-04-13T11:58:26.4386857Z",3,Kerberos,Administrator
"Apr 13, 2025 @ 19:35:36.021",4624,"LAB3-10",NTLM,1064,"2025-04-13T11:58:26.4202171Z",3,NtLmSsp,Administrator
"Apr 13, 2025 @ 19:35:35.832",4624,"LAB3-10",Kerberos,1064,"2025-04-13T10:57:20.2327358Z",3,Kerberos,"ADMANAGER$"
"Apr 13, 2025 @ 19:35:35.800",4624,"LAB3-10",NTLM,1064,"2025-04-13T10:57:20.2290899Z",3,NtLmSsp,"ADMANAGER$"
"Apr 13, 2025 @ 19:35:35.769",4624,"LAB3-10",Kerberos,1064,"2025-04-13T10:57:20.2155332Z",3,Kerberos,Administrator
"Apr 13, 2025 @ 19:35:35.753",4624,"LAB3-10",NTLM,1064,"2025-04-13T10:57:20.1985882Z",3,NtLmSsp,Administrator
"Apr 13, 2025 @ 19:35:15.611",4624,"DESKTOP-5JEIKFF",Negotiate,1016,"2025-04-13T14:35:14.6118631Z",5,Advapi,SYSTEM
"Apr 13, 2025 @ 19:35:13.766",4624,"DESKTOP-5JEIKFF",Negotiate,1016,"2025-04-13T14:35:03.1612725Z",5,Advapi,SYSTEM
"Apr 13, 2025 @ 19:35:13.681",4624,"DESKTOP-5JEIKFF",Negotiate,1016,"2025-04-13T14:35:11.2527237Z",5,Advapi,SYSTEM
"Apr 13, 2025 @ 19:35:13.658",4624,"DESKTOP-5JEIKFF",Negotiate,1016,"2025-04-13T14:35:08.0742209Z",2,User32,Project
"Apr 13, 2025 @ 19:35:13.655",4624,"DESKTOP-5JEIKFF",Negotiate,1016,"2025-04-13T14:35:08.0742131Z",2,User32,Project
"Apr 13, 2025 @ 19:35:13.575",4624,"DESKTOP-5JEIKFF",Negotiate,1016,"2025-04-13T14:35:04.1431531Z",5,Advapi,SYSTEM
"Apr 13, 2025 @ 19:35:13.563",4624,"DESKTOP-5JEIKFF",Negotiate,1016,"2025-04-13T14:35:03.8002317Z",5,Advapi,SYSTEM
"Apr 13, 2025 @ 19:35:13.555",4624,"DESKTOP-5JEIKFF",Negotiate,1016,"2025-04-13T14:35:03.5665252Z",5,Advapi,SYSTEM
"Apr 13, 2025 @ 19:35:13.542",4624,"DESKTOP-5JEIKFF",Negotiate,1016,"2025-04-13T14:34:59.5505133Z",5,Advapi,SYSTEM
"Apr 13, 2025 @ 14:56:08.761",4624,"LAB3-10",Negotiate,1064,"2025-04-13T09:56:10.8207680Z",5,Advapi,SYSTEM
"Apr 13, 2025 @ 14:56:08.756",4624,"LAB3-10",NTLM,1064,"2025-04-13T09:56:10.0562280Z",3,NtLmSsp,Administrator
"Apr 13, 2025 @ 14:56:08.746",4624,"LAB3-10",Kerberos,1064,"2025-04-13T09:56:10.0885850Z",3,Kerberos,"ADMANAGER$"
"Apr 13, 2025 @ 14:56:08.730",4624,"LAB3-10",NTLM,1064,"2025-04-13T09:56:10.0860899Z",3,NtLmSsp,"ADMANAGER$"
"Apr 13, 2025 @ 14:56:08.723",4624,"LAB3-10",Kerberos,1064,"2025-04-13T09:56:10.0736553Z",3,Kerberos,Administrator
"Apr 13, 2025 @ 14:48:51.616",4624,"CP-AKT-002912",Negotiate,1064,"2025-04-13T09:49:37.0111807Z",5,Advapi,SYSTEM
"Apr 13, 2025 @ 14:48:10.464",4624,"DESKTOP-5JEIKFF",Negotiate,1016,"2025-04-13T09:48:10.7446062Z",5,Advapi,SYSTEM
"Apr 13, 2025 @ 14:41:56.182",4624,"CP-AKT-002912",Negotiate,1064,"2025-04-13T09:42:41.5120689Z",5,Advapi,SYSTEM
"Apr 13, 2025 @ 14:41:13.409",4624,"CP-AKT-002912",Kerberos,1064,"2025-04-13T09:41:58.7447041Z",3,Kerberos,"CP-AKT-002912$"
"Apr 13, 2025 @ 14:41:13.395",4624,"CP-AKT-002912",Kerberos,1064,"2025-04-13T09:41:58.8922497Z",3,Kerberos,"CP-AKT-002912$"
"Apr 13, 2025 @ 14:37:59.738",4624,"LAB3-09",Negotiate,1036,"2025-04-13T09:37:57.5259665Z",5,Advapi,SYSTEM
"Apr 13, 2025 @ 14:37:59.738",4624,"LAB3-09",Negotiate,1036,"2025-04-13T09:37:57.5894331Z",5,Advapi,SYSTEM
"Apr 13, 2025 @ 14:37:55.344",4624,"LAB3-09",Negotiate,1036,"2025-04-13T09:37:53.1112701Z",5,Advapi,SYSTEM
"Apr 13, 2025 @ 14:37:51.753",4624,"CP-AKT-002912",Negotiate,1064,"2025-04-13T09:38:37.6918351Z",5,Advapi,SYSTEM
"Apr 13, 2025 @ 14:37:51.752",4624,"CP-AKT-002912",Negotiate,1064,"2025-04-13T09:38:37.3838866Z",5,Advapi,SYSTEM
"Apr 13, 2025 @ 14:37:51.751",4624,"CP-AKT-002912",Negotiate,1064,"2025-04-13T09:38:37.2401528Z",5,Advapi,SYSTEM
"Apr 13, 2025 @ 14:35:31.232",4624,"DESKTOP-5JEIKFF",Negotiate,1016,"2025-04-13T09:35:31.5489757Z",5,Advapi,SYSTEM
"Apr 13, 2025 @ 14:35:31.212",4624,"DESKTOP-5JEIKFF",Negotiate,1016,"2025-04-13T09:35:31.4852907Z",5,Advapi,SYSTEM
"Apr 13, 2025 @ 14:32:51.950",4624,"DESKTOP-5JEIKFF",Negotiate,1016,"2025-04-13T09:32:52.2207736Z",5,Advapi,SYSTEM
"Apr 13, 2025 @ 14:29:21.125",4624,"CP-AKT-002912",Negotiate,1064,"2025-04-13T09:30:07.2673475Z",5,Advapi,SYSTEM
"Apr 13, 2025 @ 14:29:21.124",4624,"CP-AKT-002912",Negotiate,1064,"2025-04-13T09:30:06.4972424Z",5,Advapi,SYSTEM
"Apr 13, 2025 @ 14:26:42.772",4624,"DESKTOP-5JEIKFF",Negotiate,1016,"2025-04-13T09:26:43.0356524Z",5,Advapi,SYSTEM
"Apr 13, 2025 @ 14:26:42.769",4624,"DESKTOP-5JEIKFF",Negotiate,1016,"2025-04-13T09:26:43.0349122Z",5,Advapi,SYSTEM
"Apr 13, 2025 @ 14:25:48.363",4624,"DESKTOP-5JEIKFF",Negotiate,1016,"2025-04-13T09:25:49.0310890Z",5,Advapi,SYSTEM
"Apr 13, 2025 @ 14:25:46.520",4624,"DESKTOP-5JEIKFF",Negotiate,1016,"2025-04-13T09:25:46.8227610Z",5,Advapi,SYSTEM
"Apr 13, 2025 @ 14:25:46.512",4624,"DESKTOP-5JEIKFF",Negotiate,1016,"2025-04-13T09:25:46.7826461Z",5,Advapi,SYSTEM
"Apr 13, 2025 @ 14:25:43.560",4624,"DESKTOP-5JEIKFF",Negotiate,1016,"2025-04-13T09:25:43.8307060Z",5,Advapi,SYSTEM
"Apr 13, 2025 @ 14:25:19.692",4624,"DESKTOP-5JEIKFF",Negotiate,1016,"2025-04-13T09:25:20.1770960Z",5,Advapi,SYSTEM
"Apr 13, 2025 @ 14:25:19.692",4624,"DESKTOP-5JEIKFF",Negotiate,1016,"2025-04-13T09:25:19.9546367Z",5,Advapi,SYSTEM
"Apr 13, 2025 @ 14:16:32.422",4624,"DESKTOP-5JEIKFF",Negotiate,1016,"2025-04-13T09:16:32.6958153Z",5,Advapi,SYSTEM
"Apr 13, 2025 @ 14:12:45.586",4624,"CP-AKT-002912",Negotiate,1064,"2025-04-13T09:13:30.9971961Z",5,Advapi,SYSTEM
"Apr 13, 2025 @ 14:11:30.711",4624,"DESKTOP-5JEIKFF",Negotiate,1016,"2025-04-13T09:11:30.9939326Z",5,Advapi,SYSTEM
"Apr 13, 2025 @ 14:09:48.582",4624,"LAB3-09",Negotiate,1036,"2025-04-13T09:09:46.3572181Z",5,Advapi,SYSTEM
"Apr 13, 2025 @ 14:09:17.752",4624,"DESKTOP-5JEIKFF",Negotiate,1016,"2025-04-13T09:09:18.0309114Z",5,Advapi,SYSTEM
"Apr 13, 2025 @ 14:05:47.112",4624,"DESKTOP-5JEIKFF",Negotiate,1016,"2025-04-13T09:05:47.3994291Z",5,Advapi,SYSTEM
"Apr 13, 2025 @ 14:04:10.443",4624,"DESKTOP-5JEIKFF",Negotiate,1016,"2025-04-13T09:04:10.7270562Z",5,Advapi,SYSTEM
"Apr 13, 2025 @ 14:00:14.035",4624,"DESKTOP-5JEIKFF",Negotiate,1016,"2025-04-13T09:00:14.6020015Z",5,Advapi,SYSTEM
"Apr 13, 2025 @ 14:00:14.027",4624,"DESKTOP-5JEIKFF",Negotiate,1016,"2025-04-13T09:00:14.3087955Z",5,Advapi,SYSTEM
"Apr 13, 2025 @ 13:58:31.350",4624,"LAB3-09",Negotiate,1036,"2025-04-13T08:58:29.1286233Z",5,Advapi,SYSTEM
"Apr 13, 2025 @ 13:58:26.889",4624,"LAB3-09",Negotiate,1036,"2025-04-13T08:58:24.6538305Z",5,Advapi,SYSTEM
"Apr 13, 2025 @ 13:57:56.250",4624,"CP-AKT-002912",Negotiate,1064,"2025-04-13T08:58:41.7467964Z",5,Advapi,SYSTEM
"Apr 13, 2025 @ 13:55:43.127",4624,"DESKTOP-5JEIKFF",Negotiate,1016,"2025-04-13T08:55:44.2821866Z",5,Advapi,SYSTEM
"Apr 13, 2025 @ 13:55:43.041",4624,"DESKTOP-5JEIKFF",Negotiate,1016,"2025-04-13T08:55:43.3870410Z",5,Advapi,SYSTEM
"Apr 13, 2025 @ 13:55:00.285",4624,"LAB3-10",Kerberos,1064,"2025-04-13T08:55:00.1767746Z",3,Kerberos,"ADMANAGER$"
"Apr 13, 2025 @ 13:55:00.270",4624,"LAB3-10",NTLM,1064,"2025-04-13T08:55:00.1741540Z",3,NtLmSsp,"ADMANAGER$"
"Apr 13, 2025 @ 13:55:00.253",4624,"LAB3-10",Kerberos,1064,"2025-04-13T08:55:00.1620658Z",3,Kerberos,Administrator
"Apr 13, 2025 @ 13:55:00.238",4624,"LAB3-10",NTLM,1064,"2025-04-13T08:55:00.1430003Z",3,NtLmSsp,Administrator
"Apr 13, 2025 @ 13:53:32.966",4624,"LAB3-09",Negotiate,1036,"2025-04-13T08:53:30.7406958Z",5,Advapi,SYSTEM
"Apr 13, 2025 @ 13:52:21.773",4624,"LAB3-09",Negotiate,1036,"2025-04-13T08:52:19.5503751Z",5,Advapi,SYSTEM
"Apr 13, 2025 @ 13:51:43.204",4624,"CP-AKT-002912",Negotiate,1064,"2025-04-13T08:52:28.6438460Z",5,Advapi,SYSTEM
"Apr 13, 2025 @ 13:48:15.099",4624,"LAB3-09",Negotiate,1036,"2025-04-13T08:48:13.8280542Z",5,Advapi,SYSTEM
"Apr 13, 2025 @ 13:48:15.099",4624,"LAB3-09",Negotiate,1036,"2025-04-13T08:48:12.8922656Z",5,Advapi,SYSTEM
"Apr 13, 2025 @ 13:48:10.434",4624,"DESKTOP-5JEIKFF",Negotiate,1016,"2025-04-13T08:48:10.7252049Z",5,Advapi,SYSTEM
"Apr 13, 2025 @ 13:46:20.651",4624,"LAB3-09",Negotiate,1036,"2025-04-13T08:46:18.4212815Z",5,Advapi,SYSTEM
"Apr 13, 2025 @ 13:46:16.434",4624,"LAB3-09",Negotiate,1036,"2025-04-13T08:46:14.2178252Z",5,Advapi,SYSTEM
"Apr 13, 2025 @ 13:46:05.189",4624,"DESKTOP-5JEIKFF",Negotiate,1016,"2025-04-13T08:46:05.4826639Z",5,Advapi,SYSTEM
"Apr 13, 2025 @ 13:40:23.957",4624,"CP-AKT-002912",Negotiate,1064,"2025-04-13T08:41:09.4918487Z",5,Advapi,SYSTEM
"Apr 13, 2025 @ 13:40:09.860",4624,"LAB3-09",Negotiate,1036,"2025-04-13T08:40:07.6504400Z",5,Advapi,SYSTEM
"Apr 13, 2025 @ 13:37:53.460",4624,"LAB3-09",Negotiate,1036,"2025-04-13T08:37:51.2474191Z",5,Advapi,SYSTEM
"Apr 13, 2025 @ 13:32:51.902",4624,"DESKTOP-5JEIKFF",Negotiate,1016,"2025-04-13T08:32:52.2158489Z",5,Advapi,SYSTEM
"Apr 13, 2025 @ 13:29:01.915",4624,"CP-AKT-002912",Negotiate,1064,"2025-04-13T08:29:48.1891222Z",5,Advapi,SYSTEM
"Apr 13, 2025 @ 13:29:01.914",4624,"CP-AKT-002912",Negotiate,1064,"2025-04-13T08:29:47.5987855Z",5,Advapi,SYSTEM
"Apr 13, 2025 @ 13:24:26.765",4624,"DESKTOP-5JEIKFF",Negotiate,1016,"2025-04-13T08:24:27.0878312Z",5,Advapi,SYSTEM
"Apr 13, 2025 @ 13:17:12.045",4624,"DESKTOP-5JEIKFF",Negotiate,1016,"2025-04-13T08:17:12.3915220Z",5,Advapi,SYSTEM
"Apr 13, 2025 @ 13:12:45.507",4624,"CP-AKT-002912",Negotiate,1064,"2025-04-13T08:13:31.2235893Z",5,Advapi,SYSTEM
"Apr 13, 2025 @ 13:12:21.783",4624,"DESKTOP-5JEIKFF",Negotiate,1016,"2025-04-13T08:12:22.1353980Z",5,Advapi,SYSTEM
"Apr 13, 2025 @ 13:12:13.691",4624,"DESKTOP-5JEIKFF",Negotiate,1016,"2025-04-13T08:12:14.0434235Z",5,Advapi,SYSTEM
"Apr 13, 2025 @ 13:12:12.207",4624,"DESKTOP-5JEIKFF",Negotiate,1016,"2025-04-13T08:12:12.5593750Z",5,Advapi,SYSTEM
"Apr 13, 2025 @ 13:12:11.138",4624,"DESKTOP-5JEIKFF",Negotiate,1016,"2025-04-13T08:12:11.4883195Z",5,Advapi,SYSTEM
"Apr 13, 2025 @ 13:12:07.301",4624,"DESKTOP-5JEIKFF",Negotiate,1016,"2025-04-13T08:12:07.6305934Z",5,Advapi,SYSTEM
"Apr 13, 2025 @ 13:06:30.565",4624,"DESKTOP-5JEIKFF",Negotiate,1016,"2025-04-13T08:06:30.9441793Z",5,Advapi,SYSTEM
"Apr 13, 2025 @ 13:06:30.563",4624,"DESKTOP-5JEIKFF",Negotiate,1016,"2025-04-13T08:06:30.9207507Z",5,Advapi,SYSTEM
"Apr 13, 2025 @ 13:02:17.554",4624,"DESKTOP-5JEIKFF",Negotiate,1016,"2025-04-13T08:02:17.9153265Z",5,Advapi,SYSTEM
"Apr 13, 2025 @ 13:00:06.156",4624,"CP-AKT-002912",Negotiate,1064,"2025-04-13T08:00:51.7473658Z",5,Advapi,SYSTEM
"Apr 13, 2025 @ 12:59:26.582",4624,"DESKTOP-5JEIKFF",Negotiate,1016,"2025-04-13T07:59:26.9405661Z",5,Advapi,SYSTEM
"Apr 13, 2025 @ 12:53:54.078",4624,"LAB3-10",Kerberos,1064,"2025-04-13T07:53:50.1227185Z",3,Kerberos,"ADMANAGER$"
"Apr 13, 2025 @ 12:53:54.063",4624,"LAB3-10",NTLM,1064,"2025-04-13T07:53:50.1193034Z",3,NtLmSsp,"ADMANAGER$"
"Apr 13, 2025 @ 12:53:54.047",4624,"LAB3-10",Kerberos,1064,"2025-04-13T07:53:50.1059971Z",3,Kerberos,Administrator
"Apr 13, 2025 @ 12:53:54.031",4624,"LAB3-10",NTLM,1064,"2025-04-13T07:53:50.0878897Z",3,NtLmSsp,Administrator
"Apr 13, 2025 @ 12:53:54.016",4624,"LAB3-10",Negotiate,1064,"2025-04-13T07:53:49.4857406Z",5,Advapi,SYSTEM
"Apr 13, 2025 @ 12:53:53.936",4624,"LAB3-10",Negotiate,1064,"2025-04-13T06:52:44.8933911Z",5,Advapi,SYSTEM
"Apr 13, 2025 @ 12:53:53.905",4624,"LAB3-10",Kerberos,1064,"2025-04-13T06:52:40.1276951Z",3,Kerberos,"ADMANAGER$"
"Apr 13, 2025 @ 12:53:53.889",4624,"LAB3-10",NTLM,1064,"2025-04-13T06:52:40.1225047Z",3,NtLmSsp,"ADMANAGER$"
"Apr 13, 2025 @ 12:53:53.876",4624,"LAB3-10",Kerberos,1064,"2025-04-13T06:52:40.1101014Z",3,Kerberos,Administrator
"Apr 13, 2025 @ 12:53:53.874",4624,"LAB3-10",NTLM,1064,"2025-04-13T06:52:40.0893192Z",3,NtLmSsp,Administrator
"Apr 13, 2025 @ 12:53:44.007",4624,"DESKTOP-5JEIKFF",Negotiate,1016,"2025-04-13T07:53:44.3756679Z",5,Advapi,SYSTEM
"Apr 13, 2025 @ 12:53:13.450",4624,"CP-AKT-002912",Kerberos,1064,"2025-04-13T07:53:59.4585557Z",3,Kerberos,"CP-AKT-002912$"
"Apr 13, 2025 @ 12:53:13.442",4624,"CP-AKT-002912",Kerberos,1064,"2025-04-13T07:53:59.1990341Z",3,Kerberos,"CP-AKT-002912$"
"Apr 13, 2025 @ 12:52:21.677",4624,"LAB3-09",Negotiate,1036,"2025-04-13T07:52:19.5236940Z",5,Advapi,SYSTEM
"Apr 13, 2025 @ 12:51:43.104",4624,"LAB3-09",Negotiate,1036,"2025-04-13T07:51:40.9631271Z",5,Advapi,SYSTEM
"Apr 13, 2025 @ 12:50:31.111",4624,"DESKTOP-5JEIKFF",Negotiate,1016,"2025-04-13T07:50:31.5142225Z",5,Advapi,SYSTEM
"Apr 13, 2025 @ 12:50:31.108",4624,"DESKTOP-5JEIKFF",Negotiate,1016,"2025-04-13T07:50:31.4819374Z",5,Advapi,SYSTEM
"Apr 13, 2025 @ 12:49:31.663",4624,"CP-AKT-002912",Negotiate,1064,"2025-04-13T07:50:17.2384021Z",5,Advapi,SYSTEM
"Apr 13, 2025 @ 12:49:31.618",4624,"CP-AKT-002912",Negotiate,1064,"2025-04-13T07:50:17.3971766Z",5,Advapi,SYSTEM
"Apr 13, 2025 @ 12:47:46.935",4624,"LAB3-09",Negotiate,1036,"2025-04-13T07:47:45.7012303Z",5,Advapi,SYSTEM
"Apr 13, 2025 @ 12:47:46.934",4624,"LAB3-09",Negotiate,1036,"2025-04-13T07:47:44.8009661Z",5,Advapi,SYSTEM
"Apr 13, 2025 @ 12:44:53.206",4624,"LAB3-09",Negotiate,1036,"2025-04-13T07:44:51.0718256Z",5,Advapi,SYSTEM
"Apr 13, 2025 @ 12:42:45.649",4624,"CP-AKT-002912",Kerberos,1064,"2025-04-13T07:43:31.0835019Z",3,Kerberos,"CP-AKT-002912$"
"Apr 13, 2025 @ 12:42:45.630",4624,"CP-AKT-002912",Kerberos,1064,"2025-04-13T07:43:31.0322658Z",3,Kerberos,"CP-AKT-002912$"
"Apr 13, 2025 @ 12:37:43.311",4624,"LAB3-09",Negotiate,1036,"2025-04-13T07:37:41.1433772Z",5,Advapi,SYSTEM
"Apr 13, 2025 @ 12:32:51.839",4624,"DESKTOP-5JEIKFF",Negotiate,1016,"2025-04-13T07:32:52.2193053Z",5,Advapi,SYSTEM
"Apr 13, 2025 @ 12:30:07.419",4624,"LAB3-09",Negotiate,1036,"2025-04-13T07:30:05.2736268Z",5,Advapi,SYSTEM
"Apr 13, 2025 @ 12:28:35.114",4624,"CP-AKT-002912",Negotiate,1064,"2025-04-13T07:29:21.2227919Z",5,Advapi,SYSTEM
"Apr 13, 2025 @ 12:28:35.112",4624,"CP-AKT-002912",Negotiate,1064,"2025-04-13T07:29:20.6425599Z",5,Advapi,SYSTEM
"Apr 13, 2025 @ 12:28:05.005",4624,"DESKTOP-5JEIKFF",Negotiate,1016,"2025-04-13T07:28:05.3612826Z",5,Advapi,SYSTEM
"Apr 13, 2025 @ 12:27:44.603",4624,"CP-AKT-002912",Negotiate,1064,"2025-04-13T07:28:30.0967702Z",5,Advapi,SYSTEM
"Apr 13, 2025 @ 12:27:04.485",4624,"LAB3-09",Negotiate,1036,"2025-04-13T07:27:02.3327780Z",5,Advapi,SYSTEM
"Apr 13, 2025 @ 12:26:15.356",4624,"DESKTOP-5JEIKFF",Negotiate,1016,"2025-04-13T07:26:15.7158860Z",5,Advapi,SYSTEM
"Apr 13, 2025 @ 12:22:31.221",4624,"LAB3-09",Negotiate,1036,"2025-04-13T07:22:29.0799755Z",5,Advapi,SYSTEM
"Apr 13, 2025 @ 12:21:55.333",4624,"DESKTOP-5JEIKFF",Negotiate,1016,"2025-04-13T07:21:55.7097303Z",5,Advapi,SYSTEM
"Apr 13, 2025 @ 12:21:04.474",4624,"DESKTOP-5JEIKFF",Negotiate,1016,"2025-04-13T07:21:04.9255633Z",5,Advapi,SYSTEM
"Apr 13, 2025 @ 12:21:04.449",4624,"DESKTOP-5JEIKFF",Negotiate,1016,"2025-04-13T07:21:04.8299873Z",5,Advapi,SYSTEM
"Apr 13, 2025 @ 12:21:03.018",4624,"DESKTOP-5JEIKFF",Negotiate,1016,"2025-04-13T07:21:03.3660755Z",5,Advapi,SYSTEM
"Apr 13, 2025 @ 12:21:02.983",4624,"DESKTOP-5JEIKFF",Negotiate,1016,"2025-04-13T07:21:03.4208692Z",5,Advapi,SYSTEM
"Apr 13, 2025 @ 12:13:31.640",4624,"LAB3-09",Negotiate,1036,"2025-04-13T07:13:29.5136532Z",5,Advapi,SYSTEM
"Apr 13, 2025 @ 12:13:31.609",4624,"LAB3-09",Negotiate,1036,"2025-04-13T07:13:29.5153626Z",5,Advapi,SYSTEM
"Apr 13, 2025 @ 12:12:54.707",4624,"DESKTOP-5JEIKFF",Negotiate,1016,"2025-04-13T07:12:55.1171837Z",5,Advapi,SYSTEM
"Apr 13, 2025 @ 12:12:45.676",4624,"CP-AKT-002912",Negotiate,1064,"2025-04-13T07:13:31.6323771Z",5,Advapi,SYSTEM
"Apr 13, 2025 @ 12:12:04.673",4624,"CP-AKT-002912",Negotiate,1064,"2025-04-13T07:12:50.6269000Z",5,Advapi,SYSTEM
"Apr 13, 2025 @ 11:51:05.604",4624,"CP-AKT-002912",Negotiate,1064,"2025-04-13T07:01:51.6999353Z",5,Advapi,SYSTEM
"Apr 13, 2025 @ 11:51:05.597",4624,"CP-AKT-002912",Negotiate,1064,"2025-04-13T06:56:13.6922554Z",5,Advapi,SYSTEM
"Apr 13, 2025 @ 11:51:05.592",4624,"CP-AKT-002912",Negotiate,1064,"2025-04-13T07:03:44.2939572Z",5,Advapi,SYSTEM
"Apr 13, 2025 @ 11:51:05.583",4624,"CP-AKT-002912",Negotiate,1064,"2025-04-13T07:01:33.9342396Z",5,Advapi,SYSTEM
"Apr 13, 2025 @ 11:51:05.575",4624,"CP-AKT-002912",Negotiate,1064,"2025-04-13T06:56:19.9131686Z",5,Advapi,SYSTEM
"Apr 13, 2025 @ 11:51:03.336",4624,"LAB3-09",Negotiate,1036,"2025-04-13T07:04:32.9913374Z",5,Advapi,SYSTEM
"Apr 13, 2025 @ 11:51:03.330",4624,"LAB3-09",Negotiate,1036,"2025-04-13T06:59:24.1822769Z",5,Advapi,SYSTEM
"Apr 13, 2025 @ 11:51:03.323",4624,"LAB3-09",Negotiate,1036,"2025-04-13T06:52:19.5644833Z",5,Advapi,SYSTEM
"Apr 13, 2025 @ 11:50:59.243",4624,"DESKTOP-5JEIKFF",Negotiate,1016,"2025-04-13T07:06:48.5032516Z",5,Advapi,SYSTEM
"Apr 13, 2025 @ 11:50:59.229",4624,"DESKTOP-5JEIKFF",Negotiate,1016,"2025-04-13T07:06:51.7814229Z",5,Advapi,SYSTEM
"Apr 13, 2025 @ 11:50:59.193",4624,"DESKTOP-5JEIKFF",Negotiate,1016,"2025-04-13T07:06:43.5375472Z",5,Advapi,SYSTEM
"Apr 13, 2025 @ 11:50:59.130",4624,"DESKTOP-5JEIKFF",Negotiate,1016,"2025-04-13T07:06:55.1614258Z",2,User32,Project
"Apr 13, 2025 @ 11:50:59.125",4624,"DESKTOP-5JEIKFF",Negotiate,1016,"2025-04-13T07:06:55.1614187Z",2,User32,Project
"Apr 13, 2025 @ 11:50:59.104",4624,"DESKTOP-5JEIKFF",Negotiate,1016,"2025-04-13T07:06:47.3287488Z",5,Advapi,SYSTEM
"Apr 13, 2025 @ 11:50:59.047",4624,"DESKTOP-5JEIKFF",Negotiate,1016,"2025-04-13T07:06:44.0504529Z",5,Advapi,SYSTEM
"Apr 13, 2025 @ 11:49:50.421",4624,"LAB3-09",Negotiate,1036,"2025-04-13T06:49:48.2830374Z",5,Advapi,SYSTEM
"Apr 13, 2025 @ 11:48:51.726",4624,"CP-AKT-002912",Negotiate,1064,"2025-04-13T06:49:24.9616176Z",5,Advapi,SYSTEM
"Apr 13, 2025 @ 11:47:36.874",4624,"CP-AKT-002912",Negotiate,1064,"2025-04-13T06:47:55.7806085Z",5,Advapi,SYSTEM
"Apr 13, 2025 @ 11:47:14.466",4624,"LAB3-09",Negotiate,1036,"2025-04-13T06:47:12.2806952Z",5,Advapi,SYSTEM
"Apr 13, 2025 @ 11:45:14.027",4624,"CP-AKT-002912",Negotiate,1064,"2025-04-13T06:45:11.3100163Z",5,Advapi,SYSTEM
"Apr 13, 2025 @ 11:42:00.217",4624,"LAB3-09",Negotiate,1036,"2025-04-13T06:41:58.0854826Z",5,Advapi,SYSTEM
"Apr 13, 2025 @ 11:42:00.182",4624,"LAB3-09",Negotiate,1036,"2025-04-13T06:41:58.0833146Z",5,Advapi,SYSTEM
"Apr 13, 2025 @ 11:38:45.170",4624,"CP-AKT-002912",Negotiate,1064,"2025-04-13T06:38:42.4932505Z",5,Advapi,SYSTEM
"Apr 13, 2025 @ 11:37:44.351",4624,"CP-AKT-002912",Negotiate,1064,"2025-04-13T06:37:41.6741309Z",5,Advapi,SYSTEM
"Apr 13, 2025 @ 11:37:38.108",4624,"LAB3-09",Negotiate,1036,"2025-04-13T06:37:35.9822719Z",5,Advapi,SYSTEM
"Apr 13, 2025 @ 11:37:22.486",4624,"CP-AKT-002912",Negotiate,1064,"2025-04-13T06:37:19.8158485Z",5,Advapi,SYSTEM
"Apr 13, 2025 @ 11:35:32.302",4624,"CP-AKT-002912",Negotiate,1064,"2025-04-13T06:35:29.6340797Z",5,Advapi,SYSTEM
"Apr 13, 2025 @ 11:35:29.547",4624,"CP-AKT-002912",Negotiate,1064,"2025-04-13T06:35:26.8628039Z",5,Advapi,SYSTEM
"Apr 13, 2025 @ 11:35:29.529",4624,"CP-AKT-002912",Negotiate,1064,"2025-04-13T06:35:26.9879550Z",5,Advapi,SYSTEM
"Apr 13, 2025 @ 11:33:47.491",4624,"CP-AKT-002912",Negotiate,1064,"2025-04-13T06:33:44.8229434Z",5,Advapi,SYSTEM
"Apr 13, 2025 @ 11:32:52.325",4624,"DESKTOP-5JEIKFF",Negotiate,1016,"2025-04-13T06:32:52.2321896Z",5,Advapi,SYSTEM
"Apr 13, 2025 @ 11:31:37.359",4624,"CP-AKT-002912",Negotiate,1064,"2025-04-13T06:31:34.6747117Z",5,Advapi,SYSTEM
"Apr 13, 2025 @ 11:31:37.340",4624,"CP-AKT-002912",Negotiate,1064,"2025-04-13T06:31:35.6014877Z",5,Advapi,SYSTEM
"Apr 13, 2025 @ 11:29:36.796",4624,"CP-AKT-002912",Negotiate,1064,"2025-04-13T06:29:34.1228747Z",5,Advapi,SYSTEM
"Apr 13, 2025 @ 11:28:52.796",4624,"CP-AKT-002912",Negotiate,1064,"2025-04-13T06:28:50.1276704Z",5,Advapi,SYSTEM
"Apr 13, 2025 @ 11:28:40.860",4624,"CP-AKT-002912",Negotiate,1064,"2025-04-13T06:28:38.1950818Z",5,Advapi,SYSTEM
"Apr 13, 2025 @ 11:28:39.719",4624,"CP-AKT-002912",Negotiate,1064,"2025-04-13T06:28:37.8202915Z",5,Advapi,SYSTEM
"Apr 13, 2025 @ 11:28:39.687",4624,"CP-AKT-002912",Kerberos,1064,"2025-04-13T06:28:37.0492855Z",3,Kerberos,"CP-AKT-002912$"
"Apr 13, 2025 @ 11:28:39.643",4624,"CP-AKT-002912",Kerberos,1064,"2025-04-13T06:28:36.9981108Z",3,Kerberos,"CP-AKT-002912$"
"Apr 13, 2025 @ 11:28:38.685",4624,"CP-AKT-002912",Kerberos,1064,"2025-04-13T06:28:36.4877474Z",3,Kerberos,"CP-AKT-002912$"
"Apr 13, 2025 @ 11:28:38.653",4624,"CP-AKT-002912",Kerberos,1064,"2025-04-13T06:28:36.2150877Z",3,Kerberos,"CP-AKT-002912$"
"Apr 13, 2025 @ 11:28:38.639",4624,"CP-AKT-002912",Negotiate,1064,"2025-04-13T06:28:36.1775386Z",5,Advapi,SYSTEM
"Apr 13, 2025 @ 11:28:38.623",4624,"CP-AKT-002912",Negotiate,1064,"2025-04-13T06:28:36.1617497Z",5,Advapi,SYSTEM
"Apr 13, 2025 @ 11:28:38.607",4624,"CP-AKT-002912",Negotiate,1064,"2025-04-13T06:28:36.0457408Z",5,Advapi,SYSTEM
"Apr 13, 2025 @ 11:28:38.592",4624,"CP-AKT-002912",Negotiate,1064,"2025-04-13T06:28:36.0451110Z",5,Advapi,SYSTEM
"Apr 13, 2025 @ 11:28:38.584",4624,"CP-AKT-002912",Negotiate,1064,"2025-04-13T06:28:35.9227835Z",5,Advapi,SYSTEM
"Apr 13, 2025 @ 11:28:28.358",4624,"CP-AKT-002912",Negotiate,1064,"2025-04-12T15:41:58.9408628Z",5,Advapi,SYSTEM
"Apr 13, 2025 @ 11:28:28.341",4624,"CP-AKT-002912",Negotiate,1064,"2025-04-12T15:41:58.3637964Z",5,Advapi,SYSTEM
"Apr 13, 2025 @ 11:28:28.326",4624,"CP-AKT-002912",Negotiate,1064,"2025-04-12T15:41:58.1347592Z",5,Advapi,SYSTEM
"Apr 13, 2025 @ 11:28:28.310",4624,"CP-AKT-002912",Negotiate,1064,"2025-04-12T15:41:57.8227492Z",5,Advapi,SYSTEM
"Apr 13, 2025 @ 11:28:28.294",4624,"CP-AKT-002912",Negotiate,1064,"2025-04-12T15:41:57.2580907Z",5,Advapi,SYSTEM
"Apr 13, 2025 @ 11:28:28.283",4624,"CP-AKT-002912",Negotiate,1064,"2025-04-12T15:41:57.1978908Z",5,Advapi,SYSTEM
"Apr 13, 2025 @ 11:28:28.276",4624,"CP-AKT-002912",Negotiate,1064,"2025-04-12T15:41:57.1978822Z",5,Advapi,SYSTEM
"Apr 13, 2025 @ 11:28:28.260",4624,"CP-AKT-002912",Negotiate,1064,"2025-04-12T15:41:53.8288416Z",5,Advapi,SYSTEM
"Apr 13, 2025 @ 11:28:28.245",4624,"CP-AKT-002912",Negotiate,1064,"2025-04-12T15:41:52.3357475Z",5,Advapi,SYSTEM
"Apr 13, 2025 @ 11:28:28.244",4624,"CP-AKT-002912",Negotiate,1064,"2025-04-12T15:41:51.4844357Z",5,Advapi,SYSTEM
"Apr 13, 2025 @ 11:28:28.229",4624,"CP-AKT-002912",Negotiate,1064,"2025-04-12T15:41:51.4232679Z",5,Advapi,SYSTEM
"Apr 13, 2025 @ 11:28:28.214",4624,"CP-AKT-002912",Negotiate,1064,"2025-04-12T15:41:48.2482157Z",5,Advapi,SYSTEM
"Apr 13, 2025 @ 11:28:28.173",4624,"CP-AKT-002912",Negotiate,1064,"2025-04-12T15:41:44.2792523Z",7,Negotiat,"ack.user"
"Apr 13, 2025 @ 11:28:28.156",4624,"CP-AKT-002912",Negotiate,1064,"2025-04-12T15:41:44.2792431Z",7,Negotiat,"ack.user"
"Apr 13, 2025 @ 11:28:28.144",4625,"CP-AKT-002912",Negotiate,1064,"2025-04-12T15:41:34.0099734Z",2,User32,"ack.user"
"Apr 13, 2025 @ 11:28:28.144",4624,"CP-AKT-002912",Negotiate,1064,"2025-04-12T15:41:23.4139117Z",5,Advapi,SYSTEM
"Apr 13, 2025 @ 11:28:28.126",4624,"CP-AKT-002912",Negotiate,1064,"2025-04-12T15:41:44.1891079Z",11,User32,"ack.user"
"Apr 13, 2025 @ 11:28:28.109",4624,"CP-AKT-002912",Negotiate,1064,"2025-04-12T15:41:44.1890966Z",11,User32,"ack.user"
"Apr 13, 2025 @ 11:28:28.080",4624,"CP-AKT-002912",Negotiate,1064,"2025-04-12T15:41:26.5819769Z",5,Advapi,SYSTEM
"Apr 13, 2025 @ 11:28:28.079",4624,"CP-AKT-002912",Negotiate,1064,"2025-04-12T15:41:26.4882832Z",5,Advapi,SYSTEM
"Apr 13, 2025 @ 11:28:28.075",4624,"CP-AKT-002912",Negotiate,1064,"2025-04-12T15:41:22.6511424Z",5,Advapi,SYSTEM
"Apr 13, 2025 @ 11:23:04.824",4624,"DESKTOP-5JEIKFF",Negotiate,1016,"2025-04-13T06:23:04.7566802Z",5,Advapi,SYSTEM
"Apr 13, 2025 @ 11:18:09.256",4624,"DESKTOP-5JEIKFF",Negotiate,1016,"2025-04-13T06:18:09.2069166Z",5,Advapi,SYSTEM
"Apr 13, 2025 @ 11:17:14.596",4624,"DESKTOP-5JEIKFF",Negotiate,1016,"2025-04-13T06:17:14.4979801Z",5,Advapi,SYSTEM
"Apr 13, 2025 @ 11:17:12.924",4624,"DESKTOP-5JEIKFF",Negotiate,1016,"2025-04-13T06:17:12.8889194Z",5,Advapi,SYSTEM
"Apr 13, 2025 @ 11:17:12.921",4624,"DESKTOP-5JEIKFF",Negotiate,1016,"2025-04-13T06:17:12.8761667Z",5,Advapi,SYSTEM
"Apr 13, 2025 @ 11:15:09.347",4624,"DESKTOP-5JEIKFF",Negotiate,1016,"2025-04-13T06:15:09.4235788Z",5,Advapi,SYSTEM
"Apr 13, 2025 @ 11:15:09.315",4624,"DESKTOP-5JEIKFF",Negotiate,1016,"2025-04-13T06:15:09.2615898Z",5,Advapi,SYSTEM
"Apr 13, 2025 @ 11:08:45.215",4624,"DESKTOP-5JEIKFF",Negotiate,1016,"2025-04-13T06:08:45.1730703Z",5,Advapi,SYSTEM
"Apr 13, 2025 @ 11:08:33.709",4624,"LAB3-09",Negotiate,1036,"2025-04-13T06:08:31.6321400Z",5,Advapi,SYSTEM
"Apr 13, 2025 @ 11:07:12.771",4624,"DESKTOP-5JEIKFF",Negotiate,1016,"2025-04-13T06:07:12.7218632Z",5,Advapi,SYSTEM
"Apr 13, 2025 @ 11:05:53.458",4624,"LAB3-09",Negotiate,1036,"2025-04-13T06:05:51.3914385Z",5,Advapi,SYSTEM
"Apr 13, 2025 @ 11:02:20.503",4624,"DESKTOP-5JEIKFF",Negotiate,1016,"2025-04-13T06:02:20.4648960Z",5,Advapi,SYSTEM
"Apr 13, 2025 @ 10:57:57.638",4624,"DESKTOP-5JEIKFF",Negotiate,1016,"2025-04-13T05:57:57.6018676Z",5,Advapi,SYSTEM
"Apr 13, 2025 @ 10:57:27.691",4624,"DESKTOP-5JEIKFF",Negotiate,1016,"2025-04-13T05:57:27.6551512Z",5,Advapi,SYSTEM
"Apr 13, 2025 @ 10:57:22.046",4624,"DESKTOP-5JEIKFF",Negotiate,1016,"2025-04-13T05:57:22.5351731Z",5,Advapi,SYSTEM
"Apr 13, 2025 @ 10:57:22.043",4624,"DESKTOP-5JEIKFF",Negotiate,1016,"2025-04-13T05:57:22.0083068Z",5,Advapi,SYSTEM
"Apr 13, 2025 @ 10:57:20.990",4624,"DESKTOP-5JEIKFF",Negotiate,1016,"2025-04-13T05:57:20.9528608Z",5,Advapi,SYSTEM
"Apr 13, 2025 @ 10:56:22.639",4624,"DESKTOP-5JEIKFF",Negotiate,1016,"2025-04-13T05:56:22.6040767Z",5,Advapi,SYSTEM
"Apr 13, 2025 @ 10:56:21.033",4624,"DESKTOP-5JEIKFF",Negotiate,1016,"2025-04-13T05:56:20.9910285Z",5,Advapi,SYSTEM
"Apr 13, 2025 @ 10:55:48.195",4624,"DESKTOP-5JEIKFF",Negotiate,1016,"2025-04-13T05:55:48.1520992Z",5,Advapi,SYSTEM
"Apr 13, 2025 @ 10:54:16.467",4624,"LAB3-10",Negotiate,1064,"2025-04-13T05:54:17.5631419Z",5,Advapi,SYSTEM
"Apr 13, 2025 @ 10:54:01.754",4624,"LAB3-10",Negotiate,1064,"2025-04-13T05:54:02.8578376Z",5,Advapi,SYSTEM
"Apr 13, 2025 @ 10:52:21.469",4624,"LAB3-09",Negotiate,1036,"2025-04-13T05:52:19.3978901Z",5,Advapi,SYSTEM
"Apr 13, 2025 @ 10:52:21.440",4624,"LAB3-09",Negotiate,1036,"2025-04-13T05:52:19.3960308Z",5,Advapi,SYSTEM
"Apr 13, 2025 @ 10:49:58.827",4624,"LAB3-10",NTLM,1064,"2025-04-13T05:49:55.8373141Z",3,NtLmSsp,Administrator
"Apr 13, 2025 @ 10:49:58.809",4624,"LAB3-10",Kerberos,1064,"2025-04-13T05:49:55.8694406Z",3,Kerberos,"ADMANAGER$"
"Apr 13, 2025 @ 10:49:58.807",4624,"LAB3-10",NTLM,1064,"2025-04-13T05:49:55.8668519Z",3,NtLmSsp,"ADMANAGER$"
"Apr 13, 2025 @ 10:49:58.716",4624,"LAB3-10",Kerberos,1064,"2025-04-13T05:49:55.8553234Z",3,Kerberos,Administrator
"Apr 13, 2025 @ 10:49:29.917",4624,"LAB3-10",Negotiate,1064,"2025-04-13T05:49:27.0782906Z",5,Advapi,SYSTEM
"Apr 13, 2025 @ 10:49:23.618",4624,"DESKTOP-5JEIKFF",Negotiate,1016,"2025-04-13T05:49:22.9144274Z",5,Advapi,SYSTEM
"Apr 13, 2025 @ 10:49:22.978",4624,"DESKTOP-5JEIKFF",Negotiate,1016,"2025-04-13T05:49:23.1038181Z",5,Advapi,SYSTEM
"Apr 13, 2025 @ 10:49:20.695",4624,"LAB3-10",Negotiate,1064,"2025-04-13T05:49:17.8482150Z",5,Advapi,SYSTEM
"Apr 13, 2025 @ 10:49:19.584",4624,"LAB3-10",Negotiate,1064,"2025-04-13T05:49:04.1802796Z",5,Advapi,SYSTEM
"Apr 13, 2025 @ 10:49:19.583",4624,"LAB3-10",Negotiate,1064,"2025-04-13T05:49:04.1595510Z",5,Advapi,SYSTEM
"Apr 13, 2025 @ 10:49:19.531",4624,"LAB3-10",Negotiate,1064,"2025-04-13T05:48:36.5903993Z",5,Advapi,SYSTEM
"Apr 13, 2025 @ 10:47:29.143",4624,"LAB3-10",Negotiate,1064,"2025-04-13T05:47:26.6624332Z",5,Advapi,SYSTEM
"Apr 13, 2025 @ 10:47:24.637",4624,"LAB3-10",Negotiate,1064,"2025-04-13T05:47:22.2183774Z",5,Advapi,SYSTEM
"Apr 13, 2025 @ 10:47:12.599",4624,"LAB3-10",Negotiate,1064,"2025-04-13T05:47:10.1733464Z",5,Advapi,SYSTEM
"Apr 13, 2025 @ 10:47:09.333",4624,"LAB3-09",Negotiate,1036,"2025-04-13T05:45:33.8568042Z",5,Advapi,SYSTEM
"Apr 13, 2025 @ 10:47:09.317",4624,"LAB3-09",Negotiate,1036,"2025-04-13T05:26:40.0968960Z",5,Advapi,SYSTEM
"Apr 13, 2025 @ 10:47:09.301",4624,"LAB3-09",Negotiate,1036,"2025-04-13T05:18:24.4373433Z",5,Advapi,SYSTEM
"Apr 13, 2025 @ 10:47:09.293",4624,"LAB3-09",Negotiate,1036,"2025-04-13T05:18:24.4125295Z",5,Advapi,SYSTEM
"Apr 13, 2025 @ 10:47:09.270",4624,"LAB3-09",Negotiate,1036,"2025-04-13T05:09:44.1068348Z",5,Advapi,SYSTEM
"Apr 13, 2025 @ 10:47:09.255",4624,"LAB3-09",Negotiate,1036,"2025-04-13T05:09:44.1050142Z",5,Advapi,SYSTEM
"Apr 13, 2025 @ 10:47:09.239",4624,"LAB3-09",Negotiate,1036,"2025-04-13T05:05:42.9929364Z",5,Advapi,SYSTEM
"Apr 13, 2025 @ 10:47:09.224",4624,"LAB3-09",Negotiate,1036,"2025-04-13T05:05:39.4453652Z",5,Advapi,SYSTEM
"Apr 13, 2025 @ 10:47:09.210",4624,"LAB3-09",Negotiate,1036,"2025-04-13T04:52:25.9788469Z",5,Advapi,SYSTEM
"Apr 13, 2025 @ 10:47:09.208",4624,"LAB3-09",Negotiate,1036,"2025-04-13T05:03:57.1791740Z",5,Advapi,SYSTEM
"Apr 13, 2025 @ 10:47:09.190",4624,"LAB3-09",Negotiate,1036,"2025-04-13T04:51:25.7312083Z",5,Advapi,SYSTEM
"Apr 13, 2025 @ 10:47:09.189",4624,"LAB3-09",Negotiate,1036,"2025-04-13T03:52:18.6136656Z",5,Advapi,SYSTEM
"Apr 13, 2025 @ 10:47:09.189",4624,"LAB3-09",Negotiate,1036,"2025-04-13T04:25:24.8290655Z",5,Advapi,SYSTEM
"Apr 13, 2025 @ 10:47:09.180",4624,"LAB3-09",Negotiate,1036,"2025-04-13T04:42:18.0116192Z",5,Advapi,SYSTEM
"Apr 13, 2025 @ 10:47:09.180",4624,"LAB3-09",Negotiate,1036,"2025-04-13T04:52:18.5375944Z",5,Advapi,SYSTEM
"Apr 13, 2025 @ 10:47:09.180",4624,"LAB3-09",Negotiate,1036,"2025-04-13T04:45:55.3432873Z",5,Advapi,SYSTEM
"Apr 13, 2025 @ 10:47:09.166",4624,"LAB3-09",Negotiate,1036,"2025-04-13T04:46:08.1024100Z",5,Advapi,SYSTEM
"Apr 13, 2025 @ 10:47:09.165",4624,"LAB3-09",Negotiate,1036,"2025-04-13T04:46:08.0662974Z",5,Advapi,SYSTEM
"Apr 13, 2025 @ 10:47:09.165",4624,"LAB3-09",Negotiate,1036,"2025-04-13T04:42:18.1937777Z",5,Advapi,SYSTEM
"Apr 13, 2025 @ 10:47:09.099",4624,"LAB3-09",Negotiate,1036,"2025-04-13T04:45:51.8923302Z",5,Advapi,SYSTEM
"Apr 13, 2025 @ 10:47:09.083",4624,"LAB3-09",Negotiate,1036,"2025-04-13T04:45:51.7983952Z",5,Advapi,SYSTEM
"Apr 13, 2025 @ 10:47:09.052",4624,"LAB3-09",Negotiate,1036,"2025-04-13T04:45:51.7525981Z",5,Advapi,SYSTEM
"Apr 13, 2025 @ 10:47:09.036",4624,"LAB3-09",Negotiate,1036,"2025-04-13T04:45:51.7057391Z",5,Advapi,SYSTEM
"Apr 13, 2025 @ 10:47:09.021",4624,"LAB3-09",Negotiate,1036,"2025-04-13T04:45:51.7057371Z",5,Advapi,SYSTEM
"Apr 13, 2025 @ 10:47:08.994",4624,"LAB3-09",Negotiate,1036,"2025-04-11T14:45:35.0864075Z",11,User32,"ack.user"
"Apr 13, 2025 @ 10:47:08.972",4624,"LAB3-09",Negotiate,1036,"2025-04-11T14:45:35.0863964Z",11,User32,"ack.user"
"Apr 13, 2025 @ 10:47:08.958",4624,"LAB3-09",Negotiate,1036,"2025-04-13T04:11:05.6680467Z",5,Advapi,SYSTEM
"Apr 13, 2025 @ 10:47:08.955",4624,"LAB3-09",Negotiate,1036,"2025-04-11T14:45:23.6508442Z",5,Advapi,SYSTEM
"Apr 13, 2025 @ 10:47:08.953",4624,"LAB3-09",Negotiate,1036,"2025-04-11T14:45:06.5350533Z",5,Advapi,SYSTEM
"Apr 13, 2025 @ 10:47:08.946",4624,"LAB3-09",Negotiate,1036,"2025-04-11T14:45:05.4876710Z",5,Advapi,SYSTEM
"Apr 13, 2025 @ 10:47:08.943",4624,"LAB3-09",Negotiate,1036,"2025-04-13T04:01:50.8316106Z",5,Advapi,SYSTEM
"Apr 13, 2025 @ 10:47:08.941",4624,"LAB3-09",Negotiate,1036,"2025-04-11T14:45:05.4404060Z",5,Advapi,SYSTEM
"Apr 13, 2025 @ 10:47:08.924",4624,"LAB3-09",Negotiate,1036,"2025-04-11T14:45:05.4088480Z",5,Advapi,SYSTEM
"Apr 13, 2025 @ 10:47:08.911",4624,"LAB3-09",Negotiate,1036,"2025-04-13T03:49:48.1791147Z",5,Advapi,SYSTEM
"Apr 13, 2025 @ 10:47:08.896",4624,"LAB3-09",Negotiate,1036,"2025-04-13T03:17:24.2620586Z",5,Advapi,SYSTEM
"Apr 13, 2025 @ 10:47:08.881",4624,"LAB3-09",Negotiate,1036,"2025-04-13T03:17:23.6622093Z",5,Advapi,SYSTEM
"Apr 13, 2025 @ 10:47:08.874",4624,"LAB3-09",Negotiate,1036,"2025-04-11T14:45:05.3821078Z",5,Advapi,SYSTEM
"Apr 13, 2025 @ 10:47:08.865",4624,"LAB3-09",Negotiate,1036,"2025-04-13T03:04:48.6835756Z",5,Advapi,SYSTEM
"Apr 13, 2025 @ 10:47:08.863",4624,"LAB3-09",Negotiate,1036,"2025-04-13T02:57:19.2278230Z",5,Advapi,SYSTEM
"Apr 13, 2025 @ 10:47:08.863",4624,"LAB3-09",Negotiate,1036,"2025-04-13T02:57:17.6407662Z",5,Advapi,SYSTEM
"Apr 13, 2025 @ 10:47:08.861",4624,"LAB3-09",Negotiate,1036,"2025-04-11T14:45:05.3820913Z",5,Advapi,SYSTEM
"Apr 13, 2025 @ 10:47:08.861",4624,"LAB3-09",Negotiate,1036,"2025-04-13T02:57:03.7842667Z",5,Advapi,SYSTEM
"Apr 13, 2025 @ 10:47:08.860",4624,"LAB3-09",Negotiate,1036,"2025-04-11T14:45:05.3816155Z",5,Advapi,SYSTEM
"Apr 13, 2025 @ 10:47:08.854",4624,"LAB3-09",Negotiate,1036,"2025-04-11T14:45:05.3801662Z",5,Advapi,SYSTEM
"Apr 13, 2025 @ 10:47:08.840",4624,"LAB3-09",Negotiate,1036,"2025-04-11T14:45:05.2873232Z",5,Advapi,SYSTEM
"Apr 13, 2025 @ 10:47:08.840",4624,"LAB3-09",Negotiate,1036,"2025-04-11T14:45:05.2804186Z",5,Advapi,SYSTEM
"Apr 13, 2025 @ 10:47:08.811",4624,"LAB3-09",Negotiate,1036,"2025-04-11T14:45:05.3065481Z",5,Advapi,SYSTEM
"Apr 13, 2025 @ 10:47:08.788",4624,"LAB3-09",Negotiate,1036,"2025-04-13T02:57:03.4036774Z",5,Advapi,SYSTEM
"Apr 13, 2025 @ 10:47:08.771",4624,"LAB3-09",Negotiate,1036,"2025-04-13T02:57:02.0646525Z",5,Advapi,SYSTEM
"Apr 13, 2025 @ 10:47:08.755",4624,"LAB3-09",Negotiate,1036,"2025-04-13T02:55:49.6496030Z",5,Advapi,SYSTEM
"Apr 13, 2025 @ 10:47:08.752",4624,"LAB3-09",Negotiate,1036,"2025-04-13T02:53:35.6816558Z",5,Advapi,SYSTEM
"Apr 13, 2025 @ 10:47:08.738",4624,"LAB3-09",Negotiate,1036,"2025-04-13T02:52:18.7718295Z",5,Advapi,SYSTEM
"Apr 13, 2025 @ 10:47:08.725",4624,"LAB3-09",Negotiate,1036,"2025-04-13T02:52:18.3740501Z",5,Advapi,SYSTEM
"Apr 13, 2025 @ 10:47:08.722",4624,"LAB3-09",Negotiate,1036,"2025-04-13T02:50:14.7102329Z",5,Advapi,SYSTEM
"Apr 13, 2025 @ 10:47:08.709",4624,"LAB3-09",Negotiate,1036,"2025-04-13T02:52:18.4931964Z",5,Advapi,SYSTEM
"Apr 13, 2025 @ 10:47:08.662",4624,"LAB3-09",Negotiate,1036,"2025-04-13T02:49:32.5092805Z",5,Advapi,SYSTEM
"Apr 13, 2025 @ 10:47:08.648",4624,"LAB3-09",Negotiate,1036,"2025-04-13T02:49:13.9575697Z",5,Advapi,SYSTEM
"Apr 13, 2025 @ 10:47:08.631",4624,"LAB3-09",Negotiate,1036,"2025-04-13T02:49:13.8950359Z",5,Advapi,SYSTEM
"Apr 13, 2025 @ 10:47:08.615",4624,"LAB3-09",Negotiate,1036,"2025-04-13T02:49:10.7635832Z",5,Advapi,SYSTEM
"Apr 13, 2025 @ 10:47:08.600",4624,"LAB3-09",Negotiate,1036,"2025-04-13T02:49:10.7611572Z",5,Advapi,SYSTEM
"Apr 13, 2025 @ 10:47:08.537",4624,"LAB3-09",Negotiate,1036,"2025-04-13T02:49:10.7610964Z",5,Advapi,SYSTEM
"Apr 13, 2025 @ 10:47:08.507",4624,"LAB3-09",Negotiate,1036,"2025-04-11T14:46:48.3165409Z",5,Advapi,SYSTEM
"Apr 13, 2025 @ 10:47:08.494",4624,"LAB3-09",Negotiate,1036,"2025-04-11T14:46:18.1817243Z",5,Advapi,SYSTEM
"Apr 13, 2025 @ 10:47:08.490",4624,"LAB3-09",Negotiate,1036,"2025-04-11T14:46:18.1817314Z",5,Advapi,SYSTEM
"Apr 13, 2025 @ 10:47:08.489",4624,"LAB3-09",Negotiate,1036,"2025-04-11T14:46:06.4683585Z",5,Advapi,SYSTEM
"Apr 13, 2025 @ 10:47:08.444",4624,"LAB3-09",Negotiate,1036,"2025-04-11T14:46:05.1225406Z",5,Advapi,SYSTEM
"Apr 13, 2025 @ 10:47:08.443",4624,"LAB3-09",Negotiate,1036,"2025-04-11T14:46:06.2435834Z",5,Advapi,SYSTEM
"Apr 13, 2025 @ 10:47:08.423",4624,"LAB3-09",Negotiate,1036,"2025-04-11T14:46:02.0184466Z",5,Advapi,SYSTEM
"Apr 13, 2025 @ 10:47:08.408",4624,"LAB3-09",Negotiate,1036,"2025-04-11T14:46:01.9287215Z",5,Advapi,SYSTEM
"Apr 13, 2025 @ 10:47:08.388",4624,"LAB3-09",Negotiate,1036,"2025-04-11T14:46:00.0520210Z",5,Advapi,SYSTEM
"Apr 13, 2025 @ 10:47:08.385",4624,"LAB3-09",Negotiate,1036,"2025-04-11T14:45:55.5090063Z",5,Advapi,SYSTEM
"Apr 13, 2025 @ 10:47:08.378",4624,"LAB3-09",Negotiate,1036,"2025-04-11T14:45:55.7041947Z",5,Advapi,SYSTEM
"Apr 13, 2025 @ 10:47:08.334",4624,"LAB3-09",Negotiate,1036,"2025-04-11T14:45:52.6682372Z",5,Advapi,SYSTEM
"Apr 13, 2025 @ 10:47:08.319",4624,"LAB3-09",Negotiate,1036,"2025-04-11T14:45:52.2464504Z",5,Advapi,SYSTEM
"Apr 13, 2025 @ 10:47:08.287",4624,"LAB3-09",Negotiate,1036,"2025-04-11T14:45:48.4933333Z",5,Advapi,SYSTEM
"Apr 13, 2025 @ 10:47:08.282",4624,"LAB3-09",Negotiate,1036,"2025-04-11T14:45:43.1917386Z",5,Advapi,SYSTEM
"Apr 13, 2025 @ 10:47:08.281",4624,"LAB3-09",Negotiate,1036,"2025-04-11T14:45:45.2676066Z",5,Advapi,SYSTEM
"Apr 13, 2025 @ 10:47:08.240",4624,"LAB3-09",Negotiate,1036,"2025-04-11T14:45:42.0759944Z",5,Advapi,SYSTEM
"Apr 13, 2025 @ 10:47:08.226",4624,"LAB3-09",Negotiate,1036,"2025-04-11T14:45:41.6191882Z",5,Advapi,SYSTEM
"Apr 13, 2025 @ 10:47:08.203",4624,"LAB3-09",Negotiate,1036,"2025-04-11T14:45:41.5200287Z",5,Advapi,SYSTEM
"Apr 13, 2025 @ 10:47:08.177",4625,"LAB3-09",NTLM,1036,"2025-04-11T14:45:39.9148947Z",3,NtLmSsp,Administrator
"Apr 13, 2025 @ 10:47:08.176",4624,"LAB3-09",Negotiate,1036,"2025-04-11T14:45:38.6114014Z",5,Advapi,SYSTEM
"Apr 13, 2025 @ 10:47:08.148",4624,"LAB3-09",Negotiate,1036,"2025-04-11T14:45:38.3767387Z",5,Advapi,SYSTEM
"Apr 13, 2025 @ 10:47:08.132",4624,"LAB3-09",Negotiate,1036,"2025-04-11T14:45:35.4942510Z",5,Advapi,SYSTEM
"Apr 13, 2025 @ 10:47:08.084",4624,"LAB3-09",Negotiate,1036,"2025-04-11T14:45:35.1880185Z",7,Negotiat,"ack.user"
"Apr 13, 2025 @ 10:47:08.082",4624,"LAB3-09",Negotiate,1036,"2025-04-11T14:45:35.1880062Z",7,Negotiat,"ack.user"
"Apr 13, 2025 @ 10:46:59.708",4624,"LAB3-10",Negotiate,1064,"2025-04-13T05:17:21.4284009Z",5,Advapi,SYSTEM
"Apr 13, 2025 @ 10:46:59.707",4624,"LAB3-10",Kerberos,1064,"2025-04-13T04:44:02.4474433Z",3,Kerberos,"LAB3-10$"
"Apr 13, 2025 @ 10:46:59.707",4624,"LAB3-10",Kerberos,1064,"2025-04-13T04:44:02.0222768Z",3,Kerberos,"LAB3-10$"
"Apr 13, 2025 @ 10:46:59.354",4624,"LAB3-10",Kerberos,1064,"2025-04-13T04:49:25.6001120Z",3,Kerberos,Administrator
"Apr 13, 2025 @ 10:46:59.342",4624,"LAB3-10",Negotiate,1064,"2025-04-13T05:19:19.5061196Z",5,Advapi,SYSTEM
"Apr 13, 2025 @ 10:46:59.341",4624,"LAB3-10",Negotiate,1064,"2025-04-13T03:51:10.0487336Z",5,Advapi,SYSTEM
"Apr 13, 2025 @ 10:46:59.242",4624,"LAB3-10",Negotiate,1064,"2025-04-13T04:51:09.7223485Z",5,Advapi,SYSTEM
"Apr 13, 2025 @ 10:46:59.241",4624,"LAB3-10",NTLM,1064,"2025-04-13T04:49:25.6398580Z",3,NtLmSsp,"ADMANAGER$"
"Apr 13, 2025 @ 10:46:59.241",4624,"LAB3-10",Kerberos,1064,"2025-04-13T04:49:25.6517733Z",3,Kerberos,"ADMANAGER$"
"Apr 13, 2025 @ 10:46:59.203",4624,"LAB3-10",Negotiate,1064,"2025-04-13T03:51:11.9488352Z",5,Advapi,SYSTEM
"Apr 13, 2025 @ 10:46:59.142",4624,"LAB3-10",Kerberos,1064,"2025-04-13T04:49:25.5637111Z",3,Kerberos,Administrator
"Apr 13, 2025 @ 10:46:59.142",4624,"LAB3-10",Kerberos,1064,"2025-04-13T03:48:15.8706144Z",3,Kerberos,"ADMANAGER$"
"Apr 13, 2025 @ 10:46:59.141",4624,"LAB3-10",Negotiate,1064,"2025-04-13T03:51:17.8430526Z",5,Advapi,SYSTEM
"Apr 13, 2025 @ 10:46:59.140",4624,"LAB3-10",Negotiate,1064,"2025-04-13T03:51:12.0988106Z",5,Advapi,SYSTEM
"Apr 13, 2025 @ 10:46:59.140",4624,"LAB3-10",Negotiate,1064,"2025-04-13T03:11:56.7204506Z",5,Advapi,SYSTEM
"Apr 13, 2025 @ 10:46:59.140",4624,"LAB3-10",Negotiate,1064,"2025-04-13T04:01:53.4953080Z",5,Advapi,SYSTEM
"Apr 13, 2025 @ 10:46:59.135",4624,"LAB3-10",Negotiate,1064,"2025-04-13T03:51:15.6336759Z",5,Advapi,SYSTEM
"Apr 13, 2025 @ 10:46:59.126",4624,"LAB3-10",Kerberos,1064,"2025-04-13T03:48:15.7278074Z",3,Kerberos,Administrator
"Apr 13, 2025 @ 10:46:59.126",4624,"LAB3-10",NTLM,1064,"2025-04-13T03:48:15.8631278Z",3,NtLmSsp,"ADMANAGER$"
"Apr 13, 2025 @ 10:46:59.126",4624,"LAB3-10",Kerberos,1064,"2025-04-13T03:48:15.8347184Z",3,Kerberos,Administrator
"Apr 13, 2025 @ 10:46:58.447",4624,"LAB3-10",Kerberos,1064,"2025-04-13T03:04:01.6543315Z",3,Kerberos,"LAB3-10$"
"Apr 13, 2025 @ 10:46:58.434",4624,"LAB3-10",Negotiate,1064,"2025-04-13T02:57:31.5234231Z",5,Advapi,SYSTEM
"Apr 13, 2025 @ 10:46:58.429",4624,"LAB3-10",Negotiate,1064,"2025-04-13T02:57:05.3557564Z",5,Advapi,SYSTEM
"Apr 13, 2025 @ 10:46:58.415",4624,"LAB3-10",Kerberos,1064,"2025-04-13T03:04:01.3569400Z",3,Kerberos,"LAB3-10$"
"Apr 13, 2025 @ 10:46:58.397",4624,"LAB3-10",Negotiate,1064,"2025-04-13T02:57:06.6362131Z",5,Advapi,SYSTEM
"Apr 13, 2025 @ 10:46:58.370",4624,"LAB3-10",Negotiate,1064,"2025-04-13T02:52:47.9310632Z",5,Advapi,SYSTEM
"Apr 13, 2025 @ 10:46:58.366",4624,"LAB3-10",Negotiate,1064,"2025-04-13T02:51:10.1372824Z",5,Advapi,SYSTEM
"Apr 13, 2025 @ 10:46:58.363",4624,"LAB3-10",Negotiate,1064,"2025-04-13T02:51:40.8731894Z",5,Advapi,SYSTEM
"Apr 13, 2025 @ 10:46:58.349",4624,"LAB3-10",Negotiate,1064,"2025-04-13T02:51:33.3218429Z",5,Advapi,SYSTEM
"Apr 13, 2025 @ 10:46:58.330",4624,"LAB3-10",Negotiate,1064,"2025-04-13T02:49:18.4561708Z",5,Advapi,SYSTEM
"Apr 13, 2025 @ 10:46:58.321",4624,"LAB3-10",Negotiate,1064,"2025-04-13T02:49:06.2181222Z",5,Advapi,SYSTEM
"Apr 13, 2025 @ 10:46:58.313",4624,"LAB3-10",Negotiate,1064,"2025-04-13T02:51:09.9087733Z",5,Advapi,SYSTEM
"Apr 13, 2025 @ 10:46:58.279",4624,"LAB3-10",Negotiate,1064,"2025-04-13T02:49:06.2312683Z",5,Advapi,SYSTEM
"Apr 13, 2025 @ 10:46:58.238",4624,"LAB3-10",Negotiate,1064,"2025-04-13T02:48:35.2003351Z",5,Advapi,SYSTEM
"Apr 13, 2025 @ 10:46:58.234",4624,"LAB3-10",Negotiate,1064,"2025-04-13T02:48:17.2862522Z",5,Advapi,SYSTEM
"Apr 13, 2025 @ 10:46:58.202",4624,"LAB3-10",Negotiate,1064,"2025-04-13T02:48:17.2315353Z",5,Advapi,SYSTEM
"Apr 13, 2025 @ 10:46:58.186",4624,"LAB3-10",Negotiate,1064,"2025-04-13T02:48:16.2114466Z",5,Advapi,SYSTEM
"Apr 13, 2025 @ 10:46:58.185",4624,"LAB3-10",Negotiate,1064,"2025-04-13T02:48:16.1492387Z",5,Advapi,SYSTEM
"Apr 13, 2025 @ 10:46:58.181",4624,"LAB3-10",Kerberos,1064,"2025-04-13T02:48:15.9934105Z",3,Kerberos,"LAB3-10$"
"Apr 13, 2025 @ 10:46:58.141",4624,"LAB3-10",Kerberos,1064,"2025-04-13T02:48:15.6963750Z",3,Kerberos,"LAB3-10$"
"Apr 13, 2025 @ 10:46:58.072",4624,"LAB3-10",Kerberos,1064,"2025-04-13T02:48:15.6844044Z",3,Kerberos,"LAB3-10$"
"Apr 13, 2025 @ 10:46:58.059",4624,"LAB3-10",Negotiate,1064,"2025-04-13T02:48:15.6549492Z",5,Advapi,SYSTEM
"Apr 13, 2025 @ 10:46:58.026",4624,"LAB3-10",Negotiate,1064,"2025-04-13T02:48:15.5141486Z",5,Advapi,SYSTEM
"Apr 13, 2025 @ 10:46:58.015",4624,"LAB3-10",Kerberos,1064,"2025-04-13T02:48:15.6351888Z",3,Kerberos,"LAB3-10$"
"Apr 13, 2025 @ 10:46:57.988",4624,"LAB3-10",Negotiate,1064,"2025-04-13T02:48:15.4997095Z",5,Advapi,SYSTEM
"Apr 13, 2025 @ 10:46:57.978",4624,"LAB3-10",Negotiate,1064,"2025-04-13T02:48:15.5863528Z",5,Advapi,SYSTEM
"Apr 13, 2025 @ 10:46:57.934",4624,"LAB3-10",Negotiate,1064,"2025-04-11T07:43:32.0105606Z",5,Advapi,SYSTEM
"Apr 13, 2025 @ 10:46:57.931",4624,"LAB3-10",Negotiate,1064,"2025-04-11T07:44:18.1918144Z",5,Advapi,SYSTEM
"Apr 13, 2025 @ 10:46:57.923",4624,"LAB3-10",Negotiate,1064,"2025-04-11T07:44:00.5089993Z",5,Advapi,SYSTEM
"Apr 13, 2025 @ 10:46:57.898",4624,"LAB3-10",Negotiate,1064,"2025-04-11T07:44:00.4663166Z",5,Advapi,SYSTEM
"Apr 13, 2025 @ 10:46:57.894",4624,"LAB3-10",Negotiate,1064,"2025-04-11T07:44:00.4661914Z",5,Advapi,SYSTEM
"Apr 13, 2025 @ 10:46:57.880",4624,"LAB3-10",Negotiate,1064,"2025-04-11T07:43:33.6195246Z",5,Advapi,SYSTEM
"Apr 13, 2025 @ 10:46:57.831",4624,"LAB3-10",Negotiate,1064,"2025-04-11T07:43:32.6929146Z",5,Advapi,SYSTEM
"Apr 13, 2025 @ 10:46:50.517",4624,"DESKTOP-5JEIKFF",Negotiate,1016,"2025-04-13T05:46:49.2937127Z",5,Advapi,SYSTEM
"Apr 13, 2025 @ 10:46:45.780",4624,"DESKTOP-5JEIKFF",Negotiate,1016,"2025-04-13T05:46:44.3918651Z",2,User32,Project
"Apr 13, 2025 @ 10:46:45.741",4624,"DESKTOP-5JEIKFF",Negotiate,1016,"2025-04-13T05:46:44.3918729Z",2,User32,Project
"Apr 13, 2025 @ 10:46:36.132",4624,"DESKTOP-5JEIKFF",Negotiate,1016,"2025-04-13T05:46:33.3454857Z",5,Advapi,SYSTEM
"Apr 13, 2025 @ 10:46:35.855",4624,"DESKTOP-5JEIKFF",Negotiate,1016,"2025-04-13T05:46:27.1178717Z",5,Advapi,SYSTEM
"Apr 13, 2025 @ 10:46:35.847",4624,"DESKTOP-5JEIKFF",Negotiate,1016,"2025-04-13T05:46:26.2477768Z",5,Advapi,SYSTEM
"Apr 13, 2025 @ 10:46:35.209",4624,"DESKTOP-5JEIKFF",Negotiate,1016,"2025-04-13T05:46:27.5021450Z",5,Advapi,SYSTEM
"Apr 12, 2025 @ 21:37:16.009",4624,"DESKTOP-5JEIKFF",Negotiate,1016,"2025-04-12T16:37:15.7472110Z",5,Advapi,SYSTEM
"Apr 12, 2025 @ 21:36:57.218",4624,"DESKTOP-5JEIKFF",Negotiate,1016,"2025-04-12T16:36:57.0065909Z",5,Advapi,SYSTEM
"Apr 12, 2025 @ 21:36:57.194",4624,"DESKTOP-5JEIKFF",Negotiate,1016,"2025-04-12T16:36:56.9629913Z",5,Advapi,SYSTEM
"Apr 12, 2025 @ 21:32:52.466",4624,"DESKTOP-5JEIKFF",Negotiate,1016,"2025-04-12T16:32:52.2156858Z",5,Advapi,SYSTEM
"Apr 12, 2025 @ 21:32:06.832",4624,"DESKTOP-5JEIKFF",Negotiate,1016,"2025-04-12T16:32:06.6110501Z",5,Advapi,SYSTEM
"Apr 12, 2025 @ 21:31:35.975",4624,"LAB3-11",Negotiate,1076,"2025-04-12T16:31:31.0819419Z",5,Advapi,SYSTEM
"Apr 12, 2025 @ 21:31:30.146",4624,"CP-AKT-002912",Negotiate,1052,"2025-04-12T16:31:25.2248806Z",5,Advapi,SYSTEM
"Apr 12, 2025 @ 21:31:24.497",4624,"LAB3-11",Negotiate,1076,"2025-04-12T16:31:19.5946161Z",5,Advapi,SYSTEM
"Apr 12, 2025 @ 21:28:44.637",4624,"LAB3-09",Negotiate,1064,"2025-04-12T16:29:55.2423538Z",5,Advapi,SYSTEM
"Apr 12, 2025 @ 21:28:15.543",4624,"CP-AKT-000210",Negotiate,1068,"2025-04-12T16:29:03.2033701Z",5,Advapi,SYSTEM
"Apr 12, 2025 @ 21:27:59.258",4624,"LAB3-18",Kerberos,1064,"2025-04-12T16:27:52.1293239Z",3,Kerberos,"ADMANAGER$"
"Apr 12, 2025 @ 21:27:59.258",4624,"LAB3-18",Kerberos,1064,"2025-04-12T16:27:50.8104211Z",3,Kerberos,Administrator
"Apr 12, 2025 @ 21:27:59.255",4624,"LAB3-18",Negotiate,1064,"2025-04-12T16:27:15.7334035Z",5,Advapi,SYSTEM
"Apr 12, 2025 @ 21:27:59.199",4624,"LAB3-18",NTLM,1064,"2025-04-12T16:27:52.1248415Z",3,NtLmSsp,"ADMANAGER$"
"Apr 12, 2025 @ 21:27:59.190",4624,"LAB3-18",Kerberos,1064,"2025-04-12T16:27:50.7907450Z",3,Kerberos,Administrator
"Apr 12, 2025 @ 21:26:58.389",4624,"LAB3-10",Negotiate,1068,"2025-04-12T16:26:53.5067482Z",5,Advapi,SYSTEM
"Apr 12, 2025 @ 21:25:05.721",4624,"DESKTOP-5JEIKFF",Negotiate,1016,"2025-04-12T16:25:05.4151551Z",5,Advapi,SYSTEM
"Apr 12, 2025 @ 21:24:39.248",4624,"LAB3-09",Negotiate,1064,"2025-04-12T16:25:49.6451793Z",5,Advapi,SYSTEM
"Apr 12, 2025 @ 21:22:55.563",4624,"CP-AKT-002912",Kerberos,1052,"2025-04-12T16:22:50.3649798Z",3,Kerberos,"CP-AKT-002912$"
"Apr 12, 2025 @ 21:22:55.559",4624,"CP-AKT-002912",Kerberos,1052,"2025-04-12T16:22:50.1832352Z",3,Kerberos,"CP-AKT-002912$"
"Apr 12, 2025 @ 21:21:42.876",4624,"LAB3-09",Negotiate,1064,"2025-04-12T16:22:52.9269739Z",5,Advapi,SYSTEM
"Apr 12, 2025 @ 21:19:09.701",4624,"CP-AKT-002912",Negotiate,1052,"2025-04-12T16:19:04.6970228Z",5,Advapi,SYSTEM
"Apr 12, 2025 @ 21:19:05.553",4624,"CP-AKT-002912",Negotiate,1052,"2025-04-12T16:19:00.6918899Z",5,Advapi,SYSTEM
"Apr 12, 2025 @ 21:18:39.078",4624,"LAB3-09",Negotiate,1064,"2025-04-12T16:19:49.2590460Z",5,Advapi,SYSTEM
"Apr 12, 2025 @ 21:17:03.634",4624,"LAB3-10",Kerberos,1068,"2025-04-12T16:16:59.1280328Z",3,Kerberos,"LAB3-10$"
"Apr 12, 2025 @ 21:17:03.628",4624,"LAB3-10",Kerberos,1068,"2025-04-12T16:16:58.7637313Z",3,Kerberos,"LAB3-10$"
"Apr 12, 2025 @ 21:15:34.128",4624,"LAB3-18",Negotiate,1064,"2025-04-12T16:15:29.3447478Z",5,Advapi,SYSTEM
"Apr 12, 2025 @ 21:15:34.116",4624,"LAB3-18",Negotiate,1064,"2025-04-12T16:15:29.3940182Z",5,Advapi,SYSTEM
"Apr 12, 2025 @ 21:15:31.439",4624,"LAB3-18",Negotiate,1064,"2025-04-12T16:15:26.6874156Z",5,Advapi,SYSTEM
"Apr 12, 2025 @ 21:14:56.994",4624,"LAB3-11",Negotiate,1076,"2025-04-12T16:14:52.1016851Z",5,Advapi,SYSTEM
"Apr 12, 2025 @ 21:14:15.334",4624,"LAB3-18",Negotiate,1064,"2025-04-12T16:14:11.4190279Z",5,Advapi,SYSTEM
"Apr 12, 2025 @ 21:14:15.323",4624,"LAB3-18",Negotiate,1064,"2025-04-12T16:14:10.5601447Z",5,Advapi,SYSTEM
"Apr 12, 2025 @ 21:14:06.525",4624,"LAB3-18",Negotiate,1064,"2025-04-12T16:14:01.7884216Z",5,Advapi,SYSTEM
"Apr 12, 2025 @ 21:13:02.041",4624,"CP-AKT-000210",Negotiate,1068,"2025-04-12T16:13:49.7306760Z",5,Advapi,SYSTEM
"Apr 12, 2025 @ 21:12:45.996",4624,"LAB3-09",Negotiate,1064,"2025-04-12T16:13:55.6786903Z",5,Advapi,SYSTEM
"Apr 12, 2025 @ 21:12:45.903",4624,"LAB3-09",Negotiate,1064,"2025-04-12T16:13:55.5939026Z",5,Advapi,SYSTEM
"Apr 12, 2025 @ 21:12:29.679",4624,"LAB3-10",Negotiate,1068,"2025-04-12T16:12:24.7754354Z",5,Advapi,SYSTEM
"Apr 12, 2025 @ 21:11:55.481",4624,"CP-AKT-002912",Negotiate,1052,"2025-04-12T16:11:50.6239787Z",5,Advapi,SYSTEM
"Apr 12, 2025 @ 21:09:22.899",4624,"LAB3-11",Negotiate,1076,"2025-04-12T16:09:18.0639597Z",5,Advapi,SYSTEM
"Apr 12, 2025 @ 21:07:46.281",4624,"LAB3-09",Negotiate,1064,"2025-04-12T16:08:56.0071619Z",5,Advapi,SYSTEM
"Apr 12, 2025 @ 21:07:10.344",4624,"LAB3-18",Negotiate,1064,"2025-04-12T16:07:05.4033679Z",5,Advapi,SYSTEM
"Apr 12, 2025 @ 21:06:54.901",4624,"DESKTOP-5JEIKFF",Negotiate,1016,"2025-04-12T16:06:54.6104909Z",5,Advapi,SYSTEM
"Apr 12, 2025 @ 21:06:54.888",4624,"DESKTOP-5JEIKFF",Negotiate,1016,"2025-04-12T16:06:54.6340409Z",5,Advapi,SYSTEM
"Apr 12, 2025 @ 21:06:36.724",4624,"LAB3-18",Negotiate,1064,"2025-04-12T16:06:31.9770239Z",5,Advapi,SYSTEM
"Apr 12, 2025 @ 21:06:26.280",4624,"LAB3-11",Negotiate,1076,"2025-04-12T16:06:21.5347567Z",5,Advapi,SYSTEM
"Apr 12, 2025 @ 21:06:26.279",4624,"LAB3-11",Negotiate,1076,"2025-04-12T16:06:21.4097551Z",5,Advapi,SYSTEM
"Apr 12, 2025 @ 21:05:48.564",4624,"CP-AKT-000210",Negotiate,1068,"2025-04-12T16:06:37.7888185Z",5,Advapi,SYSTEM
"Apr 12, 2025 @ 21:05:31.792",4624,"CP-AKT-000210",Negotiate,1068,"2025-04-12T16:06:21.0787341Z",5,Advapi,SYSTEM
"Apr 12, 2025 @ 21:05:30.395",4624,"CP-AKT-000210",Negotiate,1068,"2025-04-12T16:06:19.7299397Z",5,Advapi,SYSTEM
"Apr 12, 2025 @ 21:05:28.410",4624,"CP-AKT-000210",Negotiate,1068,"2025-04-12T16:06:17.7363368Z",5,Advapi,SYSTEM
"Apr 12, 2025 @ 21:05:07.869",4624,"CP-AKT-000210",Kerberos,1068,"2025-04-12T16:05:57.1070880Z",3,Kerberos,"CP-AKT-000210$"
"Apr 12, 2025 @ 21:05:07.809",4624,"CP-AKT-000210",Kerberos,1068,"2025-04-12T16:05:56.9879176Z",3,Kerberos,"CP-AKT-000210$"
"Apr 12, 2025 @ 21:03:50.983",4624,"CP-AKT-002912",Negotiate,1052,"2025-04-12T16:03:46.1731343Z",5,Advapi,SYSTEM
"Apr 12, 2025 @ 21:03:16.925",4624,"CP-AKT-002912",Negotiate,1052,"2025-04-12T16:03:12.0987530Z",5,Advapi,SYSTEM
"Apr 12, 2025 @ 21:02:54.861",4624,"LAB3-18",Negotiate,1064,"2025-04-12T16:02:50.1759143Z",5,Advapi,SYSTEM
"Apr 12, 2025 @ 21:02:35.687",4624,"LAB3-10",Negotiate,1068,"2025-04-12T16:02:29.6502401Z",5,Advapi,SYSTEM
"Apr 12, 2025 @ 21:02:20.853",4624,"LAB3-10",Negotiate,1068,"2025-04-12T16:01:16.4401166Z",5,Advapi,SYSTEM
"Apr 12, 2025 @ 21:02:20.648",4624,"LAB3-10",Negotiate,1068,"2025-04-12T16:01:15.7973287Z",5,Advapi,SYSTEM
"Apr 12, 2025 @ 21:02:17.425",4624,"CP-AKT-000210",Negotiate,1068,"2025-04-12T16:03:06.9346916Z",5,Advapi,SYSTEM
"Apr 12, 2025 @ 21:02:17.201",4624,"CP-AKT-000210",Negotiate,1068,"2025-04-12T16:03:06.5527431Z",5,Advapi,SYSTEM
"Apr 12, 2025 @ 21:01:54.894",4624,"CP-AKT-002912",Negotiate,1052,"2025-04-12T16:01:50.1202049Z",5,Advapi,SYSTEM
"Apr 12, 2025 @ 21:01:50.183",4624,"CP-AKT-002912",Negotiate,1052,"2025-04-12T16:01:45.3293255Z",5,Advapi,SYSTEM
"Apr 12, 2025 @ 21:01:24.281",4624,"CP-AKT-000210",Negotiate,1068,"2025-04-12T16:02:13.5330960Z",5,Advapi,SYSTEM
"Apr 12, 2025 @ 21:01:24.280",4624,"CP-AKT-000210",Negotiate,1068,"2025-04-12T16:02:14.4546527Z",5,Advapi,SYSTEM
"Apr 12, 2025 @ 21:01:12.545",4624,"LAB3-11",Negotiate,1076,"2025-04-12T16:01:07.7519476Z",5,Advapi,SYSTEM
"Apr 12, 2025 @ 21:00:50.827",4624,"DESKTOP-5JEIKFF",Negotiate,1016,"2025-04-12T16:00:49.3650713Z",5,Advapi,SYSTEM
"Apr 12, 2025 @ 20:59:24.479",4624,"LAB3-09",Negotiate,1064,"2025-04-12T16:00:33.8903646Z",5,Advapi,SYSTEM
"Apr 12, 2025 @ 20:58:49.159",4624,"CP-AKT-002912",Negotiate,1052,"2025-04-12T15:57:45.0064692Z",5,Advapi,SYSTEM
"Apr 12, 2025 @ 20:58:49.148",4624,"CP-AKT-002912",Negotiate,1052,"2025-04-12T15:57:44.3100991Z",5,Advapi,SYSTEM
"Apr 12, 2025 @ 20:58:13.387",4624,"CP-AKT-000210",Negotiate,1068,"2025-04-12T15:59:00.0058299Z",5,Advapi,SYSTEM
"Apr 12, 2025 @ 20:57:34.549",4624,"LAB3-18",Negotiate,1064,"2025-04-12T15:57:30.3860322Z",5,Advapi,SYSTEM
"Apr 12, 2025 @ 20:56:47.091",4624,"LAB3-09",Negotiate,1064,"2025-04-12T15:57:56.4019793Z",5,Advapi,SYSTEM
"Apr 12, 2025 @ 20:56:23.776",4624,"DESKTOP-5JEIKFF",Negotiate,1016,"2025-04-12T15:56:23.4985782Z",5,Advapi,SYSTEM
"Apr 12, 2025 @ 20:56:23.771",4624,"DESKTOP-5JEIKFF",Negotiate,1016,"2025-04-12T15:56:23.7538928Z",5,Advapi,SYSTEM
"Apr 12, 2025 @ 20:56:02.785",4624,"LAB3-09",Negotiate,1064,"2025-04-12T15:57:12.0594600Z",5,Advapi,SYSTEM
"Apr 12, 2025 @ 20:55:57.448",4624,"LAB3-09",Negotiate,1064,"2025-04-12T15:57:06.7134258Z",5,Advapi,SYSTEM
"Apr 12, 2025 @ 20:55:01.787",4624,"DESKTOP-5JEIKFF",Negotiate,1016,"2025-04-12T15:55:01.2629640Z",5,Advapi,SYSTEM
"Apr 12, 2025 @ 20:55:01.619",4624,"DESKTOP-5JEIKFF",Negotiate,1016,"2025-04-12T15:55:01.9626405Z",5,Advapi,SYSTEM
"Apr 12, 2025 @ 20:54:57.481",4624,"CP-AKT-000210",Negotiate,1068,"2025-04-12T15:55:27.6797411Z",5,Advapi,SYSTEM
"Apr 12, 2025 @ 20:54:56.231",4624,"DESKTOP-5JEIKFF",Negotiate,1016,"2025-04-12T15:54:55.6554866Z",5,Advapi,SYSTEM
"Apr 12, 2025 @ 20:54:41.689",4624,"CP-AKT-000210",Negotiate,1068,"2025-04-12T15:54:14.8233527Z",5,Advapi,SYSTEM
"Apr 12, 2025 @ 20:54:41.639",4624,"CP-AKT-000210",Kerberos,1068,"2025-04-12T15:54:14.6770609Z",3,Kerberos,"CP-AKT-000210$"
"Apr 12, 2025 @ 20:54:41.633",4624,"CP-AKT-000210",Kerberos,1068,"2025-04-12T15:54:14.8199866Z",3,Kerberos,"CP-AKT-000210$"
"Apr 12, 2025 @ 20:54:41.631",4624,"CP-AKT-000210",Negotiate,1068,"2025-04-12T15:54:08.7801992Z",5,Advapi,SYSTEM
"Apr 12, 2025 @ 20:54:41.620",4624,"CP-AKT-000210",Negotiate,1068,"2025-04-12T15:54:14.6513720Z",5,Advapi,SYSTEM
"Apr 12, 2025 @ 20:54:41.612",4624,"CP-AKT-000210",Negotiate,1068,"2025-04-12T15:54:08.0817890Z",5,Advapi,SYSTEM
"Apr 12, 2025 @ 20:54:33.675",4624,"LAB3-18",Negotiate,1064,"2025-04-12T15:54:31.9207447Z",5,Advapi,SYSTEM
"Apr 12, 2025 @ 20:53:16.171",4624,"LAB3-18",Negotiate,1064,"2025-04-12T15:53:06.4396232Z",5,Advapi,SYSTEM
"Apr 12, 2025 @ 20:52:14.280",4624,"LAB3-18",Negotiate,1064,"2025-04-12T15:52:13.6443849Z",5,Advapi,SYSTEM
"Apr 12, 2025 @ 20:51:59.250",4624,"DESKTOP-5JEIKFF",Negotiate,1016,"2025-04-12T15:51:59.0554601Z",5,Advapi,SYSTEM
"Apr 12, 2025 @ 20:51:30.695",4624,"LAB3-11",Negotiate,1076,"2025-04-12T15:51:25.8944183Z",5,Advapi,SYSTEM
"Apr 12, 2025 @ 20:51:22.798",4624,"LAB3-18",Negotiate,1064,"2025-04-12T15:50:22.1004325Z",5,Advapi,SYSTEM
"Apr 12, 2025 @ 20:51:22.790",4624,"LAB3-18",Negotiate,1064,"2025-04-12T15:50:29.8327729Z",5,Advapi,SYSTEM
"Apr 12, 2025 @ 20:49:25.011",4624,"LAB3-11",Kerberos,1076,"2025-04-12T15:49:20.6286477Z",3,Kerberos,"LAB3-11$"
"Apr 12, 2025 @ 20:49:25.007",4624,"LAB3-11",Kerberos,1076,"2025-04-12T15:49:20.1904985Z",3,Kerberos,"LAB3-11$"
"Apr 12, 2025 @ 20:48:13.733",4624,"LAB3-11",Negotiate,1076,"2025-04-12T15:47:09.5928861Z",5,Advapi,SYSTEM
"Apr 12, 2025 @ 20:48:13.704",4624,"LAB3-11",Negotiate,1076,"2025-04-12T15:47:08.9132674Z",5,Advapi,SYSTEM
"Apr 12, 2025 @ 20:46:31.865",4624,"LAB3-09",Negotiate,1064,"2025-04-12T15:47:40.7273870Z",5,Advapi,SYSTEM
"Apr 12, 2025 @ 20:43:13.891",4624,"LAB3-09",Negotiate,1064,"2025-04-12T15:43:23.3480245Z",5,Advapi,SYSTEM
"Apr 12, 2025 @ 20:43:13.834",4624,"LAB3-09",Negotiate,1064,"2025-04-12T15:43:22.3340724Z",5,Advapi,SYSTEM
"Apr 12, 2025 @ 20:33:09.642",4624,"DESKTOP-5JEIKFF",Negotiate,1016,"2025-04-12T15:32:52.3155160Z",5,Advapi,SYSTEM
"Apr 12, 2025 @ 20:21:15.105",4624,"DESKTOP-5JEIKFF",Negotiate,1016,"2025-04-12T15:21:14.8227247Z",5,Advapi,SYSTEM
"Apr 12, 2025 @ 20:21:15.063",4624,"DESKTOP-5JEIKFF",Negotiate,1016,"2025-04-12T15:21:15.4164257Z",5,Advapi,SYSTEM
"Apr 12, 2025 @ 20:21:15.001",4624,"DESKTOP-5JEIKFF",Negotiate,1016,"2025-04-12T15:21:15.6540124Z",5,Advapi,SYSTEM
"Apr 12, 2025 @ 20:21:13.810",4624,"DESKTOP-5JEIKFF",Negotiate,1016,"2025-04-12T15:21:13.7006991Z",5,Advapi,SYSTEM
"Apr 12, 2025 @ 20:21:13.809",4624,"DESKTOP-5JEIKFF",Negotiate,1016,"2025-04-12T15:21:13.6025429Z",5,Advapi,SYSTEM
"Apr 12, 2025 @ 20:21:13.803",4624,"DESKTOP-5JEIKFF",Negotiate,1016,"2025-04-12T15:21:13.5779198Z",5,Advapi,SYSTEM
"Apr 12, 2025 @ 20:20:18.325",4624,"DESKTOP-5JEIKFF",Negotiate,1016,"2025-04-12T15:20:18.1341292Z",5,Advapi,SYSTEM
"Apr 12, 2025 @ 20:18:16.787",4624,"DESKTOP-5JEIKFF",Negotiate,1016,"2025-04-12T15:18:16.6149893Z",5,Advapi,SYSTEM
"Apr 12, 2025 @ 20:13:27.210",4624,"DESKTOP-5JEIKFF",Negotiate,1016,"2025-04-12T15:13:27.0473915Z",5,Advapi,SYSTEM
"Apr 12, 2025 @ 20:13:25.358",4624,"DESKTOP-5JEIKFF",Negotiate,1016,"2025-04-12T15:13:25.0194909Z",5,Advapi,SYSTEM
"Apr 12, 2025 @ 20:13:25.350",4624,"DESKTOP-5JEIKFF",Negotiate,1016,"2025-04-12T15:13:25.0207981Z",5,Advapi,SYSTEM
"Apr 12, 2025 @ 20:13:25.346",4624,"DESKTOP-5JEIKFF",Negotiate,1016,"2025-04-12T15:13:25.0198538Z",5,Advapi,SYSTEM
"Apr 12, 2025 @ 20:13:25.340",4624,"DESKTOP-5JEIKFF",Negotiate,1016,"2025-04-12T15:13:25.9989353Z",5,Advapi,SYSTEM
"Apr 12, 2025 @ 20:13:25.340",4624,"DESKTOP-5JEIKFF",Negotiate,1016,"2025-04-12T15:13:25.0211299Z",5,Advapi,SYSTEM
"Apr 12, 2025 @ 20:13:25.340",4624,"DESKTOP-5JEIKFF",Negotiate,1016,"2025-04-12T15:13:25.0261460Z",5,Advapi,SYSTEM
"Apr 12, 2025 @ 20:13:25.333",4624,"DESKTOP-5JEIKFF",Negotiate,1016,"2025-04-12T15:13:25.0184094Z",5,Advapi,SYSTEM
"Apr 12, 2025 @ 20:13:23.552",4624,"DESKTOP-5JEIKFF",Negotiate,1016,"2025-04-12T15:13:24.2910870Z",5,Advapi,SYSTEM
"Apr 12, 2025 @ 20:13:23.476",4624,"DESKTOP-5JEIKFF",Negotiate,1016,"2025-04-12T15:13:23.3069753Z",5,Advapi,SYSTEM
"Apr 12, 2025 @ 20:13:22.678",4624,"DESKTOP-5JEIKFF",Negotiate,1016,"2025-04-12T15:13:22.2339722Z",5,Advapi,SYSTEM
"Apr 12, 2025 @ 20:13:22.677",4624,"DESKTOP-5JEIKFF",Negotiate,1016,"2025-04-12T15:13:22.2287879Z",5,Advapi,SYSTEM
"Apr 12, 2025 @ 20:13:22.455",4624,"DESKTOP-5JEIKFF",Negotiate,1016,"2025-04-12T15:13:22.2283640Z",5,Advapi,SYSTEM
"Apr 12, 2025 @ 20:13:22.435",4624,"DESKTOP-5JEIKFF",Negotiate,1016,"2025-04-12T15:13:22.2158470Z",5,Advapi,SYSTEM
"Apr 12, 2025 @ 20:13:22.398",4624,"DESKTOP-5JEIKFF",Negotiate,1016,"2025-04-12T15:13:22.2162154Z",5,Advapi,SYSTEM
"Apr 12, 2025 @ 20:13:22.378",4624,"DESKTOP-5JEIKFF",Negotiate,1016,"2025-04-12T15:13:22.2148574Z",5,Advapi,SYSTEM
"Apr 12, 2025 @ 20:13:18.006",4624,"DESKTOP-5JEIKFF",Negotiate,1016,"2025-04-12T15:13:18.0563356Z",5,Advapi,SYSTEM
"Apr 12, 2025 @ 20:13:17.990",4624,"DESKTOP-5JEIKFF",Negotiate,1016,"2025-04-12T15:13:17.9464852Z",5,Advapi,SYSTEM
"Apr 12, 2025 @ 20:11:14.869",4624,"DESKTOP-5JEIKFF",Negotiate,1016,"2025-04-12T15:11:14.3830290Z",5,Advapi,SYSTEM
"Apr 12, 2025 @ 20:10:45.830",4624,"DESKTOP-5JEIKFF",Negotiate,1016,"2025-04-12T15:10:45.1425656Z",5,Advapi,SYSTEM
"Apr 12, 2025 @ 20:10:45.828",4624,"DESKTOP-5JEIKFF",Negotiate,1016,"2025-04-12T15:10:44.8348379Z",5,Advapi,SYSTEM
"Apr 12, 2025 @ 20:10:32.763",4624,"DESKTOP-5JEIKFF",Negotiate,1016,"2025-04-12T15:10:24.4942055Z",5,Advapi,SYSTEM
"Apr 12, 2025 @ 13:02:28.598",4624,"DESKTOP-5JEIKFF",Negotiate,1016,"2025-04-12T08:02:28.6716957Z",5,Advapi,SYSTEM
"Apr 12, 2025 @ 13:02:18.635",4624,"DESKTOP-5JEIKFF",Negotiate,1016,"2025-04-12T08:02:18.7896500Z",5,Advapi,SYSTEM
"Apr 12, 2025 @ 13:02:18.633",4624,"DESKTOP-5JEIKFF",Negotiate,1016,"2025-04-12T08:02:18.6079929Z",5,Advapi,SYSTEM
"Apr 12, 2025 @ 13:02:17.300",4624,"DESKTOP-5JEIKFF",Negotiate,1016,"2025-04-12T08:02:17.9466032Z",5,Advapi,SYSTEM
"Apr 12, 2025 @ 13:02:17.294",4624,"DESKTOP-5JEIKFF",Negotiate,1016,"2025-04-12T08:02:17.4132236Z",5,Advapi,SYSTEM
"Apr 12, 2025 @ 13:02:17.292",4624,"DESKTOP-5JEIKFF",Negotiate,1016,"2025-04-12T08:02:17.3621834Z",5,Advapi,SYSTEM
"Apr 12, 2025 @ 12:53:44.329",4624,"DESKTOP-5JEIKFF",Negotiate,1016,"2025-04-12T07:53:44.3739765Z",5,Advapi,SYSTEM
"Apr 12, 2025 @ 12:52:07.652",4624,"DESKTOP-5JEIKFF",Negotiate,1016,"2025-04-12T07:52:07.7102346Z",5,Advapi,SYSTEM
"Apr 12, 2025 @ 12:50:31.425",4624,"DESKTOP-5JEIKFF",Negotiate,1016,"2025-04-12T07:50:31.5050068Z",5,Advapi,SYSTEM
"Apr 12, 2025 @ 12:50:31.422",4624,"DESKTOP-5JEIKFF",Negotiate,1016,"2025-04-12T07:50:31.4788063Z",5,Advapi,SYSTEM
"Apr 12, 2025 @ 12:39:21.717",4624,"DESKTOP-5JEIKFF",Negotiate,1016,"2025-04-12T07:39:22.4548121Z",5,Advapi,SYSTEM
"Apr 12, 2025 @ 12:39:21.638",4624,"DESKTOP-5JEIKFF",Negotiate,1016,"2025-04-12T07:39:21.7553262Z",5,Advapi,SYSTEM
"Apr 12, 2025 @ 12:39:21.635",4624,"DESKTOP-5JEIKFF",Negotiate,1016,"2025-04-12T07:39:21.7553088Z",5,Advapi,SYSTEM
"Apr 12, 2025 @ 12:21:43.026",4624,"DESKTOP-5JEIKFF",Negotiate,1016,"2025-04-12T07:21:43.1458417Z",5,Advapi,SYSTEM
"Apr 12, 2025 @ 12:06:43.026",4624,"DESKTOP-5JEIKFF",Negotiate,1016,"2025-04-12T07:06:43.1585473Z",5,Advapi,SYSTEM
"Apr 12, 2025 @ 11:47:58.995",4624,"DESKTOP-5JEIKFF",Negotiate,1016,"2025-04-12T06:47:59.1358378Z",5,Advapi,SYSTEM
"Apr 12, 2025 @ 11:47:56.808",4624,"DESKTOP-5JEIKFF",Negotiate,1016,"2025-04-12T06:47:56.9487177Z",5,Advapi,SYSTEM
"Apr 12, 2025 @ 11:47:17.197",4624,"DESKTOP-5JEIKFF",Negotiate,1016,"2025-04-12T06:47:17.3313218Z",5,Advapi,SYSTEM
"Apr 12, 2025 @ 11:36:51.122",4624,"DESKTOP-5JEIKFF",Negotiate,1016,"2025-04-12T06:36:51.2687502Z",5,Advapi,SYSTEM
"Apr 12, 2025 @ 11:31:16.575",4624,"DESKTOP-5JEIKFF",Negotiate,1016,"2025-04-12T06:31:16.7061075Z",5,Advapi,SYSTEM
"Apr 12, 2025 @ 11:28:51.100",4624,"DESKTOP-5JEIKFF",Negotiate,1016,"2025-04-12T06:28:51.2344616Z",5,Advapi,SYSTEM
"Apr 12, 2025 @ 11:27:56.363",4624,"DESKTOP-5JEIKFF",Negotiate,1016,"2025-04-12T06:27:56.4929322Z",5,Advapi,SYSTEM
"Apr 12, 2025 @ 11:26:35.232",4624,"DESKTOP-5JEIKFF",Negotiate,1016,"2025-04-12T06:26:35.3712767Z",5,Advapi,SYSTEM
"Apr 12, 2025 @ 11:25:35.057",4624,"DESKTOP-5JEIKFF",Negotiate,1016,"2025-04-12T06:25:35.2005774Z",5,Advapi,SYSTEM
"Apr 12, 2025 @ 11:25:18.313",4624,"DESKTOP-5JEIKFF",Negotiate,1016,"2025-04-12T06:25:18.4559414Z",5,Advapi,SYSTEM
"Apr 12, 2025 @ 11:20:22.316",4624,"DESKTOP-5JEIKFF",Negotiate,1016,"2025-04-12T06:20:22.4915876Z",5,Advapi,SYSTEM
"Apr 12, 2025 @ 11:20:05.594",4624,"DESKTOP-5JEIKFF",Negotiate,1016,"2025-04-12T06:20:05.7716678Z",5,Advapi,SYSTEM
"Apr 12, 2025 @ 11:19:35.218",4624,"DESKTOP-5JEIKFF",Negotiate,1016,"2025-04-12T06:19:35.3965645Z",5,Advapi,SYSTEM
"Apr 12, 2025 @ 11:18:38.143",4624,"DESKTOP-5JEIKFF",Negotiate,1016,"2025-04-12T06:18:38.3220701Z",5,Advapi,SYSTEM
"Apr 12, 2025 @ 11:18:26.343",4624,"DESKTOP-5JEIKFF",Negotiate,1016,"2025-04-12T06:18:26.5203742Z",5,Advapi,SYSTEM
"Apr 12, 2025 @ 11:15:12.128",4624,"DESKTOP-5JEIKFF",Negotiate,1016,"2025-04-12T06:15:12.3057579Z",5,Advapi,SYSTEM
"Apr 12, 2025 @ 11:15:01.268",4624,"DESKTOP-5JEIKFF",Negotiate,1016,"2025-04-12T06:15:01.4462441Z",5,Advapi,SYSTEM
"Apr 12, 2025 @ 11:14:50.848",4624,"DESKTOP-5JEIKFF",Negotiate,1016,"2025-04-12T06:14:51.0180562Z",5,Advapi,SYSTEM
"Apr 12, 2025 @ 11:14:20.705",4624,"DESKTOP-5JEIKFF",Negotiate,1016,"2025-04-12T06:14:20.8656672Z",2,User32,Project
"Apr 12, 2025 @ 11:14:20.702",4624,"DESKTOP-5JEIKFF",Negotiate,1016,"2025-04-12T06:14:20.8656430Z",2,User32,Project
"Apr 12, 2025 @ 11:13:59.515",4624,"DESKTOP-5JEIKFF",Negotiate,1016,"2025-04-12T06:13:28.7230486Z",5,Advapi,SYSTEM
"Apr 12, 2025 @ 11:13:05.102",4624,"DESKTOP-5JEIKFF",Negotiate,1016,"2025-04-12T06:13:02.9241160Z",5,Advapi,SYSTEM
"Apr 12, 2025 @ 11:12:55.026",4624,"DESKTOP-5JEIKFF",Negotiate,1016,"2025-04-12T06:12:42.1180421Z",5,Advapi,SYSTEM
"Apr 12, 2025 @ 11:12:54.273",4624,"DESKTOP-5JEIKFF",Negotiate,1016,"2025-04-12T06:12:29.2113912Z",5,Advapi,SYSTEM
"Apr 12, 2025 @ 11:12:51.920",4624,"DESKTOP-5JEIKFF",Negotiate,1016,"2025-04-12T06:12:16.2517402Z",5,Advapi,SYSTEM
"Apr 12, 2025 @ 11:12:49.602",4624,"DESKTOP-5JEIKFF",Negotiate,1016,"2025-04-12T06:12:16.2051551Z",5,Advapi,SYSTEM
"Apr 11, 2025 @ 23:08:46.068",4624,"DESKTOP-5JEIKFF",Negotiate,1016,"2025-04-11T18:08:45.3069012Z",5,Advapi,SYSTEM
"Apr 11, 2025 @ 23:04:49.049",4624,"DESKTOP-5JEIKFF",Negotiate,1016,"2025-04-11T18:04:48.2850984Z",5,Advapi,SYSTEM
"Apr 11, 2025 @ 22:49:49.039",4624,"DESKTOP-5JEIKFF",Negotiate,1016,"2025-04-11T17:49:48.2952152Z",5,Advapi,SYSTEM
"Apr 11, 2025 @ 22:39:11.036",4624,"DESKTOP-5JEIKFF",Negotiate,1016,"2025-04-11T17:39:10.3113762Z",5,Advapi,SYSTEM
"Apr 11, 2025 @ 22:39:11.034",4624,"DESKTOP-5JEIKFF",Negotiate,1016,"2025-04-11T17:39:10.3111102Z",5,Advapi,SYSTEM
"Apr 11, 2025 @ 22:37:58.783",4624,"DESKTOP-5JEIKFF",Negotiate,1016,"2025-04-11T17:37:58.1362152Z",5,Advapi,SYSTEM
"Apr 11, 2025 @ 22:37:58.777",4624,"DESKTOP-5JEIKFF",Negotiate,1016,"2025-04-11T17:37:58.0537573Z",5,Advapi,SYSTEM
"Apr 11, 2025 @ 22:31:22.085",4624,"DESKTOP-5JEIKFF",Negotiate,1016,"2025-04-11T17:31:21.3674214Z",5,Advapi,SYSTEM
"Apr 11, 2025 @ 22:31:17.815",4624,"DESKTOP-5JEIKFF",Negotiate,1016,"2025-04-11T17:31:17.0764088Z",5,Advapi,SYSTEM
"Apr 11, 2025 @ 22:31:17.755",4624,"DESKTOP-5JEIKFF",Negotiate,1016,"2025-04-11T17:31:17.0461634Z",5,Advapi,SYSTEM
"Apr 11, 2025 @ 22:30:21.576",4624,"DESKTOP-5JEIKFF",Negotiate,1016,"2025-04-11T17:30:20.8622961Z",5,Advapi,SYSTEM
"Apr 11, 2025 @ 22:29:32.234",4624,"DESKTOP-5JEIKFF",Negotiate,1016,"2025-04-11T17:29:31.5244349Z",5,Advapi,SYSTEM
"Apr 11, 2025 @ 22:28:34.040",4624,"DESKTOP-5JEIKFF",Negotiate,1016,"2025-04-11T17:28:33.3259733Z",5,Advapi,SYSTEM
"Apr 11, 2025 @ 22:27:22.320",4624,"DESKTOP-5JEIKFF",Negotiate,1016,"2025-04-11T17:27:21.6095920Z",5,Advapi,SYSTEM
"Apr 11, 2025 @ 22:26:25.060",4624,"DESKTOP-5JEIKFF",Negotiate,1016,"2025-04-11T17:26:24.4299008Z",5,Advapi,SYSTEM
"Apr 11, 2025 @ 22:26:25.057",4624,"DESKTOP-5JEIKFF",Negotiate,1016,"2025-04-11T17:26:24.3515707Z",5,Advapi,SYSTEM
"Apr 11, 2025 @ 22:20:05.533",4624,"DESKTOP-5JEIKFF",Negotiate,1016,"2025-04-11T17:20:04.8303439Z",5,Advapi,SYSTEM
"Apr 11, 2025 @ 22:18:47.819",4624,"DESKTOP-5JEIKFF",Negotiate,1016,"2025-04-11T17:18:47.1173446Z",5,Advapi,SYSTEM
"Apr 11, 2025 @ 22:17:44.723",4624,"DESKTOP-5JEIKFF",Negotiate,1016,"2025-04-11T17:17:44.0183202Z",5,Advapi,SYSTEM
"Apr 11, 2025 @ 22:16:43.034",4624,"DESKTOP-5JEIKFF",Negotiate,1016,"2025-04-11T17:16:42.3458335Z",5,Advapi,SYSTEM
"Apr 11, 2025 @ 22:16:43.028",4624,"DESKTOP-5JEIKFF",Negotiate,1016,"2025-04-11T17:16:42.3257778Z",5,Advapi,SYSTEM
"Apr 11, 2025 @ 22:11:41.757",4624,"DESKTOP-5JEIKFF",Negotiate,1016,"2025-04-11T17:11:41.0609961Z",5,Advapi,SYSTEM
"Apr 11, 2025 @ 22:10:38.574",4624,"DESKTOP-5JEIKFF",Negotiate,1016,"2025-04-11T17:10:37.8795945Z",5,Advapi,SYSTEM
"Apr 11, 2025 @ 22:09:56.911",4624,"DESKTOP-5JEIKFF",Negotiate,1016,"2025-04-11T17:09:56.2152154Z",5,Advapi,SYSTEM
"Apr 11, 2025 @ 22:09:00.809",4624,"DESKTOP-5JEIKFF",Negotiate,1016,"2025-04-11T17:09:00.1173042Z",5,Advapi,SYSTEM
"Apr 11, 2025 @ 22:06:37.980",4624,"DESKTOP-5JEIKFF",Negotiate,1016,"2025-04-11T17:06:37.2821266Z",5,Advapi,SYSTEM
"Apr 11, 2025 @ 22:05:12.465",4624,"DESKTOP-5JEIKFF",Negotiate,1016,"2025-04-11T17:05:11.7659720Z",5,Advapi,SYSTEM
"Apr 11, 2025 @ 22:05:12.457",4624,"DESKTOP-5JEIKFF",Negotiate,1016,"2025-04-11T17:05:11.7622862Z",5,Advapi,SYSTEM
"Apr 11, 2025 @ 22:04:10.297",4624,"DESKTOP-5JEIKFF",Negotiate,1016,"2025-04-11T17:04:09.6027015Z",5,Advapi,SYSTEM
"Apr 11, 2025 @ 22:01:16.749",4624,"DESKTOP-5JEIKFF",Negotiate,1016,"2025-04-11T17:01:16.0598825Z",5,Advapi,SYSTEM
"Apr 11, 2025 @ 22:01:16.744",4624,"DESKTOP-5JEIKFF",Negotiate,1016,"2025-04-11T17:01:16.0562430Z",5,Advapi,SYSTEM
"Apr 11, 2025 @ 21:59:25.467",4624,"DESKTOP-5JEIKFF",Negotiate,1016,"2025-04-11T16:59:24.8660200Z",5,Advapi,SYSTEM
"Apr 11, 2025 @ 21:59:25.464",4624,"DESKTOP-5JEIKFF",Negotiate,1016,"2025-04-11T16:59:24.7804223Z",5,Advapi,SYSTEM
"Apr 11, 2025 @ 21:51:42.514",4624,"DESKTOP-5JEIKFF",Negotiate,1016,"2025-04-11T16:51:41.8579123Z",5,Advapi,SYSTEM
"Apr 11, 2025 @ 21:51:42.506",4624,"DESKTOP-5JEIKFF",Negotiate,1016,"2025-04-11T16:51:41.8292199Z",5,Advapi,SYSTEM
"Apr 11, 2025 @ 21:49:28.248",4624,"DESKTOP-5JEIKFF",Negotiate,1016,"2025-04-11T16:49:27.6377357Z",5,Advapi,SYSTEM
"Apr 11, 2025 @ 21:49:28.242",4624,"DESKTOP-5JEIKFF",Negotiate,1016,"2025-04-11T16:49:27.5665128Z",5,Advapi,SYSTEM
"Apr 11, 2025 @ 21:42:57.872",4624,"DESKTOP-5JEIKFF",Negotiate,1016,"2025-04-11T16:42:57.1974844Z",5,Advapi,SYSTEM
"Apr 11, 2025 @ 21:42:01.637",4624,"DESKTOP-5JEIKFF",Negotiate,1016,"2025-04-11T16:42:01.0352767Z",5,Advapi,SYSTEM
"Apr 11, 2025 @ 21:42:01.628",4624,"DESKTOP-5JEIKFF",Negotiate,1016,"2025-04-11T16:42:00.9470649Z",5,Advapi,SYSTEM
"Apr 11, 2025 @ 21:33:52.884",4624,"DESKTOP-5JEIKFF",Negotiate,1016,"2025-04-11T16:33:52.1951603Z",5,Advapi,SYSTEM
"Apr 11, 2025 @ 21:32:32.720",4624,"DESKTOP-5JEIKFF",Negotiate,1016,"2025-04-11T16:32:32.0522621Z",5,Advapi,SYSTEM
"Apr 11, 2025 @ 21:32:32.619",4624,"DESKTOP-5JEIKFF",Negotiate,1016,"2025-04-11T16:32:31.9414860Z",5,Advapi,SYSTEM
"Apr 11, 2025 @ 21:32:05.851",4624,"DESKTOP-5JEIKFF",Negotiate,1016,"2025-04-11T16:32:06.1143277Z",5,Advapi,SYSTEM
"Apr 11, 2025 @ 21:32:05.805",4624,"DESKTOP-5JEIKFF",Negotiate,1016,"2025-04-11T16:32:05.1355987Z",5,Advapi,SYSTEM
"Apr 11, 2025 @ 21:26:41.604",4624,"DESKTOP-5JEIKFF",Negotiate,1016,"2025-04-11T16:26:40.9175430Z",5,Advapi,SYSTEM
"Apr 11, 2025 @ 21:25:05.597",4624,"DESKTOP-5JEIKFF",Negotiate,1016,"2025-04-11T16:25:04.9402555Z",5,Advapi,SYSTEM
"Apr 11, 2025 @ 21:22:23.678",4624,"DESKTOP-5JEIKFF",Negotiate,1016,"2025-04-11T16:22:15.0331663Z",5,Advapi,SYSTEM
"Apr 11, 2025 @ 21:22:23.621",4624,"DESKTOP-5JEIKFF",Negotiate,1016,"2025-04-11T16:22:09.6435568Z",5,Advapi,SYSTEM
"Apr 11, 2025 @ 21:22:23.615",4624,"DESKTOP-5JEIKFF",Negotiate,1016,"2025-04-11T16:22:09.5021236Z",5,Advapi,SYSTEM
"Apr 11, 2025 @ 21:22:23.609",4624,"DESKTOP-5JEIKFF",Negotiate,1016,"2025-04-11T16:22:09.1861938Z",5,Advapi,SYSTEM
"Apr 11, 2025 @ 21:22:23.603",4624,"DESKTOP-5JEIKFF",Negotiate,1016,"2025-04-11T16:22:08.6148150Z",5,Advapi,SYSTEM
"Apr 11, 2025 @ 18:51:58.156",4624,"DESKTOP-5JEIKFF",Negotiate,1016,"2025-04-11T13:51:57.5415530Z",5,Advapi,SYSTEM
"Apr 11, 2025 @ 18:49:30.652",4624,"DESKTOP-5JEIKFF",Negotiate,1016,"2025-04-11T13:49:30.0376957Z",5,Advapi,SYSTEM
"Apr 11, 2025 @ 18:32:45.181",4624,"DESKTOP-5JEIKFF",Negotiate,1016,"2025-04-11T13:32:44.5909218Z",5,Advapi,SYSTEM
"Apr 11, 2025 @ 18:32:22.418",4624,"DESKTOP-5JEIKFF",Negotiate,1016,"2025-04-11T13:32:22.0662070Z",5,Advapi,SYSTEM
"Apr 11, 2025 @ 18:32:22.414",4624,"DESKTOP-5JEIKFF",Negotiate,1016,"2025-04-11T13:32:21.8682371Z",5,Advapi,SYSTEM
"Apr 11, 2025 @ 18:32:22.406",4624,"DESKTOP-5JEIKFF",Negotiate,1016,"2025-04-11T13:32:21.8119466Z",5,Advapi,SYSTEM
"Apr 11, 2025 @ 18:31:22.360",4624,"DESKTOP-5JEIKFF",Negotiate,1016,"2025-04-11T13:31:21.7710751Z",5,Advapi,SYSTEM
"Apr 11, 2025 @ 18:31:20.111",4624,"DESKTOP-5JEIKFF",Negotiate,1016,"2025-04-11T13:31:19.5204437Z",5,Advapi,SYSTEM
"Apr 11, 2025 @ 18:29:39.601",4624,"DESKTOP-5JEIKFF",Negotiate,1016,"2025-04-11T13:29:39.0139468Z",5,Advapi,SYSTEM
"Apr 11, 2025 @ 18:21:49.480",4624,"DESKTOP-5JEIKFF",Negotiate,1016,"2025-04-11T13:21:48.8809461Z",5,Advapi,SYSTEM
"Apr 11, 2025 @ 18:20:48.534",4624,"DESKTOP-5JEIKFF",Negotiate,1016,"2025-04-11T13:20:47.9326126Z",5,Advapi,SYSTEM
"Apr 11, 2025 @ 18:20:22.327",4624,"DESKTOP-5JEIKFF",Negotiate,1016,"2025-04-11T13:20:21.7249069Z",5,Advapi,SYSTEM
"Apr 11, 2025 @ 18:16:58.853",4624,"DESKTOP-5JEIKFF",Negotiate,1016,"2025-04-11T13:16:58.2586287Z",5,Advapi,SYSTEM
"Apr 11, 2025 @ 18:16:56.547",4624,"DESKTOP-5JEIKFF",Negotiate,1016,"2025-04-11T13:16:56.4711954Z",5,Advapi,SYSTEM
"Apr 11, 2025 @ 18:16:56.544",4624,"DESKTOP-5JEIKFF",Negotiate,1016,"2025-04-11T13:16:55.9468064Z",5,Advapi,SYSTEM
"Apr 11, 2025 @ 18:12:42.557",4624,"DESKTOP-5JEIKFF",Negotiate,1016,"2025-04-11T13:12:42.8593302Z",5,Advapi,SYSTEM
"Apr 11, 2025 @ 18:11:35.652",4624,"DESKTOP-5JEIKFF",Negotiate,1016,"2025-04-11T13:11:35.7825384Z",5,Advapi,SYSTEM
"Apr 11, 2025 @ 18:11:24.007",4624,"DESKTOP-5JEIKFF",Negotiate,1016,"2025-04-11T13:11:23.4210779Z",5,Advapi,SYSTEM
"Apr 11, 2025 @ 18:05:58.481",4624,"DESKTOP-5JEIKFF",Negotiate,1016,"2025-04-11T13:05:57.9048841Z",5,Advapi,SYSTEM
"Apr 11, 2025 @ 18:05:17.255",4624,"DESKTOP-5JEIKFF",Negotiate,1016,"2025-04-11T13:05:16.6745768Z",5,Advapi,SYSTEM
"Apr 11, 2025 @ 17:50:45.199",4624,"DESKTOP-5JEIKFF",Negotiate,1016,"2025-04-11T12:50:44.6431102Z",5,Advapi,SYSTEM
"Apr 11, 2025 @ 17:49:26.099",4624,"DESKTOP-5JEIKFF",Negotiate,1016,"2025-04-11T12:49:25.5439528Z",5,Advapi,SYSTEM
"Apr 11, 2025 @ 17:46:02.601",4624,"DESKTOP-5JEIKFF",Negotiate,1016,"2025-04-11T12:46:02.0468428Z",5,Advapi,SYSTEM
"Apr 11, 2025 @ 17:42:48.976",4624,"DESKTOP-5JEIKFF",Negotiate,1016,"2025-04-11T12:42:48.4335607Z",5,Advapi,SYSTEM
"Apr 11, 2025 @ 17:42:48.974",4624,"DESKTOP-5JEIKFF",Negotiate,1016,"2025-04-11T12:42:48.4335606Z",5,Advapi,SYSTEM
"Apr 11, 2025 @ 17:42:47.518",4624,"DESKTOP-5JEIKFF",Negotiate,1016,"2025-04-11T12:42:46.9673008Z",5,Advapi,SYSTEM
"Apr 11, 2025 @ 17:42:46.458",4624,"DESKTOP-5JEIKFF",Negotiate,1016,"2025-04-11T12:42:45.9091938Z",5,Advapi,SYSTEM
"Apr 11, 2025 @ 17:42:45.071",4624,"DESKTOP-5JEIKFF",Negotiate,1016,"2025-04-11T12:42:44.9095762Z",5,Advapi,SYSTEM
"Apr 11, 2025 @ 17:42:45.066",4624,"DESKTOP-5JEIKFF",Negotiate,1016,"2025-04-11T12:42:44.9045034Z",5,Advapi,SYSTEM
"Apr 11, 2025 @ 17:42:45.060",4624,"DESKTOP-5JEIKFF",Negotiate,1016,"2025-04-11T12:42:44.9041240Z",5,Advapi,SYSTEM
"Apr 11, 2025 @ 17:42:45.054",4624,"DESKTOP-5JEIKFF",Negotiate,1016,"2025-04-11T12:42:44.9029910Z",5,Advapi,SYSTEM
"Apr 11, 2025 @ 17:42:45.049",4624,"DESKTOP-5JEIKFF",Negotiate,1016,"2025-04-11T12:42:44.9025628Z",5,Advapi,SYSTEM
"Apr 11, 2025 @ 17:42:45.046",4624,"DESKTOP-5JEIKFF",Negotiate,1016,"2025-04-11T12:42:44.9015440Z",5,Advapi,SYSTEM
"Apr 11, 2025 @ 17:42:45.040",4624,"DESKTOP-5JEIKFF",Negotiate,1016,"2025-04-11T12:42:44.4899268Z",5,Advapi,SYSTEM
"Apr 11, 2025 @ 17:42:01.893",4624,"DESKTOP-5JEIKFF",Negotiate,1016,"2025-04-11T12:42:01.3481310Z",5,Advapi,SYSTEM
"Apr 11, 2025 @ 17:41:39.709",4624,"DESKTOP-5JEIKFF",Negotiate,1016,"2025-04-11T12:41:39.1491964Z",5,Advapi,SYSTEM
"Apr 11, 2025 @ 17:41:39.704",4624,"DESKTOP-5JEIKFF",Negotiate,1016,"2025-04-11T12:41:39.1447103Z",5,Advapi,SYSTEM
"Apr 11, 2025 @ 17:41:39.699",4624,"DESKTOP-5JEIKFF",Negotiate,1016,"2025-04-11T12:41:39.1443300Z",5,Advapi,SYSTEM
"Apr 11, 2025 @ 17:41:39.693",4624,"DESKTOP-5JEIKFF",Negotiate,1016,"2025-04-11T12:41:39.1431017Z",5,Advapi,SYSTEM
"Apr 11, 2025 @ 17:41:39.688",4624,"DESKTOP-5JEIKFF",Negotiate,1016,"2025-04-11T12:41:39.1426733Z",5,Advapi,SYSTEM
"Apr 11, 2025 @ 17:41:39.683",4624,"DESKTOP-5JEIKFF",Negotiate,1016,"2025-04-11T12:41:39.1418211Z",5,Advapi,SYSTEM
"Apr 11, 2025 @ 17:41:39.677",4624,"DESKTOP-5JEIKFF",Negotiate,1016,"2025-04-11T12:41:39.1393933Z",5,Advapi,SYSTEM
"Apr 11, 2025 @ 17:41:39.674",4624,"DESKTOP-5JEIKFF",Negotiate,1016,"2025-04-11T12:41:39.1389767Z",5,Advapi,SYSTEM
"Apr 11, 2025 @ 17:41:35.550",4624,"DESKTOP-5JEIKFF",Negotiate,1016,"2025-04-11T12:41:35.0018106Z",5,Advapi,SYSTEM
"Apr 11, 2025 @ 17:39:46.056",4624,"DESKTOP-5JEIKFF",Negotiate,1016,"2025-04-11T12:39:45.7030848Z",5,Advapi,SYSTEM
"Apr 11, 2025 @ 17:39:46.050",4624,"DESKTOP-5JEIKFF",Negotiate,1016,"2025-04-11T12:39:45.6349402Z",5,Advapi,SYSTEM
"Apr 11, 2025 @ 17:39:46.047",4624,"DESKTOP-5JEIKFF",Negotiate,1016,"2025-04-11T12:39:45.5055872Z",5,Advapi,SYSTEM
"Apr 11, 2025 @ 17:31:18.802",4624,"DESKTOP-5JEIKFF",Negotiate,1016,"2025-04-11T12:31:18.2712394Z",5,Advapi,SYSTEM
"Apr 11, 2025 @ 17:29:39.550",4624,"DESKTOP-5JEIKFF",Negotiate,1016,"2025-04-11T12:29:39.0047889Z",5,Advapi,SYSTEM
"Apr 11, 2025 @ 17:20:22.040",4624,"DESKTOP-5JEIKFF",Negotiate,1016,"2025-04-11T12:20:21.4405801Z",5,Advapi,SYSTEM
"Apr 11, 2025 @ 17:14:21.404",4624,"DESKTOP-5JEIKFF",Negotiate,1016,"2025-04-11T12:14:20.8531565Z",5,Advapi,SYSTEM
"Apr 11, 2025 @ 17:11:59.557",4624,"DESKTOP-5JEIKFF",Negotiate,1016,"2025-04-11T12:11:59.0249129Z",5,Advapi,SYSTEM
"Apr 11, 2025 @ 17:11:53.260",4624,"DESKTOP-5JEIKFF",Negotiate,1016,"2025-04-11T12:11:52.7277890Z",5,Advapi,SYSTEM
"Apr 11, 2025 @ 17:11:05.950",4624,"DESKTOP-5JEIKFF",Negotiate,1016,"2025-04-11T12:11:06.1508154Z",5,Advapi,SYSTEM
"Apr 11, 2025 @ 17:11:05.948",4624,"DESKTOP-5JEIKFF",Negotiate,1016,"2025-04-11T12:11:05.4213148Z",5,Advapi,SYSTEM
"Apr 11, 2025 @ 17:10:59.877",4624,"DESKTOP-5JEIKFF",Negotiate,1016,"2025-04-11T12:10:59.3504917Z",5,Advapi,SYSTEM
"Apr 11, 2025 @ 17:06:23.576",4624,"DESKTOP-5JEIKFF",Negotiate,1016,"2025-04-11T12:06:23.0258077Z",5,Advapi,SYSTEM
"Apr 11, 2025 @ 17:05:26.665",4624,"DESKTOP-5JEIKFF",Negotiate,1016,"2025-04-11T12:05:26.1287107Z",5,Advapi,SYSTEM
"Apr 11, 2025 @ 17:01:34.650",4624,"DESKTOP-5JEIKFF",Negotiate,1016,"2025-04-11T12:01:34.1292657Z",5,Advapi,SYSTEM
"Apr 11, 2025 @ 17:00:42.558",4624,"DESKTOP-5JEIKFF",Negotiate,1016,"2025-04-11T11:59:39.0236806Z",5,Advapi,SYSTEM
"Apr 11, 2025 @ 17:00:42.557",4624,"DESKTOP-5JEIKFF",Negotiate,1016,"2025-04-11T11:59:03.0889533Z",5,Advapi,SYSTEM
"Apr 11, 2025 @ 17:00:42.557",4624,"DESKTOP-5JEIKFF",Negotiate,1016,"2025-04-11T11:59:26.2148246Z",5,Advapi,SYSTEM
"Apr 11, 2025 @ 17:00:42.550",4624,"DESKTOP-5JEIKFF",Negotiate,1016,"2025-04-11T11:53:53.5443031Z",5,Advapi,SYSTEM
"Apr 11, 2025 @ 17:00:42.550",4624,"DESKTOP-5JEIKFF",Negotiate,1016,"2025-04-11T11:54:20.5772051Z",5,Advapi,SYSTEM
"Apr 11, 2025 @ 17:00:42.498",4624,"DESKTOP-5JEIKFF",Negotiate,1016,"2025-04-11T11:50:40.9847333Z",5,Advapi,SYSTEM
"Apr 11, 2025 @ 17:00:42.498",4624,"DESKTOP-5JEIKFF",Negotiate,1016,"2025-04-11T11:50:37.1180722Z",5,Advapi,SYSTEM
"Apr 11, 2025 @ 17:00:42.488",4624,"DESKTOP-5JEIKFF",Negotiate,1016,"2025-04-11T11:49:56.2750759Z",5,Advapi,SYSTEM
"Apr 11, 2025 @ 17:00:42.487",4624,"DESKTOP-5JEIKFF",Negotiate,1016,"2025-04-11T11:49:30.5183447Z",5,Advapi,SYSTEM
"Apr 11, 2025 @ 17:00:42.487",4624,"DESKTOP-5JEIKFF",Negotiate,1016,"2025-04-11T11:49:31.2977457Z",5,Advapi,SYSTEM
"Apr 11, 2025 @ 17:00:42.487",4624,"DESKTOP-5JEIKFF",Negotiate,1016,"2025-04-11T11:49:35.1677523Z",2,User32,Project
"Apr 11, 2025 @ 17:00:42.487",4624,"DESKTOP-5JEIKFF",Negotiate,1016,"2025-04-11T11:49:35.1677612Z",2,User32,Project
"Apr 11, 2025 @ 17:00:42.486",4624,"DESKTOP-5JEIKFF",Negotiate,1016,"2025-04-11T11:49:29.8833346Z",5,Advapi,SYSTEM
"Apr 11, 2025 @ 17:00:42.486",4624,"DESKTOP-5JEIKFF",Negotiate,1016,"2025-04-11T11:49:29.2657709Z",5,Advapi,SYSTEM
"Apr 11, 2025 @ 17:00:42.486",4624,"DESKTOP-5JEIKFF",Negotiate,1016,"2025-04-11T11:49:29.8848339Z",5,Advapi,SYSTEM
"Apr 11, 2025 @ 17:00:42.485",4624,"DESKTOP-5JEIKFF",Negotiate,1016,"2025-04-11T06:08:44.6620956Z",5,Advapi,SYSTEM
"Apr 11, 2025 @ 17:00:42.485",4624,"DESKTOP-5JEIKFF",Negotiate,1016,"2025-04-11T06:32:51.5336349Z",5,Advapi,SYSTEM
"Apr 11, 2025 @ 17:00:42.485",4624,"DESKTOP-5JEIKFF",Negotiate,1016,"2025-04-11T06:18:10.9101062Z",5,Advapi,SYSTEM
"Apr 11, 2025 @ 17:00:42.485",4624,"DESKTOP-5JEIKFF",Negotiate,1016,"2025-04-11T11:49:25.5473468Z",5,Advapi,SYSTEM
"Apr 11, 2025 @ 17:00:42.485",4624,"DESKTOP-5JEIKFF",Negotiate,1016,"2025-04-11T06:08:46.1833221Z",5,Advapi,SYSTEM
"Apr 11, 2025 @ 17:00:42.485",4624,"DESKTOP-5JEIKFF",Negotiate,1016,"2025-04-11T06:08:44.6428388Z",5,Advapi,SYSTEM
"Apr 11, 2025 @ 17:00:42.485",4624,"DESKTOP-5JEIKFF",Negotiate,1016,"2025-04-11T11:49:25.5089895Z",5,Advapi,SYSTEM
"Apr 11, 2025 @ 17:00:42.485",4624,"DESKTOP-5JEIKFF",Negotiate,1016,"2025-04-11T11:49:25.5471206Z",5,Advapi,SYSTEM
"Apr 11, 2025 @ 17:00:42.484",4624,"DESKTOP-5JEIKFF",Negotiate,1016,"2025-04-11T06:07:49.1266042Z",5,Advapi,SYSTEM
"Apr 11, 2025 @ 17:00:42.484",4624,"DESKTOP-5JEIKFF",Negotiate,1016,"2025-04-11T06:07:56.0283674Z",5,Advapi,SYSTEM
"Apr 11, 2025 @ 17:00:42.483",4624,"DESKTOP-5JEIKFF",Negotiate,1016,"2025-04-11T05:57:23.0850050Z",5,Advapi,SYSTEM
"Apr 11, 2025 @ 17:00:42.483",4624,"DESKTOP-5JEIKFF",Negotiate,1016,"2025-04-11T06:07:49.0931237Z",5,Advapi,SYSTEM
"Apr 11, 2025 @ 17:00:42.483",4624,"DESKTOP-5JEIKFF",Negotiate,1016,"2025-04-11T05:57:58.2856720Z",5,Advapi,SYSTEM
"Apr 11, 2025 @ 17:00:42.482",4624,"DESKTOP-5JEIKFF",Negotiate,1016,"2025-04-11T05:55:47.6436602Z",5,Advapi,SYSTEM
"Apr 11, 2025 @ 17:00:42.482",4624,"DESKTOP-5JEIKFF",Negotiate,1016,"2025-04-11T05:55:50.3032962Z",5,Advapi,SYSTEM
"Apr 11, 2025 @ 17:00:42.482",4624,"DESKTOP-5JEIKFF",Negotiate,1016,"2025-04-11T05:55:47.6452685Z",5,Advapi,SYSTEM
"Apr 11, 2025 @ 17:00:42.482",4624,"DESKTOP-5JEIKFF",Negotiate,1016,"2025-04-11T05:50:22.4358097Z",5,Advapi,SYSTEM
"Apr 11, 2025 @ 17:00:42.482",4624,"DESKTOP-5JEIKFF",Negotiate,1016,"2025-04-11T05:52:20.6388891Z",5,Advapi,SYSTEM
"Apr 11, 2025 @ 17:00:42.482",4624,"DESKTOP-5JEIKFF",Negotiate,1016,"2025-04-11T05:55:53.6620804Z",5,Advapi,SYSTEM
"Apr 11, 2025 @ 17:00:42.481",4624,"DESKTOP-5JEIKFF",Negotiate,1016,"2025-04-11T05:44:56.9484530Z",5,Advapi,SYSTEM
"Apr 11, 2025 @ 17:00:42.481",4624,"DESKTOP-5JEIKFF",Negotiate,1016,"2025-04-11T05:44:30.5336257Z",5,Advapi,SYSTEM
"Apr 11, 2025 @ 17:00:42.476",4624,"DESKTOP-5JEIKFF",Negotiate,1016,"2025-04-11T05:44:00.1849152Z",5,Advapi,SYSTEM
"Apr 11, 2025 @ 17:00:42.473",4624,"DESKTOP-5JEIKFF",Negotiate,1016,"2025-04-11T05:43:59.6623847Z",5,Advapi,SYSTEM
"Apr 11, 2025 @ 17:00:42.468",4624,"DESKTOP-5JEIKFF",Negotiate,1016,"2025-04-11T05:43:56.1463126Z",5,Advapi,SYSTEM
"Apr 11, 2025 @ 17:00:42.468",4624,"DESKTOP-5JEIKFF",Negotiate,1016,"2025-04-11T05:43:57.0756850Z",5,Advapi,SYSTEM
"Apr 11, 2025 @ 17:00:42.467",4624,"DESKTOP-5JEIKFF",Negotiate,1016,"2025-04-11T05:43:55.1007151Z",5,Advapi,SYSTEM
"Apr 11, 2025 @ 17:00:42.467",4624,"DESKTOP-5JEIKFF",Negotiate,1016,"2025-04-11T05:43:55.0727104Z",5,Advapi,SYSTEM
"Apr 11, 2025 @ 17:00:42.466",4624,"DESKTOP-5JEIKFF",Negotiate,1016,"2025-04-11T05:43:55.0674943Z",5,Advapi,SYSTEM
"Apr 11, 2025 @ 17:00:42.466",4624,"DESKTOP-5JEIKFF",Negotiate,1016,"2025-04-11T05:40:37.5870995Z",5,Advapi,SYSTEM
"Apr 11, 2025 @ 17:00:42.466",4624,"DESKTOP-5JEIKFF",Negotiate,1016,"2025-04-11T05:43:55.0685591Z",5,Advapi,SYSTEM
"Apr 11, 2025 @ 17:00:42.462",4624,"DESKTOP-5JEIKFF",Negotiate,1016,"2025-04-11T05:39:57.7769980Z",5,Advapi,SYSTEM
"Apr 11, 2025 @ 17:00:42.461",4624,"DESKTOP-5JEIKFF",Negotiate,1016,"2025-04-11T05:33:19.9280632Z",5,Advapi,SYSTEM
"Apr 11, 2025 @ 17:00:42.461",4624,"DESKTOP-5JEIKFF",Negotiate,1016,"2025-04-11T05:30:47.6172412Z",5,Advapi,SYSTEM
"Apr 11, 2025 @ 17:00:42.461",4624,"DESKTOP-5JEIKFF",Negotiate,1016,"2025-04-11T05:34:44.1164903Z",5,Advapi,SYSTEM
"Apr 11, 2025 @ 17:00:42.461",4624,"DESKTOP-5JEIKFF",Negotiate,1016,"2025-04-11T05:33:40.4694981Z",5,Advapi,SYSTEM
"Apr 11, 2025 @ 17:00:42.460",4624,"DESKTOP-5JEIKFF",Negotiate,1016,"2025-04-11T05:23:00.7793082Z",5,Advapi,SYSTEM
"Apr 11, 2025 @ 17:00:42.460",4624,"DESKTOP-5JEIKFF",Negotiate,1016,"2025-04-11T05:25:47.7415737Z",5,Advapi,SYSTEM
"Apr 11, 2025 @ 17:00:42.460",4624,"DESKTOP-5JEIKFF",Negotiate,1016,"2025-04-11T05:30:44.4777795Z",5,Advapi,SYSTEM
"Apr 11, 2025 @ 17:00:42.460",4624,"DESKTOP-5JEIKFF",Negotiate,1016,"2025-04-11T05:30:37.6326600Z",5,Advapi,SYSTEM
"Apr 11, 2025 @ 17:00:42.459",4624,"DESKTOP-5JEIKFF",Negotiate,1016,"2025-04-11T05:22:56.9577944Z",5,Advapi,SYSTEM
"Apr 11, 2025 @ 17:00:42.459",4624,"DESKTOP-5JEIKFF",Negotiate,1016,"2025-04-11T05:22:57.0320894Z",5,Advapi,SYSTEM
"Apr 11, 2025 @ 17:00:42.458",4624,"DESKTOP-5JEIKFF",Negotiate,1016,"2025-04-11T05:20:02.1678803Z",5,Advapi,SYSTEM
"Apr 11, 2025 @ 17:00:42.458",4624,"DESKTOP-5JEIKFF",Negotiate,1016,"2025-04-11T05:20:22.7210280Z",5,Advapi,SYSTEM
"Apr 11, 2025 @ 17:00:42.458",4624,"DESKTOP-5JEIKFF",Negotiate,1016,"2025-04-11T05:20:05.7309974Z",2,User32,Project
"Apr 11, 2025 @ 17:00:42.457",4624,"DESKTOP-5JEIKFF",Negotiate,1016,"2025-04-11T05:20:01.5097948Z",5,Advapi,SYSTEM
"Apr 11, 2025 @ 17:00:42.457",4624,"DESKTOP-5JEIKFF",Negotiate,1016,"2025-04-11T05:20:05.7309900Z",2,User32,Project
"Apr 11, 2025 @ 17:00:42.457",4624,"DESKTOP-5JEIKFF",Negotiate,1016,"2025-04-11T05:20:00.3135386Z",5,Advapi,SYSTEM
"Apr 11, 2025 @ 17:00:42.457",4624,"DESKTOP-5JEIKFF",Negotiate,1016,"2025-04-11T05:20:01.8794960Z",5,Advapi,SYSTEM
"Apr 11, 2025 @ 17:00:42.456",4624,"DESKTOP-5JEIKFF",Negotiate,1016,"2025-04-10T16:32:51.5313417Z",5,Advapi,SYSTEM
"Apr 11, 2025 @ 17:00:42.456",4624,"DESKTOP-5JEIKFF",Negotiate,1016,"2025-04-11T05:19:57.0840169Z",5,Advapi,SYSTEM
"Apr 11, 2025 @ 17:00:42.455",4624,"DESKTOP-5JEIKFF",Negotiate,1016,"2025-04-10T16:05:58.5626630Z",5,Advapi,SYSTEM
"Apr 11, 2025 @ 17:00:42.455",4624,"DESKTOP-5JEIKFF",Negotiate,1016,"2025-04-10T16:05:58.2669050Z",5,Advapi,SYSTEM
"Apr 11, 2025 @ 17:00:42.455",4624,"DESKTOP-5JEIKFF",Negotiate,1016,"2025-04-10T16:06:54.1027391Z",5,Advapi,SYSTEM
"Apr 11, 2025 @ 17:00:42.455",4624,"DESKTOP-5JEIKFF",Negotiate,1016,"2025-04-10T16:23:34.3492808Z",5,Advapi,SYSTEM
"Apr 11, 2025 @ 17:00:42.455",4624,"DESKTOP-5JEIKFF",Negotiate,1016,"2025-04-10T16:19:41.0345297Z",5,Advapi,SYSTEM
"Apr 11, 2025 @ 17:00:42.454",4624,"DESKTOP-5JEIKFF",Negotiate,1016,"2025-04-10T16:00:48.8704339Z",5,Advapi,SYSTEM
"Apr 11, 2025 @ 17:00:42.454",4624,"DESKTOP-5JEIKFF",Negotiate,1016,"2025-04-10T16:04:07.8870588Z",5,Advapi,SYSTEM
"Apr 11, 2025 @ 17:00:42.454",4624,"DESKTOP-5JEIKFF",Negotiate,1016,"2025-04-10T16:04:37.1908430Z",5,Advapi,SYSTEM
"Apr 11, 2025 @ 17:00:42.454",4624,"DESKTOP-5JEIKFF",Negotiate,1016,"2025-04-10T15:52:48.8560099Z",5,Advapi,SYSTEM
"Apr 11, 2025 @ 17:00:42.453",4624,"DESKTOP-5JEIKFF",Negotiate,1016,"2025-04-10T15:50:31.8082061Z",5,Advapi,SYSTEM
"Apr 11, 2025 @ 17:00:42.453",4624,"DESKTOP-5JEIKFF",Negotiate,1016,"2025-04-10T15:50:34.5977611Z",5,Advapi,SYSTEM
"Apr 11, 2025 @ 17:00:42.453",4624,"DESKTOP-5JEIKFF",Negotiate,1016,"2025-04-10T15:51:47.2574118Z",5,Advapi,SYSTEM
"Apr 11, 2025 @ 17:00:42.453",4624,"DESKTOP-5JEIKFF",Negotiate,1016,"2025-04-10T15:50:32.5114284Z",5,Advapi,SYSTEM
"Apr 11, 2025 @ 17:00:42.452",4624,"DESKTOP-5JEIKFF",Negotiate,1016,"2025-04-10T15:50:28.0065472Z",5,Advapi,SYSTEM
"Apr 11, 2025 @ 17:00:42.452",4624,"DESKTOP-5JEIKFF",Negotiate,1016,"2025-04-10T15:32:51.5330941Z",5,Advapi,SYSTEM
"Apr 11, 2025 @ 17:00:42.452",4624,"DESKTOP-5JEIKFF",Negotiate,1016,"2025-04-10T15:50:28.0064269Z",5,Advapi,SYSTEM
"Apr 11, 2025 @ 17:00:42.451",4624,"DESKTOP-5JEIKFF",Negotiate,1016,"2025-04-10T15:18:16.1086489Z",5,Advapi,SYSTEM
"Apr 11, 2025 @ 17:00:42.451",4624,"DESKTOP-5JEIKFF",Negotiate,1016,"2025-04-10T15:18:16.1029254Z",5,Advapi,SYSTEM
"Apr 11, 2025 @ 17:00:42.451",4624,"DESKTOP-5JEIKFF",Negotiate,1016,"2025-04-10T15:17:14.1732089Z",5,Advapi,SYSTEM
"Apr 11, 2025 @ 17:00:42.450",4624,"DESKTOP-5JEIKFF",Negotiate,1016,"2025-04-10T15:13:57.2093985Z",5,Advapi,SYSTEM
"Apr 11, 2025 @ 17:00:42.450",4624,"DESKTOP-5JEIKFF",Negotiate,1016,"2025-04-10T15:13:57.1956771Z",5,Advapi,SYSTEM
"Apr 11, 2025 @ 17:00:42.450",4624,"DESKTOP-5JEIKFF",Negotiate,1016,"2025-04-10T15:16:00.7980192Z",5,Advapi,SYSTEM
"Apr 11, 2025 @ 17:00:42.450",4624,"DESKTOP-5JEIKFF",Negotiate,1016,"2025-04-10T15:16:00.8068498Z",5,Advapi,SYSTEM
"Apr 11, 2025 @ 17:00:42.449",4624,"DESKTOP-5JEIKFF",Negotiate,1016,"2025-04-10T15:10:47.1901222Z",5,Advapi,SYSTEM
"Apr 11, 2025 @ 17:00:42.449",4624,"DESKTOP-5JEIKFF",Negotiate,1016,"2025-04-10T15:10:47.2154175Z",5,Advapi,SYSTEM
"Apr 11, 2025 @ 17:00:42.449",4625,"DESKTOP-5JEIKFF",Negotiate,1016,"2025-04-10T15:11:56.7102760Z",2,User32,Project
"Apr 11, 2025 @ 17:00:42.449",4625,"DESKTOP-5JEIKFF",Negotiate,1016,"2025-04-10T15:11:50.3940006Z",2,User32,Project
"Apr 11, 2025 @ 17:00:42.449",4624,"DESKTOP-5JEIKFF",Negotiate,1016,"2025-04-10T15:11:42.7553934Z",5,Advapi,SYSTEM
"Apr 11, 2025 @ 17:00:42.449",4624,"DESKTOP-5JEIKFF",Negotiate,1016,"2025-04-10T15:11:42.7385662Z",5,Advapi,SYSTEM
"Apr 11, 2025 @ 17:00:42.449",4625,"DESKTOP-5JEIKFF",Negotiate,1016,"2025-04-10T15:11:58.8122530Z",2,User32,Project
"Apr 11, 2025 @ 17:00:42.448",4624,"DESKTOP-5JEIKFF",Negotiate,1016,"2025-04-10T15:09:32.5206883Z",5,Advapi,SYSTEM
"Apr 11, 2025 @ 17:00:42.447",4624,"DESKTOP-5JEIKFF",Negotiate,1016,"2025-04-10T15:04:41.1940152Z",5,Advapi,SYSTEM
"Apr 11, 2025 @ 17:00:42.447",4624,"DESKTOP-5JEIKFF",Negotiate,1016,"2025-04-10T15:09:32.4317765Z",5,Advapi,SYSTEM
"Apr 11, 2025 @ 17:00:42.447",4624,"DESKTOP-5JEIKFF",Negotiate,1016,"2025-04-10T15:09:11.2047851Z",5,Advapi,SYSTEM
"Apr 11, 2025 @ 17:00:42.443",4624,"DESKTOP-5JEIKFF",Negotiate,1016,"2025-04-10T15:02:22.1487101Z",5,Advapi,SYSTEM
"Apr 11, 2025 @ 17:00:42.443",4625,"DESKTOP-5JEIKFF",Negotiate,1016,"2025-04-10T15:02:27.0828050Z",2,User32,Project
"Apr 11, 2025 @ 17:00:42.443",4624,"DESKTOP-5JEIKFF",Negotiate,1016,"2025-04-10T15:03:45.5344841Z",5,Advapi,SYSTEM
"Apr 11, 2025 @ 17:00:42.442",4624,"DESKTOP-5JEIKFF",Negotiate,1016,"2025-04-10T15:01:43.9215107Z",5,Advapi,SYSTEM
"Apr 11, 2025 @ 17:00:42.442",4624,"DESKTOP-5JEIKFF",Negotiate,1016,"2025-04-10T14:58:48.5082811Z",5,Advapi,SYSTEM
"Apr 11, 2025 @ 17:00:42.442",4624,"DESKTOP-5JEIKFF",Negotiate,1016,"2025-04-10T14:58:50.9538328Z",5,Advapi,SYSTEM
"Apr 11, 2025 @ 17:00:42.441",4624,"DESKTOP-5JEIKFF",Negotiate,1016,"2025-04-10T14:58:47.4352336Z",5,Advapi,SYSTEM
"Apr 11, 2025 @ 17:00:42.441",4624,"DESKTOP-5JEIKFF",Negotiate,1016,"2025-04-10T14:58:43.5472127Z",5,Advapi,SYSTEM
"Apr 11, 2025 @ 17:00:42.441",4624,"DESKTOP-5JEIKFF",Negotiate,1016,"2025-04-10T14:58:47.4199481Z",5,Advapi,SYSTEM
"Apr 11, 2025 @ 17:00:42.441",4624,"DESKTOP-5JEIKFF",Negotiate,1016,"2025-04-10T12:32:18.0910481Z",5,Advapi,SYSTEM
"Apr 11, 2025 @ 17:00:42.440",4624,"DESKTOP-5JEIKFF",Negotiate,1016,"2025-04-10T12:24:45.1811421Z",5,Advapi,SYSTEM
"Apr 11, 2025 @ 17:00:42.440",4624,"DESKTOP-5JEIKFF",Negotiate,1016,"2025-04-10T12:21:15.3641226Z",5,Advapi,SYSTEM
"Apr 11, 2025 @ 17:00:42.440",4624,"DESKTOP-5JEIKFF",Negotiate,1016,"2025-04-10T12:21:17.4473859Z",5,Advapi,SYSTEM
"Apr 11, 2025 @ 17:00:42.440",4624,"DESKTOP-5JEIKFF",Negotiate,1016,"2025-04-10T12:14:20.3385683Z",5,Advapi,SYSTEM
"Apr 11, 2025 @ 17:00:42.438",4624,"DESKTOP-5JEIKFF",Negotiate,1016,"2025-04-10T12:10:20.3950415Z",5,Advapi,SYSTEM
"Apr 11, 2025 @ 17:00:42.438",4624,"DESKTOP-5JEIKFF",Negotiate,1016,"2025-04-10T12:14:02.2678149Z",5,Advapi,SYSTEM
"Apr 11, 2025 @ 17:00:42.430",4624,"DESKTOP-5JEIKFF",Negotiate,1016,"2025-04-10T12:04:09.6690503Z",5,Advapi,SYSTEM
"Apr 11, 2025 @ 17:00:42.430",4624,"DESKTOP-5JEIKFF",Negotiate,1016,"2025-04-10T12:05:25.2072956Z",5,Advapi,SYSTEM
"Apr 11, 2025 @ 17:00:42.430",4624,"DESKTOP-5JEIKFF",Negotiate,1016,"2025-04-10T12:04:06.5034950Z",5,Advapi,SYSTEM
"Apr 11, 2025 @ 17:00:42.430",4624,"DESKTOP-5JEIKFF",Negotiate,1016,"2025-04-10T12:05:24.4509697Z",5,Advapi,SYSTEM
"Apr 11, 2025 @ 17:00:42.428",4624,"DESKTOP-5JEIKFF",Negotiate,1016,"2025-04-10T08:06:30.7042149Z",5,Advapi,SYSTEM
"Apr 11, 2025 @ 17:00:42.428",4624,"DESKTOP-5JEIKFF",Negotiate,1016,"2025-04-10T12:04:05.7376477Z",5,Advapi,SYSTEM
"Apr 11, 2025 @ 17:00:42.428",4624,"DESKTOP-5JEIKFF",Negotiate,1016,"2025-04-10T12:04:05.7263939Z",5,Advapi,SYSTEM
"Apr 11, 2025 @ 17:00:42.428",4624,"DESKTOP-5JEIKFF",Negotiate,1016,"2025-04-10T08:14:43.3111924Z",5,Advapi,SYSTEM
"Apr 11, 2025 @ 17:00:42.428",4624,"DESKTOP-5JEIKFF",Negotiate,1016,"2025-04-10T08:32:51.5585167Z",5,Advapi,SYSTEM
"Apr 11, 2025 @ 17:00:42.428",4624,"DESKTOP-5JEIKFF",Negotiate,1016,"2025-04-10T12:04:05.6932522Z",5,Advapi,SYSTEM
"Apr 11, 2025 @ 17:00:42.427",4624,"DESKTOP-5JEIKFF",Negotiate,1016,"2025-04-10T08:05:38.1756404Z",5,Advapi,SYSTEM
"Apr 11, 2025 @ 17:00:42.427",4624,"DESKTOP-5JEIKFF",Negotiate,1016,"2025-04-10T08:06:30.3668802Z",5,Advapi,SYSTEM
"Apr 11, 2025 @ 17:00:42.427",4624,"DESKTOP-5JEIKFF",Negotiate,1016,"2025-04-10T08:06:30.4216429Z",5,Advapi,SYSTEM
"Apr 11, 2025 @ 17:00:42.424",4624,"DESKTOP-5JEIKFF",Negotiate,1016,"2025-04-10T08:05:34.7984199Z",5,Advapi,SYSTEM
"Apr 11, 2025 @ 17:00:42.423",4624,"DESKTOP-5JEIKFF",Negotiate,1016,"2025-04-10T08:05:33.9105926Z",5,Advapi,SYSTEM
"Apr 11, 2025 @ 17:00:42.423",4624,"DESKTOP-5JEIKFF",Negotiate,1016,"2025-04-10T08:05:34.7936537Z",5,Advapi,SYSTEM
"Apr 11, 2025 @ 17:00:42.419",4624,"DESKTOP-5JEIKFF",Negotiate,1016,"2025-04-10T08:00:10.1481587Z",2,User32,Project
"Apr 11, 2025 @ 17:00:42.419",4624,"DESKTOP-5JEIKFF",Negotiate,1016,"2025-04-10T08:00:10.1481661Z",2,User32,Project
"Apr 11, 2025 @ 17:00:42.413",4624,"DESKTOP-5JEIKFF",Negotiate,1016,"2025-04-10T08:00:04.9026373Z",5,Advapi,SYSTEM
"Apr 11, 2025 @ 17:00:42.413",4624,"DESKTOP-5JEIKFF",Negotiate,1016,"2025-04-10T07:54:15.2429282Z",5,Advapi,SYSTEM
"Apr 11, 2025 @ 17:00:42.413",4624,"DESKTOP-5JEIKFF",Negotiate,1016,"2025-04-10T07:53:51.9264084Z",5,Advapi,SYSTEM
"Apr 11, 2025 @ 17:00:42.411",4624,"DESKTOP-5JEIKFF",Negotiate,1016,"2025-04-10T07:53:51.6245033Z",5,Advapi,SYSTEM
"Apr 11, 2025 @ 17:00:42.410",4624,"DESKTOP-5JEIKFF",Negotiate,1016,"2025-04-10T07:53:46.2234261Z",5,Advapi,SYSTEM
"Apr 11, 2025 @ 17:00:42.410",4624,"DESKTOP-5JEIKFF",Negotiate,1016,"2025-04-10T07:53:48.9296208Z",5,Advapi,SYSTEM
"Apr 11, 2025 @ 17:00:42.409",4624,"DESKTOP-5JEIKFF",Negotiate,1016,"2025-04-10T07:53:13.9161082Z",5,Advapi,SYSTEM
"Apr 11, 2025 @ 17:00:42.409",4624,"DESKTOP-5JEIKFF",Negotiate,1016,"2025-04-10T07:53:43.8672983Z",5,Advapi,SYSTEM
"Apr 11, 2025 @ 17:00:42.408",4624,"DESKTOP-5JEIKFF",Negotiate,1016,"2025-04-10T07:50:33.9644963Z",5,Advapi,SYSTEM
"Apr 11, 2025 @ 17:00:42.403",4624,"DESKTOP-5JEIKFF",Negotiate,1016,"2025-04-10T07:50:32.1224243Z",5,Advapi,SYSTEM
"Apr 11, 2025 @ 17:00:42.402",4624,"DESKTOP-5JEIKFF",Negotiate,1016,"2025-04-10T07:50:31.9904245Z",5,Advapi,SYSTEM
"Apr 11, 2025 @ 17:00:42.400",4624,"DESKTOP-5JEIKFF",Negotiate,1016,"2025-04-10T07:50:31.5727858Z",5,Advapi,SYSTEM
"Apr 11, 2025 @ 17:00:42.399",4624,"DESKTOP-5JEIKFF",Negotiate,1016,"2025-04-10T07:46:44.9319463Z",5,Advapi,SYSTEM
"Apr 11, 2025 @ 17:00:42.399",4624,"DESKTOP-5JEIKFF",Negotiate,1016,"2025-04-10T07:42:06.4702764Z",5,Advapi,SYSTEM
"Apr 11, 2025 @ 17:00:42.399",4624,"DESKTOP-5JEIKFF",Negotiate,1016,"2025-04-10T07:47:37.1247752Z",5,Advapi,SYSTEM
"Apr 11, 2025 @ 17:00:42.399",4624,"DESKTOP-5JEIKFF",Negotiate,1016,"2025-04-10T07:50:31.5440442Z",5,Advapi,SYSTEM
"Apr 11, 2025 @ 17:00:42.392",4624,"DESKTOP-5JEIKFF",Negotiate,1016,"2025-04-10T07:40:35.2169306Z",5,Advapi,SYSTEM
"Apr 11, 2025 @ 17:00:42.392",4624,"DESKTOP-5JEIKFF",Negotiate,1016,"2025-04-10T07:40:48.8489149Z",5,Advapi,SYSTEM
"Apr 11, 2025 @ 17:00:42.376",4624,"DESKTOP-5JEIKFF",Negotiate,1016,"2025-04-10T07:39:12.7344909Z",5,Advapi,SYSTEM
"Apr 11, 2025 @ 17:00:42.376",4624,"DESKTOP-5JEIKFF",Negotiate,1016,"2025-04-10T07:39:14.3521031Z",5,Advapi,SYSTEM
"Apr 11, 2025 @ 17:00:42.370",4624,"DESKTOP-5JEIKFF",Negotiate,1016,"2025-04-10T07:38:00.3435360Z",5,Advapi,SYSTEM
"Apr 11, 2025 @ 17:00:42.357",4624,"DESKTOP-5JEIKFF",Negotiate,1016,"2025-04-10T07:37:36.7297975Z",5,Advapi,SYSTEM
"Apr 11, 2025 @ 17:00:42.322",4624,"DESKTOP-5JEIKFF",Negotiate,1016,"2025-04-10T07:37:12.9896582Z",5,Advapi,SYSTEM
"Apr 11, 2025 @ 17:00:42.315",4624,"DESKTOP-5JEIKFF",Negotiate,1016,"2025-04-10T07:36:11.6981502Z",5,Advapi,SYSTEM
"Apr 11, 2025 @ 17:00:42.304",4624,"DESKTOP-5JEIKFF",Negotiate,1016,"2025-04-10T07:35:58.6816306Z",5,Advapi,SYSTEM
"Apr 11, 2025 @ 17:00:42.303",4624,"DESKTOP-5JEIKFF",Negotiate,1016,"2025-04-10T07:35:55.5304517Z",5,Advapi,SYSTEM
"Apr 11, 2025 @ 17:00:42.299",4624,"DESKTOP-5JEIKFF",Negotiate,1016,"2025-04-10T07:35:31.2581562Z",5,Advapi,SYSTEM
"Apr 11, 2025 @ 17:00:42.296",4624,"DESKTOP-5JEIKFF",Negotiate,1016,"2025-04-10T05:14:23.2630855Z",2,Advapi,"DWM-2"
"Apr 11, 2025 @ 17:00:42.296",4624,"DESKTOP-5JEIKFF",Negotiate,1016,"2025-04-10T07:35:07.6379659Z",2,User32,Project
"Apr 11, 2025 @ 17:00:42.296",4624,"DESKTOP-5JEIKFF",Negotiate,1016,"2025-04-10T05:14:23.3344772Z",5,Advapi,SYSTEM
"Apr 11, 2025 @ 17:00:42.296",4624,"DESKTOP-5JEIKFF",Negotiate,1016,"2025-04-10T07:35:07.6379750Z",2,User32,Project
"Apr 11, 2025 @ 17:00:42.295",4624,"DESKTOP-5JEIKFF",Negotiate,1016,"2025-04-10T05:14:23.2630765Z",2,Advapi,"DWM-2"
"Apr 11, 2025 @ 17:00:42.295",4624,"DESKTOP-5JEIKFF",Negotiate,1016,"2025-04-10T05:14:23.2402348Z",2,Advapi,"UMFD-2"
"Apr 11, 2025 @ 17:00:42.294",4624,"DESKTOP-5JEIKFF",Negotiate,1016,"2025-04-10T05:13:07.1800958Z",5,Advapi,SYSTEM
"Apr 11, 2025 @ 17:00:42.294",4624,"DESKTOP-5JEIKFF",Negotiate,1016,"2025-04-10T05:11:18.4187246Z",5,Advapi,SYSTEM
"Apr 11, 2025 @ 17:00:42.294",4624,"DESKTOP-5JEIKFF",Negotiate,1016,"2025-04-10T05:13:07.0559811Z",5,Advapi,SYSTEM
"Apr 11, 2025 @ 17:00:42.293",4624,"DESKTOP-5JEIKFF",Negotiate,1016,"2025-04-10T05:10:13.8393366Z",5,Advapi,SYSTEM
"Apr 11, 2025 @ 17:00:42.293",4624,"DESKTOP-5JEIKFF",Negotiate,1016,"2025-04-10T05:10:14.1368262Z",5,Advapi,SYSTEM
"Apr 11, 2025 @ 17:00:42.293",4624,"DESKTOP-5JEIKFF",Negotiate,1016,"2025-04-10T05:10:11.5033701Z",5,Advapi,SYSTEM
"Apr 11, 2025 @ 17:00:42.293",4624,"DESKTOP-5JEIKFF",Negotiate,1016,"2025-04-10T05:10:32.3571264Z",5,Advapi,SYSTEM
"Apr 11, 2025 @ 17:00:42.293",4624,"DESKTOP-5JEIKFF",Negotiate,1016,"2025-04-10T05:10:33.7974574Z",5,Advapi,SYSTEM
"Apr 11, 2025 @ 17:00:42.291",4624,"DESKTOP-5JEIKFF",Negotiate,1016,"2025-04-09T18:42:04.5184517Z",5,Advapi,SYSTEM
"Apr 11, 2025 @ 17:00:42.290",4624,"DESKTOP-5JEIKFF",Negotiate,1016,"2025-04-09T18:42:03.5652161Z",5,Advapi,SYSTEM
"Apr 11, 2025 @ 17:00:42.290",4624,"DESKTOP-5JEIKFF",Negotiate,1016,"2025-04-09T18:42:03.9927792Z",5,Advapi,SYSTEM
"Apr 11, 2025 @ 17:00:42.289",4624,"DESKTOP-5JEIKFF",Negotiate,1016,"2025-04-09T18:37:22.8791895Z",5,Advapi,SYSTEM
"Apr 11, 2025 @ 17:00:42.289",4624,"DESKTOP-5JEIKFF",Negotiate,1016,"2025-04-09T18:42:03.5218094Z",5,Advapi,SYSTEM
"Apr 11, 2025 @ 17:00:42.288",4624,"DESKTOP-5JEIKFF",Negotiate,1016,"2025-04-09T18:32:16.8573389Z",5,Advapi,SYSTEM
"Apr 11, 2025 @ 17:00:42.288",4624,"DESKTOP-5JEIKFF",Negotiate,1016,"2025-04-09T18:35:10.6686986Z",5,Advapi,SYSTEM
"Apr 11, 2025 @ 17:00:42.288",4624,"DESKTOP-5JEIKFF",Negotiate,1016,"2025-04-09T18:32:08.6133999Z",5,Advapi,SYSTEM
"Apr 11, 2025 @ 17:00:42.288",4624,"DESKTOP-5JEIKFF",Negotiate,1016,"2025-04-09T18:36:19.3343630Z",5,Advapi,SYSTEM
"Apr 11, 2025 @ 17:00:42.287",4624,"DESKTOP-5JEIKFF",Negotiate,1016,"2025-04-09T18:32:02.2962106Z",5,Advapi,SYSTEM
"Apr 11, 2025 @ 17:00:42.287",4624,"DESKTOP-5JEIKFF",Negotiate,1016,"2025-04-09T18:32:02.9145487Z",5,Advapi,SYSTEM
"Apr 11, 2025 @ 17:00:42.287",4624,"DESKTOP-5JEIKFF",Negotiate,1016,"2025-04-09T18:32:02.6135473Z",5,Advapi,SYSTEM
"Apr 11, 2025 @ 17:00:42.287",4624,"DESKTOP-5JEIKFF",Negotiate,1016,"2025-04-09T18:32:06.9291692Z",5,Advapi,SYSTEM
"Apr 11, 2025 @ 17:00:42.286",4624,"DESKTOP-5JEIKFF",Negotiate,1016,"2025-04-09T18:26:15.8446987Z",5,Advapi,SYSTEM
"Apr 11, 2025 @ 17:00:42.286",4624,"DESKTOP-5JEIKFF",Negotiate,1016,"2025-04-09T18:32:02.2722117Z",5,Advapi,SYSTEM
"Apr 11, 2025 @ 17:00:42.285",4624,"DESKTOP-5JEIKFF",Negotiate,1016,"2025-04-09T18:24:28.6641263Z",5,Advapi,SYSTEM
"Apr 11, 2025 @ 17:00:42.285",4624,"DESKTOP-5JEIKFF",Negotiate,1016,"2025-04-09T18:24:25.3651992Z",5,Advapi,SYSTEM
"Apr 11, 2025 @ 17:00:42.285",4624,"DESKTOP-5JEIKFF",Negotiate,1016,"2025-04-09T18:24:40.3686916Z",5,Advapi,SYSTEM
"Apr 11, 2025 @ 17:00:42.285",4624,"DESKTOP-5JEIKFF",Negotiate,1016,"2025-04-09T18:26:01.9381297Z",5,Advapi,SYSTEM
"Apr 11, 2025 @ 17:00:42.284",4624,"DESKTOP-5JEIKFF",Negotiate,1016,"2025-04-09T18:24:24.0216859Z",5,Advapi,SYSTEM
"Apr 11, 2025 @ 17:00:42.284",4624,"DESKTOP-5JEIKFF",Negotiate,1016,"2025-04-09T18:24:17.0795588Z",5,Advapi,SYSTEM
"Apr 11, 2025 @ 17:00:42.284",4624,"DESKTOP-5JEIKFF",Negotiate,1016,"2025-04-09T18:22:13.0087013Z",5,Advapi,SYSTEM
"Apr 11, 2025 @ 17:00:42.284",4624,"DESKTOP-5JEIKFF",Negotiate,1016,"2025-04-09T18:21:56.1383635Z",5,Advapi,SYSTEM
"Apr 11, 2025 @ 17:00:42.284",4624,"DESKTOP-5JEIKFF",Negotiate,1016,"2025-04-09T18:24:16.7765135Z",5,Advapi,SYSTEM
"Apr 11, 2025 @ 17:00:42.284",4624,"DESKTOP-5JEIKFF",Negotiate,1016,"2025-04-09T18:23:21.5807443Z",5,Advapi,SYSTEM
"Apr 11, 2025 @ 17:00:42.283",4624,"DESKTOP-5JEIKFF",Negotiate,1016,"2025-04-09T18:21:51.4047070Z",5,Advapi,SYSTEM
"Apr 11, 2025 @ 17:00:42.281",4624,"DESKTOP-5JEIKFF",Negotiate,1016,"2025-04-09T18:21:30.5498880Z",5,Advapi,SYSTEM
"Apr 9, 2025 @ 23:17:59.842",4624,"DESKTOP-5JEIKFF",Negotiate,1000,"2025-04-09T18:17:59.7052205Z",5,Advapi,SYSTEM
"Apr 9, 2025 @ 23:17:57.155",4624,"DESKTOP-5JEIKFF",Negotiate,1000,"2025-04-09T18:17:57.0181152Z",5,Advapi,SYSTEM
"Apr 9, 2025 @ 23:14:40.961",4624,"DESKTOP-5JEIKFF",Negotiate,1000,"2025-04-09T18:14:41.4301774Z",5,Advapi,SYSTEM
"Apr 9, 2025 @ 23:14:40.959",4624,"DESKTOP-5JEIKFF",Negotiate,1000,"2025-04-09T18:14:40.8303184Z",5,Advapi,SYSTEM
"Apr 9, 2025 @ 23:14:33.784",4624,"DESKTOP-5JEIKFF",Negotiate,1000,"2025-04-09T18:14:33.6646492Z",5,Advapi,SYSTEM
"Apr 9, 2025 @ 23:14:33.775",4624,"DESKTOP-5JEIKFF",Negotiate,1000,"2025-04-09T18:14:33.6455681Z",5,Advapi,SYSTEM
"Apr 9, 2025 @ 23:11:36.262",4624,"DESKTOP-5JEIKFF",Negotiate,1000,"2025-04-09T18:11:36.1219184Z",5,Advapi,SYSTEM
"Apr 9, 2025 @ 23:04:03.427",4624,"DESKTOP-5JEIKFF",Negotiate,1000,"2025-04-09T18:04:03.3010582Z",5,Advapi,SYSTEM
"Apr 9, 2025 @ 23:04:03.419",4624,"DESKTOP-5JEIKFF",Negotiate,1000,"2025-04-09T18:04:03.2773113Z",5,Advapi,SYSTEM
"Apr 9, 2025 @ 23:04:00.308",4624,"DESKTOP-5JEIKFF",Negotiate,1000,"2025-04-09T18:04:00.1705459Z",5,Advapi,SYSTEM
"Apr 9, 2025 @ 23:02:27.617",4624,"DESKTOP-5JEIKFF",Negotiate,1000,"2025-04-09T18:02:21.6344746Z",5,Advapi,SYSTEM
"Apr 9, 2025 @ 23:01:57.179",4624,"DESKTOP-5JEIKFF",Negotiate,1000,"2025-04-09T18:01:56.1833437Z",5,Advapi,SYSTEM
"Apr 9, 2025 @ 23:01:55.579",4624,"DESKTOP-5JEIKFF",Negotiate,1000,"2025-04-09T18:01:45.5021447Z",5,Advapi,SYSTEM
"Apr 9, 2025 @ 23:01:55.529",4624,"DESKTOP-5JEIKFF",Negotiate,1000,"2025-04-09T18:01:44.5126273Z",5,Advapi,SYSTEM
"Apr 9, 2025 @ 23:01:55.523",4624,"DESKTOP-5JEIKFF",Negotiate,1000,"2025-04-09T18:01:44.5042057Z",5,Advapi,SYSTEM
"Apr 9, 2025 @ 23:01:55.520",4624,"DESKTOP-5JEIKFF",Negotiate,1000,"2025-04-09T18:01:44.4971882Z",5,Advapi,SYSTEM
"Apr 9, 2025 @ 23:01:55.517",4624,"DESKTOP-5JEIKFF",Negotiate,1000,"2025-04-09T18:01:44.4954907Z",5,Advapi,SYSTEM
"Apr 9, 2025 @ 14:24:12.366",4624,"DESKTOP-5JEIKFF",Negotiate,1000,"2025-04-09T09:24:12.2911624Z",5,Advapi,SYSTEM
"Apr 9, 2025 @ 14:23:03.694",4624,"CP-AKT-002911",Negotiate,1088,"2025-04-09T09:23:02.2823977Z",5,Advapi,SYSTEM
"Apr 9, 2025 @ 14:23:03.684",4624,"CP-AKT-002911",Negotiate,1088,"2025-04-09T09:23:02.2553689Z",5,Advapi,SYSTEM
"Apr 9, 2025 @ 14:22:27.134",4624,"CP-AKT-002931",Negotiate,1076,"2025-04-09T09:22:25.0097946Z",5,Advapi,SYSTEM
"Apr 9, 2025 @ 14:15:02.522",4624,"CP-AKT-002912",Negotiate,1184,"2025-04-09T09:15:01.4732002Z",5,Advapi,SYSTEM
"Apr 9, 2025 @ 14:13:35.586",4624,"DESKTOP-5JEIKFF",Negotiate,1000,"2025-04-09T09:13:35.5261828Z",5,Advapi,SYSTEM
"Apr 9, 2025 @ 14:12:30.611",4624,"CP-AKT-002912",Negotiate,1184,"2025-04-09T09:12:29.5501482Z",5,Advapi,SYSTEM
"Apr 9, 2025 @ 14:11:00.537",4624,"CP-AKT-002931",Negotiate,1076,"2025-04-09T09:10:58.4323054Z",5,Advapi,SYSTEM
"Apr 9, 2025 @ 14:03:57.762",4624,"DESKTOP-5JEIKFF",Negotiate,1000,"2025-04-09T09:03:57.7167252Z",5,Advapi,SYSTEM
"Apr 9, 2025 @ 14:03:39.394",4624,"CP-AKT-002931",Negotiate,1076,"2025-04-09T09:03:37.3101432Z",5,Advapi,SYSTEM
"Apr 9, 2025 @ 14:03:26.554",4625,"CP-AKT-002911",NTLM,1088,"2025-04-09T09:03:25.1419690Z",3,NtLmSsp,Administrator
"Apr 9, 2025 @ 14:03:25.509",4625,"CP-AKT-002911",NTLM,1088,"2025-04-09T09:03:24.1050830Z",3,NtLmSsp,Administrator
"Apr 9, 2025 @ 14:03:24.446",4625,"CP-AKT-002911",NTLM,1088,"2025-04-09T09:03:23.0597574Z",3,NtLmSsp,Administrator
"Apr 9, 2025 @ 14:03:17.693",4624,"CP-AKT-002911",Negotiate,1088,"2025-04-09T09:03:16.4636094Z",5,Advapi,SYSTEM
"Apr 9, 2025 @ 14:03:17.631",4624,"CP-AKT-002911",Negotiate,1088,"2025-04-09T09:03:16.4240550Z",5,Advapi,SYSTEM
"Apr 9, 2025 @ 14:03:17.617",4624,"CP-AKT-002911",Negotiate,1088,"2025-04-09T09:03:16.2308650Z",5,Advapi,SYSTEM
"Apr 9, 2025 @ 14:03:04.438",4624,"CP-AKT-002931",Negotiate,1076,"2025-04-09T09:03:02.3715643Z",5,Advapi,SYSTEM
"Apr 9, 2025 @ 14:03:04.429",4624,"CP-AKT-002931",Negotiate,1076,"2025-04-09T09:03:02.3203374Z",5,Advapi,SYSTEM
"Apr 9, 2025 @ 14:03:04.183",4624,"CP-AKT-002911",Negotiate,1088,"2025-04-09T09:03:02.8644209Z",5,Advapi,SYSTEM
"Apr 9, 2025 @ 14:03:04.111",4624,"DESKTOP-5JEIKFF",Negotiate,1000,"2025-04-09T09:03:04.0622643Z",5,Advapi,SYSTEM
"Apr 9, 2025 @ 14:03:03.917",4624,"CP-AKT-002911",Negotiate,1088,"2025-04-09T09:03:02.5678206Z",5,Advapi,SYSTEM
"Apr 9, 2025 @ 14:03:03.886",4624,"CP-AKT-002911",Negotiate,1088,"2025-04-09T09:03:02.5208616Z",5,Advapi,SYSTEM
"Apr 9, 2025 @ 14:03:03.855",4624,"CP-AKT-002911",Negotiate,1088,"2025-04-09T09:03:02.4942594Z",5,Advapi,SYSTEM
"Apr 9, 2025 @ 14:03:03.841",4624,"CP-AKT-002911",Negotiate,1088,"2025-04-09T09:03:02.4272853Z",5,Advapi,SYSTEM
"Apr 9, 2025 @ 14:03:02.776",4624,"CP-AKT-002911",Negotiate,1088,"2025-04-09T09:03:01.3856885Z",5,Advapi,SYSTEM
"Apr 9, 2025 @ 14:03:02.764",4624,"CP-AKT-002911",Negotiate,1088,"2025-04-09T09:03:01.3488851Z",5,Advapi,SYSTEM
"Apr 9, 2025 @ 14:01:37.384",4624,"CP-AKT-002912",Negotiate,1184,"2025-04-09T09:01:36.3277154Z",5,Advapi,SYSTEM
"Apr 9, 2025 @ 13:59:39.296",4624,"CP-AKT-002931",Negotiate,1076,"2025-04-09T08:59:37.3933621Z",5,Advapi,SYSTEM
"Apr 9, 2025 @ 13:59:39.265",4624,"CP-AKT-002931",Negotiate,1076,"2025-04-09T08:59:37.3044081Z",5,Advapi,SYSTEM
"Apr 9, 2025 @ 13:59:39.236",4624,"CP-AKT-002931",Negotiate,1076,"2025-04-09T08:59:37.3039341Z",5,Advapi,SYSTEM
"Apr 9, 2025 @ 13:59:39.225",4624,"CP-AKT-002931",Negotiate,1076,"2025-04-09T08:59:37.1277414Z",5,Advapi,SYSTEM
"Apr 9, 2025 @ 13:54:35.944",4624,"DESKTOP-5JEIKFF",Negotiate,1000,"2025-04-09T08:54:35.9107713Z",5,Advapi,SYSTEM
"Apr 9, 2025 @ 13:53:40.585",4624,"CP-AKT-002911",Negotiate,1088,"2025-04-09T08:53:29.2006823Z",5,Advapi,SYSTEM
"Apr 9, 2025 @ 13:53:40.554",4624,"CP-AKT-002911",Negotiate,1088,"2025-04-09T08:53:02.2362177Z",5,Advapi,SYSTEM
"Apr 9, 2025 @ 13:53:40.523",4624,"CP-AKT-002911",Negotiate,1088,"2025-04-09T08:51:33.5685080Z",5,Advapi,SYSTEM
"Apr 9, 2025 @ 13:53:40.492",4624,"CP-AKT-002911",Negotiate,1088,"2025-04-09T08:50:29.6770341Z",5,Advapi,SYSTEM
"Apr 9, 2025 @ 13:53:40.461",4624,"CP-AKT-002911",Negotiate,1088,"2025-04-09T08:42:47.7852839Z",5,Advapi,SYSTEM
"Apr 9, 2025 @ 13:53:40.352",4624,"CP-AKT-002911",Negotiate,1088,"2025-04-09T08:36:48.5146426Z",5,Advapi,SYSTEM
"Apr 9, 2025 @ 13:53:40.338",4624,"CP-AKT-002911",Negotiate,1088,"2025-04-09T08:27:16.8160891Z",5,Advapi,SYSTEM
"Apr 9, 2025 @ 13:53:38.492",4624,"CP-AKT-002931",Negotiate,1076,"2025-04-09T08:52:23.3223606Z",5,Advapi,SYSTEM
"Apr 9, 2025 @ 13:53:38.461",4624,"CP-AKT-002931",Negotiate,1076,"2025-04-09T08:42:30.1342318Z",5,Advapi,SYSTEM
"Apr 9, 2025 @ 13:53:38.430",4624,"CP-AKT-002931",Negotiate,1076,"2025-04-09T08:37:23.9068471Z",5,Advapi,SYSTEM
"Apr 9, 2025 @ 13:53:38.413",4624,"CP-AKT-002931",Negotiate,1076,"2025-04-09T08:34:46.0354240Z",5,Advapi,SYSTEM
"Apr 9, 2025 @ 13:53:38.374",4624,"CP-AKT-002931",Negotiate,1076,"2025-04-09T08:32:12.4451154Z",5,Advapi,SYSTEM
"Apr 9, 2025 @ 13:53:38.242",4624,"CP-AKT-002931",Negotiate,1076,"2025-04-09T08:30:00.9392033Z",5,Advapi,SYSTEM
"Apr 9, 2025 @ 13:53:38.233",4624,"CP-AKT-002931",Negotiate,1076,"2025-04-09T08:28:04.4059894Z",5,Advapi,SYSTEM
"Apr 9, 2025 @ 13:53:38.232",4624,"CP-AKT-002931",Negotiate,1076,"2025-04-09T08:28:04.2333478Z",5,Advapi,SYSTEM
"Apr 9, 2025 @ 13:53:27.779",4624,"CP-AKT-002912",Negotiate,1184,"2025-04-09T08:50:29.6216022Z",5,Advapi,SYSTEM
"Apr 9, 2025 @ 13:53:27.765",4624,"CP-AKT-002912",Negotiate,1184,"2025-04-09T08:45:47.1149998Z",5,Advapi,SYSTEM
"Apr 9, 2025 @ 13:53:27.567",4624,"CP-AKT-002912",Negotiate,1184,"2025-04-09T08:45:04.2176634Z",5,Advapi,SYSTEM
"Apr 9, 2025 @ 13:53:27.536",4624,"CP-AKT-002912",Negotiate,1184,"2025-04-09T08:44:56.0198223Z",5,Advapi,SYSTEM
"Apr 9, 2025 @ 13:53:27.415",4624,"CP-AKT-002912",Negotiate,1184,"2025-04-09T08:44:29.6183910Z",5,Advapi,SYSTEM
"Apr 9, 2025 @ 13:53:10.440",4624,"DESKTOP-5JEIKFF",Negotiate,1000,"2025-04-09T08:53:06.2834849Z",5,Advapi,SYSTEM
"Apr 9, 2025 @ 13:53:10.435",4624,"DESKTOP-5JEIKFF",Negotiate,1000,"2025-04-09T08:53:00.0784987Z",5,Advapi,SYSTEM
"Apr 9, 2025 @ 13:53:10.423",4624,"DESKTOP-5JEIKFF",Negotiate,1000,"2025-04-09T08:52:56.5023671Z",5,Advapi,SYSTEM
"Apr 9, 2025 @ 13:53:10.376",4624,"DESKTOP-5JEIKFF",Negotiate,1000,"2025-04-09T08:52:56.4191384Z",5,Advapi,SYSTEM
"Apr 9, 2025 @ 13:53:10.370",4624,"DESKTOP-5JEIKFF",Negotiate,1000,"2025-04-09T08:52:56.3829120Z",5,Advapi,SYSTEM
"Apr 9, 2025 @ 13:53:10.353",4624,"DESKTOP-5JEIKFF",Negotiate,1000,"2025-04-09T08:52:55.3308271Z",5,Advapi,SYSTEM
"Apr 9, 2025 @ 13:53:10.332",4624,"DESKTOP-5JEIKFF",Negotiate,1000,"2025-04-09T08:52:51.5383611Z",5,Advapi,SYSTEM
"Apr 9, 2025 @ 13:24:11.593",4625,"CP-AKT-002912",NTLM,1184,"2025-04-09T08:24:10.5369132Z",3,NtLmSsp,Administrator
"Apr 9, 2025 @ 13:24:10.577",4625,"CP-AKT-002912",NTLM,1184,"2025-04-09T08:24:09.5196579Z",3,NtLmSsp,Administrator
"Apr 9, 2025 @ 13:24:09.561",4625,"CP-AKT-002912",NTLM,1184,"2025-04-09T08:24:08.4962087Z",3,NtLmSsp,Administrator
"Apr 9, 2025 @ 13:22:38.670",4624,"CP-AKT-002911",Negotiate,1088,"2025-04-09T08:22:37.2782538Z",5,Advapi,SYSTEM
"Apr 9, 2025 @ 13:22:26.928",4624,"CP-AKT-002931",Negotiate,1076,"2025-04-09T08:22:24.8270397Z",5,Advapi,SYSTEM
"Apr 9, 2025 @ 13:22:19.139",4624,"CP-AKT-002911",Negotiate,1088,"2025-04-09T08:22:17.7371532Z",5,Advapi,SYSTEM
"Apr 9, 2025 @ 13:20:31.600",4624,"CP-AKT-002912",Negotiate,1184,"2025-04-09T08:20:30.5378645Z",5,Advapi,SYSTEM
"Apr 9, 2025 @ 13:18:54.068",4624,"DESKTOP-5JEIKFF",Negotiate,1000,"2025-04-09T08:18:53.8055084Z",5,Advapi,SYSTEM
"Apr 9, 2025 @ 13:18:38.586",4624,"DESKTOP-5JEIKFF",Negotiate,1000,"2025-04-09T08:18:38.3307032Z",5,Advapi,SYSTEM
"Apr 9, 2025 @ 13:18:38.571",4624,"DESKTOP-5JEIKFF",Negotiate,1000,"2025-04-09T08:18:38.3083251Z",5,Advapi,SYSTEM
"Apr 9, 2025 @ 13:15:01.928",4624,"CP-AKT-002912",Negotiate,1184,"2025-04-09T08:15:00.8659582Z",5,Advapi,SYSTEM
"Apr 9, 2025 @ 13:14:56.333",4624,"CP-AKT-002911",Negotiate,1088,"2025-04-09T08:14:54.9625826Z",5,Advapi,SYSTEM
"Apr 9, 2025 @ 13:14:53.583",4624,"CP-AKT-002911",Negotiate,1088,"2025-04-09T08:14:52.2127001Z",5,Advapi,SYSTEM
"Apr 9, 2025 @ 13:13:05.371",4624,"DESKTOP-5JEIKFF",Negotiate,1000,"2025-04-09T08:13:05.1204844Z",5,Advapi,SYSTEM
"Apr 9, 2025 @ 13:12:38.832",4624,"DESKTOP-5JEIKFF",Negotiate,1000,"2025-04-09T08:12:38.7813238Z",5,Advapi,SYSTEM
"Apr 9, 2025 @ 13:12:34.478",4624,"DESKTOP-5JEIKFF",Negotiate,1000,"2025-04-09T08:12:34.2455061Z",5,Advapi,SYSTEM
"Apr 9, 2025 @ 13:12:34.475",4624,"DESKTOP-5JEIKFF",Negotiate,1000,"2025-04-09T08:12:34.2250162Z",5,Advapi,SYSTEM
"Apr 9, 2025 @ 13:11:55.840",4624,"DESKTOP-5JEIKFF",Negotiate,1000,"2025-04-09T08:11:55.5814690Z",5,Advapi,SYSTEM
"Apr 9, 2025 @ 13:11:00.155",4624,"CP-AKT-002931",Negotiate,1076,"2025-04-09T08:10:58.0675223Z",5,Advapi,SYSTEM
"Apr 9, 2025 @ 13:10:31.814",4624,"CP-AKT-002931",Negotiate,1076,"2025-04-09T08:10:29.7273802Z",5,Advapi,SYSTEM
"Apr 9, 2025 @ 13:10:18.234",4624,"DESKTOP-5JEIKFF",Negotiate,1000,"2025-04-09T08:10:17.9756321Z",5,Advapi,SYSTEM
"Apr 9, 2025 @ 13:08:08.437",4624,"DESKTOP-5JEIKFF",Negotiate,1000,"2025-04-09T08:08:08.1879371Z",5,Advapi,SYSTEM
"Apr 9, 2025 @ 13:07:07.499",4624,"DESKTOP-5JEIKFF",Negotiate,1000,"2025-04-09T08:07:07.2596707Z",5,Advapi,SYSTEM
"Apr 9, 2025 @ 13:06:58.040",4624,"DESKTOP-5JEIKFF",Negotiate,1000,"2025-04-09T08:06:58.7021911Z",5,Advapi,SYSTEM
"Apr 9, 2025 @ 13:06:58.011",4624,"DESKTOP-5JEIKFF",Negotiate,1000,"2025-04-09T08:06:57.7722914Z",5,Advapi,SYSTEM
"Apr 9, 2025 @ 13:05:57.067",4624,"DESKTOP-5JEIKFF",Negotiate,1000,"2025-04-09T08:05:56.8309057Z",5,Advapi,SYSTEM
"Apr 9, 2025 @ 13:05:53.670",4624,"DESKTOP-5JEIKFF",Negotiate,1000,"2025-04-09T08:05:53.4255291Z",5,Advapi,SYSTEM
"Apr 9, 2025 @ 13:05:05.575",4624,"DESKTOP-5JEIKFF",Negotiate,1000,"2025-04-09T08:05:05.3399794Z",5,Advapi,SYSTEM
"Apr 9, 2025 @ 13:04:48.750",4624,"DESKTOP-5JEIKFF",Negotiate,1000,"2025-04-09T08:04:48.5106388Z",5,Advapi,SYSTEM
"Apr 9, 2025 @ 13:04:22.575",4624,"DESKTOP-5JEIKFF",Negotiate,1000,"2025-04-09T08:04:22.3426513Z",5,Advapi,SYSTEM
"Apr 9, 2025 @ 13:04:21.443",4624,"DESKTOP-5JEIKFF",Negotiate,1000,"2025-04-09T08:04:21.3177504Z",5,Advapi,SYSTEM
"Apr 9, 2025 @ 13:04:21.437",4624,"DESKTOP-5JEIKFF",Negotiate,1000,"2025-04-09T08:04:21.1994008Z",5,Advapi,SYSTEM
"Apr 9, 2025 @ 13:04:21.432",4624,"DESKTOP-5JEIKFF",Negotiate,1000,"2025-04-09T08:04:21.1990276Z",5,Advapi,SYSTEM
"Apr 9, 2025 @ 13:04:21.426",4624,"DESKTOP-5JEIKFF",Negotiate,1000,"2025-04-09T08:04:21.1977978Z",5,Advapi,SYSTEM
"Apr 9, 2025 @ 13:04:21.420",4624,"DESKTOP-5JEIKFF",Negotiate,1000,"2025-04-09T08:04:21.1974186Z",5,Advapi,SYSTEM
"Apr 9, 2025 @ 13:04:21.415",4624,"DESKTOP-5JEIKFF",Negotiate,1000,"2025-04-09T08:04:21.1956851Z",5,Advapi,SYSTEM
"Apr 9, 2025 @ 13:04:16.620",4624,"DESKTOP-5JEIKFF",Negotiate,1000,"2025-04-09T08:04:16.3875049Z",5,Advapi,SYSTEM
"Apr 9, 2025 @ 13:04:03.316",4624,"DESKTOP-5JEIKFF",Negotiate,1000,"2025-04-09T08:04:03.0828096Z",5,Advapi,SYSTEM
"Apr 9, 2025 @ 13:03:44.218",4624,"DESKTOP-5JEIKFF",Negotiate,1000,"2025-04-09T08:03:43.9839148Z",5,Advapi,SYSTEM
"Apr 9, 2025 @ 13:02:15.969",4625,"CP-AKT-002911",NTLM,1088,"2025-04-09T08:02:14.6155361Z",3,NtLmSsp,Administrator
"Apr 9, 2025 @ 13:02:14.947",4625,"CP-AKT-002911",NTLM,1088,"2025-04-09T08:02:13.5760034Z",3,NtLmSsp,Administrator
"Apr 9, 2025 @ 13:02:13.892",4625,"CP-AKT-002911",NTLM,1088,"2025-04-09T08:02:12.5369993Z",3,NtLmSsp,Administrator
"Apr 9, 2025 @ 13:01:06.007",4624,"DESKTOP-5JEIKFF",Negotiate,1000,"2025-04-09T08:01:05.7747792Z",5,Advapi,SYSTEM
"Apr 9, 2025 @ 13:00:56.604",4624,"DESKTOP-5JEIKFF",Negotiate,1000,"2025-04-09T08:00:56.3785246Z",5,Advapi,SYSTEM
"Apr 9, 2025 @ 13:00:43.174",4624,"DESKTOP-5JEIKFF",Negotiate,1000,"2025-04-09T08:00:42.9513301Z",5,Advapi,SYSTEM
"Apr 9, 2025 @ 13:00:02.890",4624,"CP-AKT-002931",Negotiate,1076,"2025-04-09T08:00:00.8473234Z",5,Advapi,SYSTEM
"Apr 9, 2025 @ 12:59:42.610",4624,"DESKTOP-5JEIKFF",Negotiate,1000,"2025-04-09T07:59:42.4008268Z",5,Advapi,SYSTEM
"Apr 9, 2025 @ 12:57:55.504",4624,"DESKTOP-5JEIKFF",Negotiate,1000,"2025-04-09T07:57:55.3641553Z",5,Advapi,SYSTEM
"Apr 9, 2025 @ 12:57:55.497",4624,"DESKTOP-5JEIKFF",Negotiate,1000,"2025-04-09T07:57:55.3406312Z",5,Advapi,SYSTEM
"Apr 9, 2025 @ 12:57:45.180",4624,"DESKTOP-5JEIKFF",Negotiate,1000,"2025-04-09T07:57:45.0248084Z",5,Advapi,SYSTEM
"Apr 9, 2025 @ 12:57:05.052",4624,"DESKTOP-5JEIKFF",Negotiate,1000,"2025-04-09T07:57:04.8875680Z",5,Advapi,SYSTEM
"Apr 9, 2025 @ 12:55:53.274",4624,"DESKTOP-5JEIKFF",Negotiate,1000,"2025-04-09T07:55:29.8536071Z",5,Advapi,SYSTEM
"Apr 9, 2025 @ 12:55:53.267",4624,"DESKTOP-5JEIKFF",Negotiate,1000,"2025-04-09T07:55:27.9152198Z",5,Advapi,SYSTEM
"Apr 9, 2025 @ 12:55:53.052",4624,"DESKTOP-5JEIKFF",Negotiate,1000,"2025-04-09T07:55:25.0528085Z",5,Advapi,SYSTEM
"Apr 9, 2025 @ 12:55:53.040",4624,"DESKTOP-5JEIKFF",Negotiate,1000,"2025-04-09T07:55:25.0102592Z",5,Advapi,SYSTEM
"Apr 9, 2025 @ 12:55:52.623",4624,"DESKTOP-5JEIKFF",Negotiate,1000,"2025-04-09T07:55:24.5685825Z",5,Advapi,SYSTEM
"Apr 9, 2025 @ 12:52:25.380",4624,"CP-AKT-002931",Negotiate,1076,"2025-04-09T07:52:23.3322420Z",5,Advapi,SYSTEM
"Apr 9, 2025 @ 12:52:10.858",4624,"DESKTOP-5JEIKFF",Negotiate,1000,"2025-04-09T07:51:52.2253902Z",5,Advapi,SYSTEM
"Apr 9, 2025 @ 12:52:10.308",4624,"DESKTOP-5JEIKFF",Negotiate,1000,"2025-04-09T07:49:50.0717761Z",5,Advapi,SYSTEM
"Apr 9, 2025 @ 12:44:56.738",4624,"DESKTOP-5JEIKFF",Negotiate,1000,"2025-04-09T07:44:56.4842982Z",5,Advapi,SYSTEM
"Apr 9, 2025 @ 12:43:00.490",4624,"CP-AKT-002931",Negotiate,1076,"2025-04-09T07:42:58.5122758Z",5,Advapi,SYSTEM
"Apr 9, 2025 @ 12:41:33.123",4624,"CP-AKT-002911",Negotiate,1088,"2025-04-09T07:41:31.8103534Z",5,Advapi,SYSTEM
"Apr 9, 2025 @ 12:41:12.214",4624,"DESKTOP-5JEIKFF",Negotiate,1000,"2025-04-09T07:41:12.0053852Z",5,Advapi,SYSTEM
"Apr 9, 2025 @ 12:41:01.203",4624,"DESKTOP-5JEIKFF",Negotiate,1000,"2025-04-09T07:41:00.9867942Z",5,Advapi,SYSTEM
"Apr 9, 2025 @ 12:40:46.017",4624,"DESKTOP-5JEIKFF",Negotiate,1000,"2025-04-09T07:40:46.3567078Z",5,Advapi,SYSTEM
"Apr 9, 2025 @ 12:40:45.994",4624,"DESKTOP-5JEIKFF",Negotiate,1000,"2025-04-09T07:40:46.2163582Z",5,Advapi,SYSTEM
"Apr 9, 2025 @ 12:40:45.988",4624,"DESKTOP-5JEIKFF",Negotiate,1000,"2025-04-09T07:40:46.2159919Z",5,Advapi,SYSTEM
"Apr 9, 2025 @ 12:40:45.982",4624,"DESKTOP-5JEIKFF",Negotiate,1000,"2025-04-09T07:40:46.2147145Z",5,Advapi,SYSTEM
"Apr 9, 2025 @ 12:40:45.976",4624,"DESKTOP-5JEIKFF",Negotiate,1000,"2025-04-09T07:40:46.2143474Z",5,Advapi,SYSTEM
"Apr 9, 2025 @ 12:40:45.970",4624,"DESKTOP-5JEIKFF",Negotiate,1000,"2025-04-09T07:40:46.2133181Z",5,Advapi,SYSTEM
"Apr 9, 2025 @ 12:39:50.169",4624,"DESKTOP-5JEIKFF",Negotiate,1000,"2025-04-09T07:39:49.9759478Z",5,Advapi,SYSTEM
"Apr 9, 2025 @ 12:39:39.602",4624,"DESKTOP-5JEIKFF",Negotiate,1000,"2025-04-09T07:39:39.9319901Z",5,Advapi,SYSTEM
"Apr 9, 2025 @ 12:39:39.600",4624,"DESKTOP-5JEIKFF",Negotiate,1000,"2025-04-09T07:39:39.4121142Z",5,Advapi,SYSTEM
"Apr 9, 2025 @ 12:38:55.481",4624,"DESKTOP-5JEIKFF",Negotiate,1000,"2025-04-09T07:38:55.7033602Z",5,Advapi,SYSTEM
"Apr 9, 2025 @ 12:38:55.479",4624,"DESKTOP-5JEIKFF",Negotiate,1000,"2025-04-09T07:38:55.3334778Z",5,Advapi,SYSTEM
"Apr 9, 2025 @ 12:38:47.540",4624,"DESKTOP-5JEIKFF",Negotiate,1000,"2025-04-09T07:38:47.3418514Z",5,Advapi,SYSTEM
"Apr 9, 2025 @ 12:38:47.533",4624,"DESKTOP-5JEIKFF",Negotiate,1000,"2025-04-09T07:38:47.2817063Z",5,Advapi,SYSTEM
"Apr 9, 2025 @ 12:38:47.530",4624,"DESKTOP-5JEIKFF",Negotiate,1000,"2025-04-09T07:38:47.2813395Z",5,Advapi,SYSTEM
"Apr 9, 2025 @ 12:38:47.522",4624,"DESKTOP-5JEIKFF",Negotiate,1000,"2025-04-09T07:38:47.2799915Z",5,Advapi,SYSTEM
"Apr 9, 2025 @ 12:38:47.519",4624,"DESKTOP-5JEIKFF",Negotiate,1000,"2025-04-09T07:38:47.2796314Z",5,Advapi,SYSTEM
"Apr 9, 2025 @ 12:38:47.425",4624,"DESKTOP-5JEIKFF",Negotiate,1000,"2025-04-09T07:38:47.2784100Z",5,Advapi,SYSTEM
"Apr 9, 2025 @ 12:38:44.949",4624,"DESKTOP-5JEIKFF",Negotiate,1000,"2025-04-09T07:38:44.8030508Z",5,Advapi,SYSTEM
"Apr 9, 2025 @ 12:38:42.794",4624,"DESKTOP-5JEIKFF",Negotiate,1000,"2025-04-09T07:38:43.5755555Z",5,Advapi,SYSTEM
"Apr 9, 2025 @ 12:38:42.788",4624,"DESKTOP-5JEIKFF",Negotiate,1000,"2025-04-09T07:38:42.6511483Z",5,Advapi,SYSTEM
"Apr 9, 2025 @ 12:38:42.783",4624,"DESKTOP-5JEIKFF",Negotiate,1000,"2025-04-09T07:38:42.6191550Z",5,Advapi,SYSTEM
"Apr 9, 2025 @ 12:38:42.777",4624,"DESKTOP-5JEIKFF",Negotiate,1000,"2025-04-09T07:38:42.6187950Z",5,Advapi,SYSTEM
"Apr 9, 2025 @ 12:38:42.771",4624,"DESKTOP-5JEIKFF",Negotiate,1000,"2025-04-09T07:38:42.6176409Z",5,Advapi,SYSTEM
"Apr 9, 2025 @ 12:38:42.765",4624,"DESKTOP-5JEIKFF",Negotiate,1000,"2025-04-09T07:38:42.6172433Z",5,Advapi,SYSTEM
"Apr 9, 2025 @ 12:38:42.763",4624,"DESKTOP-5JEIKFF",Negotiate,1000,"2025-04-09T07:38:42.6162864Z",5,Advapi,SYSTEM
"Apr 9, 2025 @ 12:38:39.947",4624,"CP-AKT-002911",Negotiate,1088,"2025-04-09T07:38:38.6782254Z",5,Advapi,SYSTEM
"Apr 9, 2025 @ 12:38:28.595",4624,"DESKTOP-5JEIKFF",Negotiate,1000,"2025-04-09T07:38:28.4451431Z",5,Advapi,SYSTEM
"Apr 9, 2025 @ 12:38:27.607",4624,"DESKTOP-5JEIKFF",Negotiate,1000,"2025-04-09T07:38:28.2440073Z",5,Advapi,SYSTEM
"Apr 9, 2025 @ 12:38:27.435",4624,"DESKTOP-5JEIKFF",Negotiate,1000,"2025-04-09T07:38:27.2841688Z",5,Advapi,SYSTEM
"Apr 9, 2025 @ 12:38:25.752",4624,"DESKTOP-5JEIKFF",Negotiate,1000,"2025-04-09T07:38:26.1181541Z",5,Advapi,SYSTEM
"Apr 9, 2025 @ 12:38:25.746",4624,"DESKTOP-5JEIKFF",Negotiate,1000,"2025-04-09T07:38:25.6349784Z",5,Advapi,SYSTEM
"Apr 9, 2025 @ 12:38:25.741",4624,"DESKTOP-5JEIKFF",Negotiate,1000,"2025-04-09T07:38:25.6345949Z",5,Advapi,SYSTEM
"Apr 9, 2025 @ 12:38:25.735",4624,"DESKTOP-5JEIKFF",Negotiate,1000,"2025-04-09T07:38:25.6332651Z",5,Advapi,SYSTEM
"Apr 9, 2025 @ 12:38:25.729",4624,"DESKTOP-5JEIKFF",Negotiate,1000,"2025-04-09T07:38:25.6327877Z",5,Advapi,SYSTEM
"Apr 9, 2025 @ 12:38:25.723",4624,"DESKTOP-5JEIKFF",Negotiate,1000,"2025-04-09T07:38:25.6315575Z",5,Advapi,SYSTEM
"Apr 9, 2025 @ 12:38:25.717",4624,"DESKTOP-5JEIKFF",Negotiate,1000,"2025-04-09T07:38:25.6275365Z",5,Advapi,SYSTEM
"Apr 9, 2025 @ 12:38:25.711",4624,"DESKTOP-5JEIKFF",Negotiate,1000,"2025-04-09T07:38:25.6271449Z",5,Advapi,SYSTEM
"Apr 9, 2025 @ 12:38:19.933",4624,"DESKTOP-5JEIKFF",Negotiate,1000,"2025-04-09T07:38:19.9745288Z",5,Advapi,SYSTEM
"Apr 9, 2025 @ 12:38:19.928",4624,"DESKTOP-5JEIKFF",Negotiate,1000,"2025-04-09T07:38:19.9330450Z",5,Advapi,SYSTEM
"Apr 9, 2025 @ 12:37:05.729",4624,"DESKTOP-5JEIKFF",Negotiate,1000,"2025-04-09T07:37:06.3532174Z",5,Advapi,SYSTEM
"Apr 9, 2025 @ 12:37:03.628",4624,"CP-AKT-002911",Negotiate,1088,"2025-04-09T07:37:02.2845458Z",5,Advapi,SYSTEM
"Apr 9, 2025 @ 12:36:20.234",4624,"CP-AKT-002931",Negotiate,1076,"2025-04-09T07:30:00.9256525Z",5,Advapi,SYSTEM
"Apr 9, 2025 @ 12:36:19.875",4624,"CP-AKT-002931",Negotiate,1076,"2025-04-09T07:22:24.6150755Z",5,Advapi,SYSTEM
"Apr 9, 2025 @ 12:36:19.842",4624,"CP-AKT-002931",Negotiate,1076,"2025-04-09T07:10:58.0375200Z",5,Advapi,SYSTEM
"Apr 9, 2025 @ 12:36:19.373",4624,"CP-AKT-002931",Negotiate,1076,"2025-04-09T07:00:00.8387628Z",5,Advapi,SYSTEM
"Apr 9, 2025 @ 12:36:18.453",4624,"CP-AKT-002931",Negotiate,1076,"2025-04-09T06:52:23.3334802Z",5,Advapi,SYSTEM
"Apr 9, 2025 @ 12:36:18.422",4624,"CP-AKT-002931",Negotiate,1076,"2025-04-09T06:42:30.1706551Z",5,Advapi,SYSTEM
"Apr 9, 2025 @ 12:36:18.188",4624,"CP-AKT-002931",Negotiate,1076,"2025-04-09T06:30:00.9139215Z",5,Advapi,SYSTEM
"Apr 9, 2025 @ 12:36:17.719",4624,"CP-AKT-002931",Negotiate,1076,"2025-04-09T06:22:24.3874770Z",5,Advapi,SYSTEM
"Apr 9, 2025 @ 12:36:17.687",4624,"CP-AKT-002931",Negotiate,1076,"2025-04-09T06:10:58.0694205Z",5,Advapi,SYSTEM
"Apr 9, 2025 @ 12:36:17.453",4624,"CP-AKT-002931",Negotiate,1076,"2025-04-09T06:00:00.7762234Z",5,Advapi,SYSTEM
"Apr 9, 2025 @ 12:36:16.641",4624,"CP-AKT-002931",Negotiate,1076,"2025-04-09T05:52:23.3365654Z",5,Advapi,SYSTEM
"Apr 9, 2025 @ 12:36:16.609",4624,"CP-AKT-002931",Negotiate,1076,"2025-04-09T05:35:18.8696702Z",5,Advapi,SYSTEM
"Apr 9, 2025 @ 12:36:16.578",4624,"CP-AKT-002931",Negotiate,1076,"2025-04-09T05:31:18.6648886Z",5,Advapi,SYSTEM
"Apr 9, 2025 @ 12:36:16.344",4624,"CP-AKT-002931",Negotiate,1076,"2025-04-09T05:30:00.7969940Z",5,Advapi,SYSTEM
"Apr 9, 2025 @ 12:36:15.985",4624,"CP-AKT-002931",Negotiate,1076,"2025-04-09T05:22:24.1469323Z",5,Advapi,SYSTEM
"Apr 9, 2025 @ 12:36:15.532",4624,"CP-AKT-002931",Negotiate,1076,"2025-04-09T05:11:25.0468114Z",5,Advapi,SYSTEM
"Apr 9, 2025 @ 12:36:15.500",4624,"CP-AKT-002931",Negotiate,1076,"2025-04-09T05:10:59.8819640Z",5,Advapi,SYSTEM
"Apr 9, 2025 @ 12:36:15.469",4624,"CP-AKT-002931",Negotiate,1076,"2025-04-09T05:10:59.1601631Z",5,Advapi,SYSTEM
"Apr 9, 2025 @ 12:36:15.406",4624,"CP-AKT-002931",Negotiate,1076,"2025-04-09T05:07:34.2685143Z",5,Advapi,SYSTEM
"Apr 9, 2025 @ 12:36:15.063",4624,"CP-AKT-002931",Negotiate,1076,"2025-04-09T04:59:55.2597593Z",5,Advapi,SYSTEM
"Apr 9, 2025 @ 12:36:14.142",4624,"CP-AKT-002931",Negotiate,1076,"2025-04-09T04:52:23.3074961Z",5,Advapi,SYSTEM
"Apr 9, 2025 @ 12:36:13.907",4624,"CP-AKT-002931",Negotiate,1076,"2025-04-09T04:38:31.1465594Z",5,Advapi,SYSTEM
"Apr 9, 2025 @ 12:36:13.876",4624,"CP-AKT-002931",Negotiate,1076,"2025-04-09T04:38:31.0205836Z",5,Advapi,SYSTEM
"Apr 9, 2025 @ 12:36:13.844",4624,"CP-AKT-002931",Negotiate,1076,"2025-04-09T04:38:30.8961245Z",5,Advapi,SYSTEM
"Apr 9, 2025 @ 12:36:13.814",4624,"CP-AKT-002931",Negotiate,1076,"2025-04-09T04:34:08.0335161Z",5,Advapi,SYSTEM
"Apr 9, 2025 @ 12:36:13.782",4624,"CP-AKT-002931",Negotiate,1076,"2025-04-09T04:30:05.4661539Z",5,Advapi,SYSTEM
"Apr 9, 2025 @ 12:36:13.547",4624,"CP-AKT-002931",Negotiate,1076,"2025-04-09T04:30:00.7552740Z",5,Advapi,SYSTEM
"Apr 9, 2025 @ 12:36:13.516",4624,"CP-AKT-002931",Negotiate,1076,"2025-04-09T04:30:00.6774202Z",5,Advapi,SYSTEM
"Apr 9, 2025 @ 12:36:13.485",4624,"CP-AKT-002931",Negotiate,1076,"2025-04-09T04:28:30.7029316Z",5,Advapi,SYSTEM
"Apr 9, 2025 @ 12:36:13.016",4624,"CP-AKT-002931",Negotiate,1076,"2025-04-09T04:22:23.9242529Z",5,Advapi,SYSTEM
"Apr 9, 2025 @ 12:36:12.986",4624,"CP-AKT-002931",Negotiate,1076,"2025-04-09T04:12:02.3585030Z",5,Advapi,SYSTEM
"Apr 9, 2025 @ 12:36:12.955",4624,"CP-AKT-002931",Negotiate,1076,"2025-04-09T04:12:01.7176749Z",5,Advapi,SYSTEM
"Apr 9, 2025 @ 12:36:12.704",4624,"CP-AKT-002931",Negotiate,1076,"2025-04-09T04:11:39.1494171Z",5,Advapi,SYSTEM
"Apr 9, 2025 @ 12:36:12.673",4624,"CP-AKT-002931",Negotiate,1076,"2025-04-09T04:11:38.7907009Z",5,Advapi,SYSTEM
"Apr 9, 2025 @ 12:36:12.220",4624,"CP-AKT-002931",Negotiate,1076,"2025-04-09T04:11:35.1084086Z",5,Advapi,SYSTEM
"Apr 9, 2025 @ 12:36:12.111",4624,"CP-AKT-002931",Negotiate,1076,"2025-04-09T04:10:56.4806899Z",5,Advapi,SYSTEM
"Apr 9, 2025 @ 12:36:12.048",4624,"CP-AKT-002931",Negotiate,1076,"2025-04-09T03:54:08.7766164Z",5,Advapi,SYSTEM
"Apr 9, 2025 @ 12:36:11.631",4625,"CP-AKT-002912",NTLM,1184,"2025-04-09T07:23:00.5522611Z",3,NtLmSsp,Administrator
"Apr 9, 2025 @ 12:36:11.602",4625,"CP-AKT-002912",NTLM,1184,"2025-04-09T07:22:59.5351908Z",3,NtLmSsp,Administrator
"Apr 9, 2025 @ 12:36:11.554",4625,"CP-AKT-002912",NTLM,1184,"2025-04-09T07:22:58.5037713Z",3,NtLmSsp,Administrator
"Apr 9, 2025 @ 12:36:11.492",4624,"CP-AKT-002912",Negotiate,1184,"2025-04-09T07:15:00.7513740Z",5,Advapi,SYSTEM
"Apr 9, 2025 @ 12:36:11.414",4624,"CP-AKT-002912",Negotiate,1184,"2025-04-09T07:09:42.2402612Z",5,Advapi,SYSTEM
"Apr 9, 2025 @ 12:36:11.220",4624,"CP-AKT-002931",Negotiate,1076,"2025-04-09T03:52:01.3250128Z",5,Advapi,SYSTEM
"Apr 9, 2025 @ 12:36:10.970",4624,"CP-AKT-002931",Negotiate,1076,"2025-04-09T03:48:46.3879042Z",5,Advapi,SYSTEM
"Apr 9, 2025 @ 12:36:10.720",4624,"CP-AKT-002931",Negotiate,1076,"2025-04-09T03:43:46.0875314Z",5,Advapi,SYSTEM
"Apr 9, 2025 @ 12:36:10.476",4624,"CP-AKT-002912",Negotiate,1184,"2025-04-09T07:00:01.7265201Z",5,Advapi,SYSTEM
"Apr 9, 2025 @ 12:36:10.470",4624,"CP-AKT-002931",Negotiate,1076,"2025-04-09T03:38:45.7878418Z",5,Advapi,SYSTEM
"Apr 9, 2025 @ 12:36:10.397",4624,"CP-AKT-002912",Negotiate,1184,"2025-04-09T06:33:11.6808932Z",5,Advapi,SYSTEM
"Apr 9, 2025 @ 12:36:10.349",4625,"CP-AKT-002912",NTLM,1184,"2025-04-09T06:22:30.5805763Z",3,NtLmSsp,Administrator
"Apr 9, 2025 @ 12:36:10.318",4625,"CP-AKT-002912",NTLM,1184,"2025-04-09T06:22:29.5484672Z",3,NtLmSsp,Administrator
"Apr 9, 2025 @ 12:36:10.272",4625,"CP-AKT-002912",NTLM,1184,"2025-04-09T06:22:28.5105603Z",3,NtLmSsp,Administrator
"Apr 9, 2025 @ 12:36:10.220",4624,"CP-AKT-002931",Negotiate,1076,"2025-04-09T03:33:45.5429801Z",5,Advapi,SYSTEM
"Apr 9, 2025 @ 12:36:10.219",4624,"CP-AKT-002912",Negotiate,1184,"2025-04-09T06:15:00.9435451Z",5,Advapi,SYSTEM
"Apr 9, 2025 @ 12:36:09.985",4624,"DESKTOP-5JEIKFF",Negotiate,1000,"2025-04-09T07:35:27.4977104Z",2,User32,Project
"Apr 9, 2025 @ 12:36:09.982",4624,"DESKTOP-5JEIKFF",Negotiate,1000,"2025-04-09T07:35:27.4977011Z",2,User32,Project
"Apr 9, 2025 @ 12:36:09.973",4624,"DESKTOP-5JEIKFF",Negotiate,1000,"2025-04-09T07:35:27.0396793Z",5,Advapi,SYSTEM
"Apr 9, 2025 @ 12:36:09.970",4624,"CP-AKT-002931",Negotiate,1076,"2025-04-09T03:28:45.2874564Z",5,Advapi,SYSTEM
"Apr 9, 2025 @ 12:36:09.939",4624,"CP-AKT-002931",Negotiate,1076,"2025-04-09T03:28:23.7028936Z",5,Advapi,SYSTEM
"Apr 9, 2025 @ 12:36:09.912",4624,"DESKTOP-5JEIKFF",Negotiate,1000,"2025-04-09T07:35:24.5030491Z",5,Advapi,SYSTEM
"Apr 9, 2025 @ 12:36:09.908",4624,"CP-AKT-002931",Negotiate,1076,"2025-04-09T03:25:50.4035679Z",5,Advapi,SYSTEM
"Apr 9, 2025 @ 12:36:09.859",4624,"DESKTOP-5JEIKFF",Negotiate,1000,"2025-04-09T07:35:24.2970392Z",5,Advapi,SYSTEM
"Apr 9, 2025 @ 12:36:09.853",4624,"DESKTOP-5JEIKFF",Negotiate,1000,"2025-04-09T07:35:23.9634297Z",5,Advapi,SYSTEM
"Apr 9, 2025 @ 12:36:09.847",4624,"DESKTOP-5JEIKFF",Negotiate,1000,"2025-04-09T07:35:23.9556272Z",5,Advapi,SYSTEM
"Apr 9, 2025 @ 12:36:09.841",4624,"DESKTOP-5JEIKFF",Negotiate,1000,"2025-04-09T07:35:23.9376880Z",5,Advapi,SYSTEM
"Apr 9, 2025 @ 12:36:09.836",4624,"DESKTOP-5JEIKFF",Negotiate,1000,"2025-04-09T07:35:23.9129288Z",5,Advapi,SYSTEM
"Apr 9, 2025 @ 12:36:09.833",4624,"DESKTOP-5JEIKFF",Negotiate,1000,"2025-04-09T07:35:23.8788049Z",5,Advapi,SYSTEM
"Apr 9, 2025 @ 12:36:09.752",4624,"CP-AKT-002931",Negotiate,1076,"2025-04-09T03:23:22.7953249Z",5,Advapi,SYSTEM
"Apr 9, 2025 @ 12:36:09.611",4624,"CP-AKT-002931",Negotiate,1076,"2025-04-09T03:23:07.7885539Z",5,Advapi,SYSTEM
"Apr 9, 2025 @ 12:36:09.599",4624,"CP-AKT-002912",Negotiate,1184,"2025-04-09T05:36:34.5837961Z",5,Advapi,SYSTEM
"Apr 9, 2025 @ 12:36:09.553",4625,"CP-AKT-002912",NTLM,1184,"2025-04-09T05:21:45.6024317Z",3,NtLmSsp,Administrator
"Apr 9, 2025 @ 12:36:09.551",4624,"DESKTOP-5JEIKFF",Negotiate,1000,"2025-04-09T07:35:23.2500987Z",5,Advapi,SYSTEM
"Apr 9, 2025 @ 12:36:09.521",4625,"CP-AKT-002912",NTLM,1184,"2025-04-09T05:21:44.5646823Z",3,NtLmSsp,Administrator
"Apr 9, 2025 @ 12:36:09.490",4625,"CP-AKT-002912",NTLM,1184,"2025-04-09T05:21:43.5264631Z",3,NtLmSsp,Administrator
"Apr 9, 2025 @ 12:36:09.428",4624,"CP-AKT-002912",Negotiate,1184,"2025-04-09T05:15:00.7414470Z",5,Advapi,SYSTEM
"Apr 9, 2025 @ 12:36:09.365",4625,"CP-AKT-002912",NTLM,1184,"2025-04-09T04:19:30.4930597Z",3,NtLmSsp,Administrator
"Apr 9, 2025 @ 12:36:09.334",4625,"CP-AKT-002912",NTLM,1184,"2025-04-09T04:19:29.4738331Z",3,NtLmSsp,Administrator
"Apr 9, 2025 @ 12:36:09.302",4625,"CP-AKT-002912",NTLM,1184,"2025-04-09T04:19:28.4377820Z",3,NtLmSsp,Administrator
"Apr 9, 2025 @ 12:36:09.241",4624,"CP-AKT-002912",Negotiate,1184,"2025-04-09T04:15:01.2770150Z",5,Advapi,SYSTEM
"Apr 9, 2025 @ 12:36:09.162",4624,"CP-AKT-002912",Negotiate,1184,"2025-04-09T04:15:00.8972321Z",5,Advapi,SYSTEM
"Apr 9, 2025 @ 12:36:09.084",4624,"CP-AKT-002912",Negotiate,1184,"2025-04-09T04:01:56.0083578Z",5,Advapi,SYSTEM
"Apr 9, 2025 @ 12:36:08.600",4624,"CP-AKT-002912",Negotiate,1184,"2025-04-09T04:01:53.9299150Z",5,Advapi,SYSTEM
"Apr 9, 2025 @ 12:36:08.580",4624,"CP-AKT-002931",Negotiate,1076,"2025-04-09T03:18:44.7338173Z",5,Advapi,SYSTEM
"Apr 9, 2025 @ 12:36:08.549",4624,"CP-AKT-002931",Negotiate,1076,"2025-04-09T03:17:51.5711368Z",5,Advapi,SYSTEM
"Apr 9, 2025 @ 12:36:08.537",4624,"CP-AKT-002912",Negotiate,1184,"2025-04-09T04:01:53.6039545Z",5,Advapi,SYSTEM
"Apr 9, 2025 @ 12:36:08.518",4624,"CP-AKT-002931",Negotiate,1076,"2025-04-09T03:17:47.4637849Z",5,Advapi,SYSTEM
"Apr 9, 2025 @ 12:36:08.486",4624,"CP-AKT-002931",Negotiate,1076,"2025-04-09T03:17:47.4108238Z",5,Advapi,SYSTEM
"Apr 9, 2025 @ 12:36:08.475",4624,"CP-AKT-002912",Negotiate,1184,"2025-04-09T04:01:53.5386394Z",5,Advapi,SYSTEM
"Apr 9, 2025 @ 12:36:08.397",4624,"CP-AKT-002912",Negotiate,1184,"2025-04-09T04:01:53.5077767Z",5,Advapi,SYSTEM
"Apr 9, 2025 @ 12:36:08.318",4624,"CP-AKT-002912",Negotiate,1184,"2025-04-09T04:00:22.5981828Z",5,Advapi,SYSTEM
"Apr 9, 2025 @ 12:36:08.127",4624,"CP-AKT-002931",Negotiate,1076,"2025-04-09T03:12:56.3349380Z",5,Advapi,SYSTEM
"Apr 9, 2025 @ 12:36:08.096",4624,"CP-AKT-002931",Negotiate,1076,"2025-04-09T03:10:57.1043891Z",5,Advapi,SYSTEM
"Apr 9, 2025 @ 12:36:08.064",4624,"CP-AKT-002931",Negotiate,1076,"2025-04-09T03:10:56.5823511Z",5,Advapi,SYSTEM
"Apr 9, 2025 @ 12:36:08.032",4624,"CP-AKT-002931",Negotiate,1076,"2025-04-09T03:10:55.7099031Z",5,Advapi,SYSTEM
"Apr 9, 2025 @ 12:36:07.877",4624,"CP-AKT-002931",Negotiate,1076,"2025-04-09T03:06:56.4668189Z",5,Advapi,SYSTEM
"Apr 9, 2025 @ 12:36:07.803",4624,"CP-AKT-002912",Negotiate,1184,"2025-04-09T03:54:18.2218264Z",5,Advapi,SYSTEM
"Apr 9, 2025 @ 12:36:07.740",4624,"CP-AKT-002912",Negotiate,1184,"2025-04-09T03:37:50.4153178Z",5,Advapi,SYSTEM
"Apr 9, 2025 @ 12:36:07.734",4624,"CP-AKT-002931",Negotiate,1076,"2025-04-09T03:06:55.6456535Z",5,Advapi,SYSTEM
"Apr 9, 2025 @ 12:36:07.703",4624,"CP-AKT-002931",Negotiate,1076,"2025-04-09T03:06:55.6323499Z",5,Advapi,SYSTEM
"Apr 9, 2025 @ 12:36:07.672",4624,"CP-AKT-002931",Negotiate,1076,"2025-04-09T03:06:55.5791351Z",5,Advapi,SYSTEM
"Apr 9, 2025 @ 12:36:07.662",4624,"CP-AKT-002912",Negotiate,1184,"2025-04-09T03:37:16.7695757Z",5,Advapi,SYSTEM
"Apr 9, 2025 @ 12:36:07.641",4624,"CP-AKT-002931",Negotiate,1076,"2025-04-09T03:06:55.5071673Z",5,Advapi,SYSTEM
"Apr 9, 2025 @ 12:36:07.485",4624,"CP-AKT-002931",Negotiate,1076,"2025-04-09T03:01:56.7979184Z",5,Advapi,SYSTEM
"Apr 9, 2025 @ 12:36:07.282",4624,"CP-AKT-002931",Negotiate,1076,"2025-04-09T03:01:22.5910599Z",5,Advapi,SYSTEM
"Apr 9, 2025 @ 12:36:07.032",4624,"CP-AKT-002931",Negotiate,1076,"2025-04-09T03:01:19.9735540Z",5,Advapi,SYSTEM
"Apr 9, 2025 @ 12:36:06.944",4624,"CP-AKT-002912",Negotiate,1184,"2025-04-09T03:37:11.6600916Z",5,Advapi,SYSTEM
"Apr 9, 2025 @ 12:36:06.881",4624,"CP-AKT-002912",Negotiate,1184,"2025-04-09T03:37:09.5688501Z",5,Advapi,SYSTEM
"Apr 9, 2025 @ 12:36:06.819",4624,"CP-AKT-002912",Negotiate,1184,"2025-04-09T03:32:32.8826447Z",5,Advapi,SYSTEM
"Apr 9, 2025 @ 12:36:06.757",4624,"CP-AKT-002912",Negotiate,1184,"2025-04-09T03:30:53.7542705Z",5,Advapi,SYSTEM
"Apr 9, 2025 @ 12:36:06.272",4624,"CP-AKT-002912",Negotiate,1184,"2025-04-09T03:30:52.0718046Z",5,Advapi,SYSTEM
"Apr 9, 2025 @ 12:36:06.210",4624,"CP-AKT-002912",Negotiate,1184,"2025-04-09T03:30:51.6981150Z",5,Advapi,SYSTEM
"Apr 9, 2025 @ 12:36:06.149",4624,"CP-AKT-002912",Negotiate,1184,"2025-04-09T03:30:51.5093974Z",5,Advapi,SYSTEM
"Apr 9, 2025 @ 12:36:05.413",4624,"CP-AKT-002912",Negotiate,1184,"2025-04-09T03:20:59.4677219Z",5,Advapi,SYSTEM
"Apr 9, 2025 @ 12:36:05.382",4625,"CP-AKT-002912",NTLM,1184,"2025-04-09T03:18:20.4569081Z",3,NtLmSsp,Administrator
"Apr 9, 2025 @ 12:36:05.351",4625,"CP-AKT-002912",NTLM,1184,"2025-04-09T03:18:19.4350958Z",3,NtLmSsp,Administrator
"Apr 9, 2025 @ 12:36:05.321",4625,"CP-AKT-002912",NTLM,1184,"2025-04-09T03:18:18.4037281Z",3,NtLmSsp,Administrator
"Apr 9, 2025 @ 12:36:05.257",4624,"CP-AKT-002912",Negotiate,1184,"2025-04-09T03:15:01.8649319Z",5,Advapi,SYSTEM
"Apr 9, 2025 @ 12:36:05.195",4624,"CP-AKT-002912",Negotiate,1184,"2025-04-09T03:15:00.1704414Z",5,Advapi,SYSTEM
"Apr 9, 2025 @ 12:36:05.132",4624,"CP-AKT-002912",Negotiate,1184,"2025-04-09T03:15:00.0834535Z",5,Advapi,SYSTEM
"Apr 9, 2025 @ 12:36:04.994",4624,"CP-AKT-002912",Negotiate,1184,"2025-04-09T03:10:58.0312970Z",5,Advapi,SYSTEM
"Apr 9, 2025 @ 12:36:04.664",4624,"CP-AKT-002912",Negotiate,1184,"2025-04-09T03:00:49.9878261Z",5,Advapi,SYSTEM
"Apr 9, 2025 @ 12:36:04.612",4624,"CP-AKT-002931",Negotiate,1076,"2025-04-09T02:53:33.6358198Z",5,Advapi,SYSTEM
"Apr 9, 2025 @ 12:36:04.601",4624,"CP-AKT-002912",Negotiate,1184,"2025-04-09T03:00:49.5910512Z",5,Advapi,SYSTEM
"Apr 9, 2025 @ 12:36:04.580",4624,"CP-AKT-002931",Negotiate,1076,"2025-04-09T02:53:33.5417049Z",5,Advapi,SYSTEM
"Apr 9, 2025 @ 12:36:04.539",4624,"CP-AKT-002912",Negotiate,1184,"2025-04-09T02:58:17.2325719Z",5,Advapi,SYSTEM
"Apr 9, 2025 @ 12:36:04.320",4624,"CP-AKT-002912",Negotiate,1184,"2025-04-09T02:57:20.5999013Z",5,Advapi,SYSTEM
"Apr 9, 2025 @ 12:36:04.221",4624,"CP-AKT-002931",Negotiate,1076,"2025-04-09T02:53:31.8649630Z",5,Advapi,SYSTEM
"Apr 9, 2025 @ 12:36:04.018",4624,"CP-AKT-002931",Negotiate,1076,"2025-04-09T02:53:31.7369713Z",5,Advapi,SYSTEM
"Apr 9, 2025 @ 12:36:03.987",4624,"CP-AKT-002931",Negotiate,1076,"2025-04-09T02:53:31.7037575Z",5,Advapi,SYSTEM
"Apr 9, 2025 @ 12:36:03.977",4624,"CP-AKT-002912",Negotiate,1184,"2025-04-09T02:57:19.9387248Z",5,Advapi,SYSTEM
"Apr 9, 2025 @ 12:36:03.945",4624,"CP-AKT-002912",Negotiate,1184,"2025-04-09T02:57:19.8006362Z",5,Advapi,SYSTEM
"Apr 9, 2025 @ 12:36:03.899",4624,"CP-AKT-002912",Negotiate,1184,"2025-04-09T02:52:51.9812948Z",5,Advapi,SYSTEM
"Apr 9, 2025 @ 12:36:03.852",4624,"CP-AKT-002912",Negotiate,1184,"2025-04-09T02:52:35.0223793Z",5,Advapi,"SQLTELEMETRY$SQLEXPRESS"
"Apr 9, 2025 @ 12:36:03.831",4624,"CP-AKT-002931",Negotiate,1076,"2025-04-09T02:53:31.6542062Z",5,Advapi,SYSTEM
"Apr 9, 2025 @ 12:36:03.800",4624,"CP-AKT-002931",Negotiate,1076,"2025-04-09T02:53:31.5895328Z",5,Advapi,SYSTEM
"Apr 9, 2025 @ 12:36:03.789",4624,"CP-AKT-002912",Negotiate,1184,"2025-04-09T02:52:34.7749261Z",5,Advapi,SQLTELEMETRY
"Apr 9, 2025 @ 12:36:03.770",4624,"CP-AKT-002931",Negotiate,1076,"2025-04-09T02:53:31.5643602Z",5,Advapi,SYSTEM
"Apr 9, 2025 @ 12:36:03.656",4624,"CP-AKT-002931",Negotiate,1076,"2025-03-30T07:03:22.7965187Z",5,Advapi,SYSTEM
"Apr 9, 2025 @ 12:36:03.629",4624,"CP-AKT-002912",Negotiate,1184,"2025-04-09T02:51:34.5360339Z",5,Advapi,SYSTEM
"Apr 9, 2025 @ 12:36:03.625",4624,"CP-AKT-002931",Negotiate,1076,"2025-03-30T07:03:22.3889849Z",5,Advapi,SYSTEM
"Apr 9, 2025 @ 12:36:03.508",4624,"CP-AKT-002912",Negotiate,1184,"2025-04-09T02:52:32.8396583Z",5,Advapi,MSSQLSERVER
"Apr 9, 2025 @ 12:36:03.485",4624,"CP-AKT-002931",Negotiate,1076,"2025-03-30T07:03:19.0609038Z",5,Advapi,SYSTEM
"Apr 9, 2025 @ 12:36:03.472",4624,"CP-AKT-002931",Negotiate,1076,"2025-03-30T07:04:13.2332231Z",5,Advapi,SYSTEM
"Apr 9, 2025 @ 12:36:03.441",4624,"CP-AKT-002931",Negotiate,1076,"2025-03-30T07:04:13.1584994Z",5,Advapi,SYSTEM
"Apr 9, 2025 @ 12:36:03.302",4624,"CP-AKT-002912",Negotiate,1184,"2025-04-09T02:51:32.8773138Z",5,Advapi,SYSTEM
"Apr 9, 2025 @ 12:36:03.243",4624,"CP-AKT-002912",Negotiate,1184,"2025-04-09T02:52:31.5195997Z",5,Advapi,"MSSQL$SQLEXPRESS"
"Apr 9, 2025 @ 12:36:03.224",4624,"CP-AKT-002912",Negotiate,1184,"2025-04-09T02:51:32.5258218Z",5,Advapi,SYSTEM
"Apr 9, 2025 @ 12:36:03.196",4624,"CP-AKT-002912",Negotiate,1184,"2025-04-09T02:52:17.6692912Z",5,Advapi,SYSTEM
"Apr 9, 2025 @ 12:36:03.193",4624,"CP-AKT-002912",Negotiate,1184,"2025-04-09T02:51:32.4533218Z",5,Advapi,SYSTEM
"Apr 9, 2025 @ 12:36:03.161",4624,"CP-AKT-002912",Negotiate,1184,"2025-04-09T02:51:32.4455075Z",5,Advapi,SYSTEM
"Apr 9, 2025 @ 12:36:03.083",4624,"CP-AKT-002912",Negotiate,1184,"2025-04-09T02:51:32.1810605Z",5,Advapi,SYSTEM
"Apr 9, 2025 @ 12:36:03.052",4624,"CP-AKT-002912",Negotiate,1184,"2025-04-09T02:51:32.1145976Z",5,Advapi,SYSTEM
"Apr 9, 2025 @ 12:36:03.021",4624,"CP-AKT-002912",Negotiate,1184,"2025-04-09T02:51:32.1066949Z",5,Advapi,SYSTEM
"Apr 9, 2025 @ 12:36:02.943",4624,"CP-AKT-002912",Negotiate,1184,"2025-04-09T02:51:32.0076038Z",5,Advapi,SYSTEM
"Apr 9, 2025 @ 12:36:02.912",4624,"CP-AKT-002912",Negotiate,1184,"2025-04-09T02:51:31.9964511Z",5,Advapi,SYSTEM
"Apr 9, 2025 @ 12:36:02.240",4624,"CP-AKT-002912",Negotiate,1184,"2025-04-08T12:33:35.8374382Z",5,Advapi,SYSTEM
"Apr 9, 2025 @ 12:36:01.881",4624,"CP-AKT-002912",Negotiate,1184,"2025-04-08T12:33:34.7582356Z",5,Advapi,SYSTEM
"Apr 9, 2025 @ 12:36:01.849",4624,"CP-AKT-002912",Negotiate,1184,"2025-04-08T12:33:31.6891073Z",5,Advapi,SYSTEM
"Apr 9, 2025 @ 12:36:01.720",4624,"CP-AKT-002931",Negotiate,1076,"2025-03-30T07:03:08.6316625Z",5,Advapi,SYSTEM
"Apr 9, 2025 @ 12:36:01.674",4624,"CP-AKT-002931",Negotiate,1076,"2025-03-30T07:03:08.4525543Z",5,Advapi,SYSTEM
"Apr 9, 2025 @ 12:36:01.662",4624,"CP-AKT-002912",Negotiate,1184,"2025-04-08T12:33:28.7327616Z",5,Advapi,SYSTEM
"Apr 9, 2025 @ 12:36:01.642",4624,"CP-AKT-002931",Negotiate,1076,"2025-03-30T07:03:06.8601885Z",5,Advapi,SYSTEM
"Apr 9, 2025 @ 12:36:01.611",4624,"CP-AKT-002931",Negotiate,1076,"2025-03-30T07:03:05.9840674Z",5,Advapi,SYSTEM
"Apr 9, 2025 @ 12:36:00.413",4624,"CP-AKT-002912",Negotiate,1184,"2025-04-08T12:33:26.3953111Z",5,Advapi,SYSTEM
"Apr 9, 2025 @ 12:36:00.319",4624,"CP-AKT-002912",Negotiate,1184,"2025-04-08T12:33:25.7038194Z",5,Advapi,SYSTEM
"Apr 9, 2025 @ 12:36:00.194",4624,"CP-AKT-002912",Negotiate,1184,"2025-04-08T12:33:24.3626536Z",11,User32,"acuk.student"
"Apr 9, 2025 @ 12:36:00.163",4625,"CP-AKT-002912",Negotiate,1184,"2025-04-08T12:33:17.9020155Z",2,User32,"acuk.student"
"Apr 9, 2025 @ 12:36:00.132",4624,"CP-AKT-002912",Negotiate,1184,"2025-04-08T12:33:11.6035038Z",5,Advapi,SYSTEM
"Apr 9, 2025 @ 12:36:00.100",4624,"CP-AKT-002912",Negotiate,1184,"2025-04-08T12:33:11.5706120Z",5,Advapi,SYSTEM
"Apr 9, 2025 @ 12:36:00.070",4624,"CP-AKT-002912",Negotiate,1184,"2025-04-08T12:33:11.5083537Z",5,Advapi,SYSTEM
"Apr 9, 2025 @ 12:36:00.038",4624,"CP-AKT-002912",Negotiate,1184,"2025-04-08T12:33:11.3979952Z",5,Advapi,SYSTEM
"Apr 9, 2025 @ 12:36:00.007",4624,"CP-AKT-002912",Negotiate,1184,"2025-04-08T12:33:11.3215758Z",5,Advapi,SYSTEM
"Apr 9, 2025 @ 12:35:59.976",4624,"CP-AKT-002912",Negotiate,1184,"2025-04-08T12:33:11.3214614Z",5,Advapi,SYSTEM
"Apr 9, 2025 @ 12:35:59.945",4624,"CP-AKT-002912",Negotiate,1184,"2025-04-08T12:33:11.3214288Z",5,Advapi,SYSTEM
"Apr 9, 2025 @ 12:35:59.866",4624,"CP-AKT-002912",Negotiate,1184,"2025-04-08T12:32:43.6321760Z",5,Advapi,"2193E8EA-4E70-44B2-B568-3C1CA36C59F6"
"Apr 9, 2025 @ 12:35:59.819",4624,"CP-AKT-002912",Negotiate,1184,"2025-04-08T12:32:43.5620316Z",5,Advapi,SYSTEM
"Apr 9, 2025 @ 12:35:59.800",4624,"CP-AKT-002931",Negotiate,1076,"2025-03-30T07:03:04.4446106Z",5,Advapi,SYSTEM
"Apr 9, 2025 @ 12:35:59.663",4624,"CP-AKT-002912",Negotiate,1184,"2025-04-08T12:32:42.0971684Z",5,Advapi,SYSTEM
"Apr 9, 2025 @ 12:35:59.628",4624,"CP-AKT-002931",Negotiate,1076,"2025-03-30T07:03:03.2495422Z",5,Advapi,SYSTEM
"Apr 9, 2025 @ 12:35:59.550",4624,"CP-AKT-002931",Negotiate,1076,"2025-03-30T07:03:02.4280595Z",5,Advapi,SYSTEM
"Apr 9, 2025 @ 12:35:59.285",4624,"CP-AKT-002931",Negotiate,1076,"2025-03-30T07:03:01.4190802Z",11,User32,"acuk.student"
"Apr 9, 2025 @ 12:35:59.191",4624,"CP-AKT-002931",Negotiate,1076,"2025-03-30T07:02:42.6487047Z",5,Advapi,SYSTEM
"Apr 9, 2025 @ 12:35:59.097",4624,"CP-AKT-002931",Negotiate,1076,"2025-03-30T07:02:42.6148816Z",5,Advapi,SYSTEM
"Apr 9, 2025 @ 12:35:59.035",4624,"CP-AKT-002931",Negotiate,1076,"2025-03-30T07:02:42.5525585Z",5,Advapi,SYSTEM
"Apr 9, 2025 @ 12:35:58.988",4624,"CP-AKT-002931",Negotiate,1076,"2025-03-30T07:02:42.4591711Z",5,Advapi,SYSTEM
"Apr 9, 2025 @ 12:35:58.951",4624,"CP-AKT-002931",Negotiate,1076,"2025-03-30T07:02:42.3972729Z",5,Advapi,SYSTEM
"Apr 9, 2025 @ 12:35:58.847",4624,"CP-AKT-002931",Negotiate,1076,"2025-03-30T07:02:42.3971619Z",5,Advapi,SYSTEM
"Apr 9, 2025 @ 12:35:58.785",4624,"CP-AKT-002931",Negotiate,1076,"2025-03-30T07:02:42.3970832Z",5,Advapi,SYSTEM
"Apr 9, 2025 @ 12:35:58.707",4624,"CP-AKT-002931",Negotiate,1076,"2025-03-30T07:02:14.7019712Z",5,Advapi,SYSTEM
"Apr 9, 2025 @ 12:35:58.380",4624,"CP-AKT-002931",Negotiate,1076,"2025-03-30T07:02:12.3852563Z",5,Advapi,SYSTEM
"Apr 9, 2025 @ 12:35:58.254",4624,"CP-AKT-002931",Negotiate,1076,"2025-03-30T07:02:12.2921040Z",5,Advapi,SYSTEM
"Apr 9, 2025 @ 12:35:58.052",4624,"CP-AKT-002931",Negotiate,1076,"2025-03-30T07:02:12.2481574Z",5,Advapi,SYSTEM
"Apr 9, 2025 @ 12:35:57.989",4624,"CP-AKT-002931",Negotiate,1076,"2025-03-30T07:02:12.2138802Z",5,Advapi,SYSTEM
"Apr 9, 2025 @ 12:35:57.927",4624,"CP-AKT-002931",Negotiate,1076,"2025-03-30T07:02:12.2130778Z",5,Advapi,SYSTEM
"Apr 9, 2025 @ 12:35:57.864",4624,"CP-AKT-002931",Negotiate,1076,"2025-03-30T07:02:12.2128153Z",5,Advapi,SYSTEM
"Apr 9, 2025 @ 12:35:57.803",4624,"CP-AKT-002931",Negotiate,1076,"2025-03-30T07:02:12.2127022Z",5,Advapi,SYSTEM
"Apr 9, 2025 @ 12:35:57.740",4624,"CP-AKT-002931",Negotiate,1076,"2025-03-30T07:02:12.2123907Z",5,Advapi,SYSTEM
"Apr 9, 2025 @ 12:35:57.677",4624,"CP-AKT-002931",Negotiate,1076,"2025-03-30T07:02:12.2120392Z",5,Advapi,SYSTEM
"Apr 9, 2025 @ 12:35:57.583",4624,"CP-AKT-002931",Negotiate,1076,"2025-03-30T07:02:12.2117094Z",5,Advapi,SYSTEM
"Apr 9, 2025 @ 12:35:57.505",4624,"CP-AKT-002931",Negotiate,1076,"2025-03-30T07:02:12.2105404Z",5,Advapi,SYSTEM
"Apr 9, 2025 @ 12:35:57.443",4624,"CP-AKT-002931",Negotiate,1076,"2025-03-30T07:02:12.1484093Z",5,Advapi,SYSTEM
"Apr 9, 2025 @ 12:35:57.365",4624,"CP-AKT-002931",Negotiate,1076,"2025-03-30T07:02:12.1131457Z",5,Advapi,SYSTEM
"Apr 9, 2025 @ 12:35:57.272",4624,"CP-AKT-002931",Negotiate,1076,"2025-03-30T07:02:12.1060645Z",5,Advapi,SYSTEM
"Apr 9, 2025 @ 12:35:57.194",4624,"CP-AKT-002931",Negotiate,1076,"2025-03-30T07:02:11.9949428Z",5,Advapi,SYSTEM
"Apr 9, 2025 @ 12:35:57.055",4624,"CP-AKT-002931",Negotiate,1076,"2025-03-30T07:02:11.9815142Z",5,Advapi,SYSTEM
"Mar 26, 2025 @ 14:11:12.880",4624,"CP-AKT-002907",Negotiate,1156,"2025-03-26T09:11:11.3858712Z",5,Advapi,SYSTEM
"Mar 26, 2025 @ 14:11:12.880",4624,"CP-AKT-002907",Negotiate,1156,"2025-03-26T09:11:11.3858712Z",5,Advapi,SYSTEM
"Mar 26, 2025 @ 14:11:12.867",4624,"CP-AKT-002907",Negotiate,1156,"2025-03-26T09:11:10.9651028Z",5,Advapi,SYSTEM
"Mar 26, 2025 @ 14:11:12.867",4624,"CP-AKT-002907",Negotiate,1156,"2025-03-26T09:11:10.9651028Z",5,Advapi,SYSTEM
"Mar 26, 2025 @ 14:10:59.598",4625,"CP-AKT-002912",NTLM,1212,"2025-03-26T09:10:58.5939452Z",3,NtLmSsp,Administrator
"Mar 26, 2025 @ 14:10:59.598",4625,"CP-AKT-002912",NTLM,1212,"2025-03-26T09:10:58.5939452Z",3,NtLmSsp,Administrator
"Mar 26, 2025 @ 14:10:58.566",4625,"CP-AKT-002912",NTLM,1212,"2025-03-26T09:10:57.5688556Z",3,NtLmSsp,Administrator
"Mar 26, 2025 @ 14:10:58.566",4625,"CP-AKT-002912",NTLM,1212,"2025-03-26T09:10:57.5688556Z",3,NtLmSsp,Administrator
"Mar 26, 2025 @ 14:10:57.537",4625,"CP-AKT-002912",NTLM,1212,"2025-03-26T09:10:56.5298983Z",3,NtLmSsp,Administrator
"Mar 26, 2025 @ 14:10:57.537",4625,"CP-AKT-002912",NTLM,1212,"2025-03-26T09:10:56.5298983Z",3,NtLmSsp,Administrator
"Mar 26, 2025 @ 14:10:31.607",4624,"DESKTOP-5JEIKFF",Negotiate,1016,"2025-03-26T09:10:30.8272501Z",5,Advapi,SYSTEM
"Mar 26, 2025 @ 14:10:31.607",4624,"DESKTOP-5JEIKFF",Negotiate,1016,"2025-03-26T09:10:30.8272501Z",5,Advapi,SYSTEM
"Mar 26, 2025 @ 14:04:20.017",4624,"CP-AKT-002911",Negotiate,1108,"2025-03-26T09:04:18.7178272Z",5,Advapi,SYSTEM
"Mar 26, 2025 @ 14:04:20.017",4624,"CP-AKT-002911",Negotiate,1108,"2025-03-26T09:04:18.7178272Z",5,Advapi,SYSTEM
"Mar 26, 2025 @ 14:04:17.028",4624,"CP-AKT-002912",Negotiate,1212,"2025-03-26T09:04:16.0291412Z",5,Advapi,SYSTEM
"Mar 26, 2025 @ 14:04:17.028",4624,"CP-AKT-002912",Negotiate,1212,"2025-03-26T09:04:16.0291412Z",5,Advapi,SYSTEM
"Mar 26, 2025 @ 13:56:46.594",4624,"CP-AKT-002931",Negotiate,1040,"2025-03-26T08:56:44.7320618Z",5,Advapi,SYSTEM
"Mar 26, 2025 @ 13:56:46.594",4624,"CP-AKT-002931",Negotiate,1040,"2025-03-26T08:56:44.7320618Z",5,Advapi,SYSTEM
"Mar 26, 2025 @ 13:56:44.752",4624,"CP-AKT-002912",Negotiate,1212,"2025-03-26T08:56:43.7175270Z",5,Advapi,SYSTEM
"Mar 26, 2025 @ 13:56:44.752",4624,"CP-AKT-002912",Negotiate,1212,"2025-03-26T08:56:43.7175270Z",5,Advapi,SYSTEM
"Mar 26, 2025 @ 13:48:05.307",4624,"CP-AKT-002912",Negotiate,1212,"2025-03-26T08:48:04.2872056Z",5,Advapi,SYSTEM
"Mar 26, 2025 @ 13:48:05.307",4624,"CP-AKT-002912",Negotiate,1212,"2025-03-26T08:48:04.2872056Z",5,Advapi,SYSTEM
"Mar 26, 2025 @ 13:48:01.142",4624,"CP-AKT-002912",Negotiate,1212,"2025-03-26T08:48:00.1307525Z",5,Advapi,SYSTEM
"Mar 26, 2025 @ 13:48:01.142",4624,"CP-AKT-002912",Negotiate,1212,"2025-03-26T08:48:00.1307525Z",5,Advapi,SYSTEM
"Mar 26, 2025 @ 13:46:51.401",4624,"CP-AKT-002907",Negotiate,1156,"2025-03-26T08:46:49.5141316Z",5,Advapi,SYSTEM
"Mar 26, 2025 @ 13:46:51.401",4624,"CP-AKT-002907",Negotiate,1156,"2025-03-26T08:46:49.5141316Z",5,Advapi,SYSTEM
"Mar 26, 2025 @ 13:46:35.545",4624,"CP-AKT-002912",Negotiate,1212,"2025-03-26T08:46:34.5316441Z",5,Advapi,SYSTEM
"Mar 26, 2025 @ 13:46:35.545",4624,"CP-AKT-002912",Negotiate,1212,"2025-03-26T08:46:34.5316441Z",5,Advapi,SYSTEM
"Mar 26, 2025 @ 13:42:46.338",4624,"CP-AKT-002907",Negotiate,1156,"2025-03-26T08:42:44.5077609Z",5,Advapi,SYSTEM
"Mar 26, 2025 @ 13:42:46.338",4624,"CP-AKT-002907",Negotiate,1156,"2025-03-26T08:42:44.5077609Z",5,Advapi,SYSTEM
"Mar 26, 2025 @ 13:42:46.325",4624,"CP-AKT-002907",Negotiate,1156,"2025-03-26T08:42:44.4384220Z",5,Advapi,SYSTEM
"Mar 26, 2025 @ 13:42:46.325",4624,"CP-AKT-002907",Negotiate,1156,"2025-03-26T08:42:44.4384220Z",5,Advapi,SYSTEM
"Mar 26, 2025 @ 13:39:47.806",4624,"CP-AKT-002907",Negotiate,1156,"2025-03-26T08:39:45.9295671Z",5,Advapi,SYSTEM
"Mar 26, 2025 @ 13:39:47.806",4624,"CP-AKT-002907",Negotiate,1156,"2025-03-26T08:39:45.9295671Z",5,Advapi,SYSTEM
"Mar 26, 2025 @ 13:34:23.534",4624,"CP-AKT-002911",Negotiate,1108,"2025-03-26T08:34:22.2748066Z",5,Advapi,SYSTEM
"Mar 26, 2025 @ 13:34:23.534",4624,"CP-AKT-002911",Negotiate,1108,"2025-03-26T08:34:22.2748066Z",5,Advapi,SYSTEM
"Mar 26, 2025 @ 13:34:19.341",4624,"CP-AKT-002911",Negotiate,1108,"2025-03-26T08:34:18.0830619Z",5,Advapi,SYSTEM
"Mar 26, 2025 @ 13:34:19.341",4624,"CP-AKT-002911",Negotiate,1108,"2025-03-26T08:34:18.0830619Z",5,Advapi,SYSTEM
"Mar 26, 2025 @ 13:33:38.580",4624,"DESKTOP-5JEIKFF",Negotiate,1016,"2025-03-26T08:33:37.8322460Z",5,Advapi,SYSTEM
"Mar 26, 2025 @ 13:33:38.580",4624,"DESKTOP-5JEIKFF",Negotiate,1016,"2025-03-26T08:33:37.8322460Z",5,Advapi,SYSTEM
"Mar 26, 2025 @ 13:33:30.735",4624,"DESKTOP-5JEIKFF",Negotiate,1016,"2025-03-26T08:33:29.9901431Z",5,Advapi,SYSTEM
"Mar 26, 2025 @ 13:33:30.735",4624,"DESKTOP-5JEIKFF",Negotiate,1016,"2025-03-26T08:33:29.9901431Z",5,Advapi,SYSTEM
"Mar 26, 2025 @ 13:33:23.462",4624,"DESKTOP-5JEIKFF",Negotiate,1016,"2025-03-26T08:33:22.7180649Z",5,Advapi,SYSTEM
"Mar 26, 2025 @ 13:33:23.462",4624,"DESKTOP-5JEIKFF",Negotiate,1016,"2025-03-26T08:33:22.7180649Z",5,Advapi,SYSTEM
"Mar 26, 2025 @ 13:33:23.450",4624,"DESKTOP-5JEIKFF",Negotiate,1016,"2025-03-26T08:33:22.6978870Z",5,Advapi,SYSTEM
"Mar 26, 2025 @ 13:33:23.450",4624,"DESKTOP-5JEIKFF",Negotiate,1016,"2025-03-26T08:33:22.6978870Z",5,Advapi,SYSTEM
"Mar 26, 2025 @ 13:32:57.942",4624,"CP-AKT-002907",Negotiate,1156,"2025-03-26T08:32:56.0456482Z",5,Advapi,SYSTEM
"Mar 26, 2025 @ 13:32:57.942",4624,"CP-AKT-002907",Negotiate,1156,"2025-03-26T08:32:56.0456482Z",5,Advapi,SYSTEM
"Mar 26, 2025 @ 13:29:47.084",4624,"CP-AKT-002907",Negotiate,1156,"2025-03-26T08:29:45.2057111Z",5,Advapi,SYSTEM
"Mar 26, 2025 @ 13:29:47.084",4624,"CP-AKT-002907",Negotiate,1156,"2025-03-26T08:29:45.2057111Z",5,Advapi,SYSTEM
"Mar 26, 2025 @ 13:29:42.734",4624,"CP-AKT-002907",Negotiate,1156,"2025-03-26T08:29:40.8453975Z",5,Advapi,SYSTEM
"Mar 26, 2025 @ 13:29:42.734",4624,"CP-AKT-002907",Negotiate,1156,"2025-03-26T08:29:40.8453975Z",5,Advapi,SYSTEM
"Mar 26, 2025 @ 13:26:59.598",4624,"CP-AKT-002907",Negotiate,1156,"2025-03-26T08:26:57.7255914Z",5,Advapi,SYSTEM
"Mar 26, 2025 @ 13:26:59.598",4624,"CP-AKT-002907",Negotiate,1156,"2025-03-26T08:26:57.7255914Z",5,Advapi,SYSTEM
"Mar 26, 2025 @ 13:26:47.797",4624,"CP-AKT-002931",Negotiate,1040,"2025-03-26T08:26:45.9528664Z",5,Advapi,SYSTEM
"Mar 26, 2025 @ 13:26:47.797",4624,"CP-AKT-002931",Negotiate,1040,"2025-03-26T08:26:45.9528664Z",5,Advapi,SYSTEM
"Mar 26, 2025 @ 13:26:44.619",4624,"DESKTOP-5JEIKFF",Negotiate,1016,"2025-03-26T08:26:43.8770781Z",5,Advapi,SYSTEM
"Mar 26, 2025 @ 13:26:44.619",4624,"DESKTOP-5JEIKFF",Negotiate,1016,"2025-03-26T08:26:43.8770781Z",5,Advapi,SYSTEM
"Mar 26, 2025 @ 13:24:55.611",4624,"CP-AKT-002912",Negotiate,1212,"2025-03-26T08:24:54.5818952Z",5,Advapi,SYSTEM
"Mar 26, 2025 @ 13:24:55.611",4624,"CP-AKT-002912",Negotiate,1212,"2025-03-26T08:24:54.5818952Z",5,Advapi,SYSTEM
"Mar 26, 2025 @ 13:22:07.088",4624,"CP-AKT-002912",Negotiate,1212,"2025-03-26T08:22:06.0714447Z",5,Advapi,SYSTEM
"Mar 26, 2025 @ 13:22:07.088",4624,"CP-AKT-002912",Negotiate,1212,"2025-03-26T08:22:06.0714447Z",5,Advapi,SYSTEM
"Mar 26, 2025 @ 13:20:14.689",4624,"DESKTOP-5JEIKFF",Negotiate,1016,"2025-03-26T08:20:13.9553382Z",5,Advapi,SYSTEM
"Mar 26, 2025 @ 13:20:14.689",4624,"DESKTOP-5JEIKFF",Negotiate,1016,"2025-03-26T08:20:13.9553382Z",5,Advapi,SYSTEM
"Mar 26, 2025 @ 13:19:04.352",4624,"CP-AKT-002912",Negotiate,1212,"2025-03-26T08:19:03.3526889Z",5,Advapi,SYSTEM
"Mar 26, 2025 @ 13:19:04.352",4624,"CP-AKT-002912",Negotiate,1212,"2025-03-26T08:19:03.3526889Z",5,Advapi,SYSTEM
"Mar 26, 2025 @ 13:18:03.684",4624,"DESKTOP-5JEIKFF",Negotiate,1016,"2025-03-26T08:18:02.9496030Z",5,Advapi,SYSTEM
"Mar 26, 2025 @ 13:18:03.684",4624,"DESKTOP-5JEIKFF",Negotiate,1016,"2025-03-26T08:18:02.9496030Z",5,Advapi,SYSTEM
"Mar 26, 2025 @ 13:17:57.728",4624,"DESKTOP-5JEIKFF",Negotiate,1016,"2025-03-26T08:17:57.8751574Z",5,Advapi,SYSTEM
"Mar 26, 2025 @ 13:17:57.728",4624,"DESKTOP-5JEIKFF",Negotiate,1016,"2025-03-26T08:17:57.8751574Z",5,Advapi,SYSTEM
"Mar 26, 2025 @ 13:17:57.723",4624,"DESKTOP-5JEIKFF",Negotiate,1016,"2025-03-26T08:17:56.9862886Z",5,Advapi,SYSTEM
"Mar 26, 2025 @ 13:17:57.723",4624,"DESKTOP-5JEIKFF",Negotiate,1016,"2025-03-26T08:17:56.9862886Z",5,Advapi,SYSTEM
"Mar 26, 2025 @ 13:16:11.760",4624,"CP-AKT-002907",Negotiate,1156,"2025-03-26T08:16:10.0571806Z",5,Advapi,SYSTEM
"Mar 26, 2025 @ 13:16:11.760",4624,"CP-AKT-002907",Negotiate,1156,"2025-03-26T08:16:10.0571806Z",5,Advapi,SYSTEM
"Mar 26, 2025 @ 13:16:11.744",4624,"CP-AKT-002907",Negotiate,1156,"2025-03-26T08:16:09.8619836Z",5,Advapi,SYSTEM
"Mar 26, 2025 @ 13:16:11.744",4624,"CP-AKT-002907",Negotiate,1156,"2025-03-26T08:16:09.8619836Z",5,Advapi,SYSTEM
"Mar 26, 2025 @ 13:16:11.577",4624,"DESKTOP-5JEIKFF",Negotiate,1016,"2025-03-26T08:16:10.8388535Z",5,Advapi,SYSTEM
"Mar 26, 2025 @ 13:16:11.577",4624,"DESKTOP-5JEIKFF",Negotiate,1016,"2025-03-26T08:16:10.8388535Z",5,Advapi,SYSTEM
"Mar 26, 2025 @ 13:15:56.120",4624,"CP-AKT-002911",Negotiate,1108,"2025-03-26T08:15:54.8817168Z",5,Advapi,SYSTEM
"Mar 26, 2025 @ 13:15:56.120",4624,"CP-AKT-002911",Negotiate,1108,"2025-03-26T08:15:54.8817168Z",5,Advapi,SYSTEM
"Mar 26, 2025 @ 13:14:55.304",4624,"DESKTOP-5JEIKFF",Negotiate,1016,"2025-03-26T08:14:54.5845802Z",5,Advapi,SYSTEM
"Mar 26, 2025 @ 13:14:55.304",4624,"DESKTOP-5JEIKFF",Negotiate,1016,"2025-03-26T08:14:54.5845802Z",5,Advapi,SYSTEM
"Mar 26, 2025 @ 13:14:55.296",4624,"DESKTOP-5JEIKFF",Negotiate,1016,"2025-03-26T08:14:54.5635155Z",5,Advapi,SYSTEM
"Mar 26, 2025 @ 13:14:55.296",4624,"DESKTOP-5JEIKFF",Negotiate,1016,"2025-03-26T08:14:54.5635155Z",5,Advapi,SYSTEM
"Mar 26, 2025 @ 13:13:42.158",4624,"CP-AKT-002907",Negotiate,1156,"2025-03-26T08:13:40.5097771Z",5,Advapi,SYSTEM
"Mar 26, 2025 @ 13:13:42.158",4624,"CP-AKT-002907",Negotiate,1156,"2025-03-26T08:13:40.5097771Z",5,Advapi,SYSTEM
"Mar 26, 2025 @ 13:13:42.145",4624,"CP-AKT-002907",Negotiate,1156,"2025-03-26T08:13:40.2768904Z",5,Advapi,SYSTEM
"Mar 26, 2025 @ 13:13:42.145",4624,"CP-AKT-002907",Negotiate,1156,"2025-03-26T08:13:40.2768904Z",5,Advapi,SYSTEM
"Mar 26, 2025 @ 13:12:13.865",4624,"CP-AKT-002931",Negotiate,1040,"2025-03-26T08:12:12.0364370Z",5,Advapi,SYSTEM
"Mar 26, 2025 @ 13:12:13.865",4624,"CP-AKT-002931",Negotiate,1040,"2025-03-26T08:12:12.0364370Z",5,Advapi,SYSTEM
"Mar 26, 2025 @ 13:11:34.799",4624,"DESKTOP-5JEIKFF",Negotiate,1016,"2025-03-26T08:11:34.0693419Z",5,Advapi,SYSTEM
"Mar 26, 2025 @ 13:11:34.799",4624,"DESKTOP-5JEIKFF",Negotiate,1016,"2025-03-26T08:11:34.0693419Z",5,Advapi,SYSTEM
"Mar 26, 2025 @ 13:10:59.800",4625,"CP-AKT-002911",NTLM,1108,"2025-03-26T08:10:58.5623876Z",3,NtLmSsp,Administrator
"Mar 26, 2025 @ 13:10:59.800",4625,"CP-AKT-002911",NTLM,1108,"2025-03-26T08:10:58.5623876Z",3,NtLmSsp,Administrator
"Mar 26, 2025 @ 13:10:58.902",4624,"CP-AKT-002907",Negotiate,1156,"2025-03-26T08:10:57.4528235Z",5,Advapi,SYSTEM
"Mar 26, 2025 @ 13:10:58.902",4624,"CP-AKT-002907",Negotiate,1156,"2025-03-26T08:10:57.4528235Z",5,Advapi,SYSTEM
"Mar 26, 2025 @ 13:10:58.889",4624,"CP-AKT-002907",Negotiate,1156,"2025-03-26T08:10:57.0322442Z",5,Advapi,SYSTEM
"Mar 26, 2025 @ 13:10:58.889",4624,"CP-AKT-002907",Negotiate,1156,"2025-03-26T08:10:57.0322442Z",5,Advapi,SYSTEM
"Mar 26, 2025 @ 13:10:58.749",4625,"CP-AKT-002911",NTLM,1108,"2025-03-26T08:10:57.5188337Z",3,NtLmSsp,Administrator
"Mar 26, 2025 @ 13:10:58.749",4625,"CP-AKT-002911",NTLM,1108,"2025-03-26T08:10:57.5188337Z",3,NtLmSsp,Administrator
"Mar 26, 2025 @ 13:10:57.717",4625,"CP-AKT-002911",NTLM,1108,"2025-03-26T08:10:56.4800524Z",3,NtLmSsp,Administrator
"Mar 26, 2025 @ 13:10:57.717",4625,"CP-AKT-002911",NTLM,1108,"2025-03-26T08:10:56.4800524Z",3,NtLmSsp,Administrator
"Mar 26, 2025 @ 13:10:54.906",4625,"CP-AKT-002907",NTLM,1156,"2025-03-26T08:10:53.0364425Z",3,NtLmSsp,Administrator
"Mar 26, 2025 @ 13:10:54.906",4625,"CP-AKT-002907",NTLM,1156,"2025-03-26T08:10:53.0364425Z",3,NtLmSsp,Administrator
"Mar 26, 2025 @ 13:10:54.691",4625,"CP-AKT-002912",NTLM,1212,"2025-03-26T08:10:53.6675268Z",3,NtLmSsp,Administrator
"Mar 26, 2025 @ 13:10:54.691",4625,"CP-AKT-002912",NTLM,1212,"2025-03-26T08:10:53.6675268Z",3,NtLmSsp,Administrator
"Mar 26, 2025 @ 13:10:53.870",4625,"CP-AKT-002907",NTLM,1156,"2025-03-26T08:10:52.0117644Z",3,NtLmSsp,Administrator
"Mar 26, 2025 @ 13:10:53.870",4625,"CP-AKT-002907",NTLM,1156,"2025-03-26T08:10:52.0117644Z",3,NtLmSsp,Administrator
"Mar 26, 2025 @ 13:10:53.660",4625,"CP-AKT-002912",NTLM,1212,"2025-03-26T08:10:52.6450448Z",3,NtLmSsp,Administrator
"Mar 26, 2025 @ 13:10:53.660",4625,"CP-AKT-002912",NTLM,1212,"2025-03-26T08:10:52.6450448Z",3,NtLmSsp,Administrator
"Mar 26, 2025 @ 13:10:52.836",4625,"CP-AKT-002907",NTLM,1156,"2025-03-26T08:10:50.9782563Z",3,NtLmSsp,Administrator
"Mar 26, 2025 @ 13:10:52.836",4625,"CP-AKT-002907",NTLM,1156,"2025-03-26T08:10:50.9782563Z",3,NtLmSsp,Administrator
"Mar 26, 2025 @ 13:10:52.627",4625,"CP-AKT-002912",NTLM,1212,"2025-03-26T08:10:51.6233279Z",3,NtLmSsp,Administrator
"Mar 26, 2025 @ 13:10:52.627",4625,"CP-AKT-002912",NTLM,1212,"2025-03-26T08:10:51.6233279Z",3,NtLmSsp,Administrator
"Mar 26, 2025 @ 13:10:34.234",4624,"DESKTOP-5JEIKFF",Negotiate,1016,"2025-03-26T08:10:33.5061361Z",5,Advapi,SYSTEM
"Mar 26, 2025 @ 13:10:34.234",4624,"DESKTOP-5JEIKFF",Negotiate,1016,"2025-03-26T08:10:33.5061361Z",5,Advapi,SYSTEM
"Mar 26, 2025 @ 13:10:33.137",4624,"DESKTOP-5JEIKFF",Negotiate,1016,"2025-03-26T08:10:32.8695518Z",5,Advapi,SYSTEM
"Mar 26, 2025 @ 13:10:33.137",4624,"DESKTOP-5JEIKFF",Negotiate,1016,"2025-03-26T08:10:32.8695518Z",5,Advapi,SYSTEM
"Mar 26, 2025 @ 13:10:33.135",4624,"DESKTOP-5JEIKFF",Negotiate,1016,"2025-03-26T08:10:32.4060898Z",5,Advapi,SYSTEM
"Mar 26, 2025 @ 13:10:33.135",4624,"DESKTOP-5JEIKFF",Negotiate,1016,"2025-03-26T08:10:32.4060898Z",5,Advapi,SYSTEM
"Mar 26, 2025 @ 13:09:57.043",4624,"CP-AKT-002911",Negotiate,1108,"2025-03-26T08:09:55.9364740Z",5,Advapi,SYSTEM
"Mar 26, 2025 @ 13:09:57.043",4624,"CP-AKT-002911",Negotiate,1108,"2025-03-26T08:09:55.9364740Z",5,Advapi,SYSTEM
"Mar 26, 2025 @ 13:09:57.029",4624,"CP-AKT-002911",Negotiate,1108,"2025-03-26T08:09:55.7855526Z",5,Advapi,SYSTEM
"Mar 26, 2025 @ 13:09:57.029",4624,"CP-AKT-002911",Negotiate,1108,"2025-03-26T08:09:55.7855526Z",5,Advapi,SYSTEM
"Mar 26, 2025 @ 13:09:38.969",4624,"CP-AKT-002907",Negotiate,1156,"2025-03-26T08:09:37.1134436Z",5,Advapi,SYSTEM
"Mar 26, 2025 @ 13:09:38.969",4624,"CP-AKT-002907",Negotiate,1156,"2025-03-26T08:09:37.1134436Z",5,Advapi,SYSTEM
"Mar 26, 2025 @ 13:08:10.452",4624,"CP-AKT-002912",Negotiate,1212,"2025-03-26T08:08:09.4388406Z",5,Advapi,SYSTEM
"Mar 26, 2025 @ 13:08:10.452",4624,"CP-AKT-002912",Negotiate,1212,"2025-03-26T08:08:09.4388406Z",5,Advapi,SYSTEM
"Mar 26, 2025 @ 13:05:38.803",4624,"CP-AKT-002907",Negotiate,1156,"2025-03-26T08:05:37.0179663Z",5,Advapi,SYSTEM
"Mar 26, 2025 @ 13:05:38.803",4624,"CP-AKT-002907",Negotiate,1156,"2025-03-26T08:05:37.0179663Z",5,Advapi,SYSTEM
"Mar 26, 2025 @ 13:05:38.792",4624,"CP-AKT-002907",Negotiate,1156,"2025-03-26T08:05:36.9242855Z",5,Advapi,SYSTEM
"Mar 26, 2025 @ 13:05:38.792",4624,"CP-AKT-002907",Negotiate,1156,"2025-03-26T08:05:36.9242855Z",5,Advapi,SYSTEM
"Mar 26, 2025 @ 13:04:26.731",4624,"CP-AKT-002911",Negotiate,1108,"2025-03-26T08:04:25.4849799Z",5,Advapi,SYSTEM
"Mar 26, 2025 @ 13:04:26.731",4624,"CP-AKT-002911",Negotiate,1108,"2025-03-26T08:04:25.4849799Z",5,Advapi,SYSTEM
"Mar 26, 2025 @ 13:04:25.701",4624,"CP-AKT-002911",Negotiate,1108,"2025-03-26T08:04:24.4703517Z",5,Advapi,SYSTEM
"Mar 26, 2025 @ 13:04:25.701",4624,"CP-AKT-002911",Negotiate,1108,"2025-03-26T08:04:24.4703517Z",5,Advapi,SYSTEM
"Mar 26, 2025 @ 13:04:24.767",4624,"DESKTOP-5JEIKFF",Negotiate,1016,"2025-03-26T08:04:24.6623505Z",5,Advapi,SYSTEM
"Mar 26, 2025 @ 13:04:24.767",4624,"DESKTOP-5JEIKFF",Negotiate,1016,"2025-03-26T08:04:24.6623505Z",5,Advapi,SYSTEM
"Mar 26, 2025 @ 13:04:24.762",4624,"DESKTOP-5JEIKFF",Negotiate,1016,"2025-03-26T08:04:24.0428149Z",5,Advapi,SYSTEM
"Mar 26, 2025 @ 13:04:24.762",4624,"DESKTOP-5JEIKFF",Negotiate,1016,"2025-03-26T08:04:24.0428149Z",5,Advapi,SYSTEM
"Mar 26, 2025 @ 13:04:24.724",4624,"DESKTOP-5JEIKFF",Negotiate,1016,"2025-03-26T08:04:24.0005943Z",5,Advapi,SYSTEM
"Mar 26, 2025 @ 13:04:24.724",4624,"DESKTOP-5JEIKFF",Negotiate,1016,"2025-03-26T08:04:24.0005943Z",5,Advapi,SYSTEM
"Mar 26, 2025 @ 13:01:52.050",4624,"CP-AKT-002912",Negotiate,1212,"2025-03-26T08:01:51.0294222Z",5,Advapi,SYSTEM
"Mar 26, 2025 @ 13:01:52.050",4624,"CP-AKT-002912",Negotiate,1212,"2025-03-26T08:01:51.0294222Z",5,Advapi,SYSTEM
"Mar 26, 2025 @ 13:00:54.819",4624,"CP-AKT-002911",Negotiate,1108,"2025-03-26T08:00:53.5752570Z",5,Advapi,SYSTEM
"Mar 26, 2025 @ 13:00:54.819",4624,"CP-AKT-002911",Negotiate,1108,"2025-03-26T08:00:53.5752570Z",5,Advapi,SYSTEM
"Mar 26, 2025 @ 13:00:14.044",4624,"CP-AKT-002912",Negotiate,1212,"2025-03-26T08:00:12.9948380Z",5,Advapi,SYSTEM
"Mar 26, 2025 @ 13:00:14.044",4624,"CP-AKT-002912",Negotiate,1212,"2025-03-26T08:00:12.9948380Z",5,Advapi,SYSTEM
"Mar 26, 2025 @ 13:00:14.038",4624,"CP-AKT-002912",Negotiate,1212,"2025-03-26T08:00:12.9916982Z",5,Advapi,SYSTEM
"Mar 26, 2025 @ 13:00:14.038",4624,"CP-AKT-002912",Negotiate,1212,"2025-03-26T08:00:12.9916982Z",5,Advapi,SYSTEM
"Mar 26, 2025 @ 12:58:22.792",4624,"CP-AKT-002931",Negotiate,1040,"2025-03-26T07:58:20.9619103Z",5,Advapi,SYSTEM
"Mar 26, 2025 @ 12:58:22.792",4624,"CP-AKT-002931",Negotiate,1040,"2025-03-26T07:58:20.9619103Z",5,Advapi,SYSTEM
"Mar 26, 2025 @ 12:58:22.774",4624,"CP-AKT-002931",Negotiate,1040,"2025-03-26T07:58:20.9498348Z",5,Advapi,SYSTEM
"Mar 26, 2025 @ 12:58:22.774",4624,"CP-AKT-002931",Negotiate,1040,"2025-03-26T07:58:20.9498348Z",5,Advapi,SYSTEM
"Mar 26, 2025 @ 12:56:46.538",4624,"CP-AKT-002931",Negotiate,1040,"2025-03-26T07:56:44.7026608Z",5,Advapi,SYSTEM
"Mar 26, 2025 @ 12:56:46.538",4624,"CP-AKT-002931",Negotiate,1040,"2025-03-26T07:56:44.7026608Z",5,Advapi,SYSTEM
"Mar 26, 2025 @ 12:50:59.953",4624,"CP-AKT-002907",Negotiate,1156,"2025-03-26T07:50:58.0917835Z",5,Advapi,SYSTEM
"Mar 26, 2025 @ 12:50:59.953",4624,"CP-AKT-002907",Negotiate,1156,"2025-03-26T07:50:58.0917835Z",5,Advapi,SYSTEM
"Mar 26, 2025 @ 12:44:57.594",4624,"DESKTOP-5JEIKFF",Negotiate,1016,"2025-03-26T07:44:56.8731830Z",5,Advapi,SYSTEM
"Mar 26, 2025 @ 12:44:57.594",4624,"DESKTOP-5JEIKFF",Negotiate,1016,"2025-03-26T07:44:56.8731830Z",5,Advapi,SYSTEM
"Mar 26, 2025 @ 12:39:11.081",4624,"CP-AKT-002911",Negotiate,1108,"2025-03-26T07:39:09.8530065Z",5,Advapi,SYSTEM
"Mar 26, 2025 @ 12:39:11.081",4624,"CP-AKT-002911",Negotiate,1108,"2025-03-26T07:39:09.8530065Z",5,Advapi,SYSTEM
"Mar 26, 2025 @ 12:36:56.739",4624,"CP-AKT-002907",Negotiate,1156,"2025-03-26T07:36:54.8778795Z",5,Advapi,SYSTEM
"Mar 26, 2025 @ 12:36:56.739",4624,"CP-AKT-002907",Negotiate,1156,"2025-03-26T07:36:54.8778795Z",5,Advapi,SYSTEM
"Mar 26, 2025 @ 12:35:56.578",4624,"CP-AKT-002931",Negotiate,1040,"2025-03-26T07:35:54.7581127Z",5,Advapi,SYSTEM
"Mar 26, 2025 @ 12:35:56.578",4624,"CP-AKT-002931",Negotiate,1040,"2025-03-26T07:35:54.7581127Z",5,Advapi,SYSTEM
"Mar 26, 2025 @ 12:35:54.276",4624,"CP-AKT-002907",Negotiate,1156,"2025-03-26T07:35:52.4308832Z",5,Advapi,SYSTEM
"Mar 26, 2025 @ 12:35:54.276",4624,"CP-AKT-002907",Negotiate,1156,"2025-03-26T07:35:52.4308832Z",5,Advapi,SYSTEM
"Mar 26, 2025 @ 12:35:48.074",4624,"CP-AKT-002907",Negotiate,1156,"2025-03-26T07:35:46.2183266Z",5,Advapi,SYSTEM
"Mar 26, 2025 @ 12:35:48.074",4624,"CP-AKT-002907",Negotiate,1156,"2025-03-26T07:35:46.2183266Z",5,Advapi,SYSTEM
"Mar 26, 2025 @ 12:35:18.189",4624,"CP-AKT-002912",Negotiate,1212,"2025-03-26T07:35:17.1268531Z",5,Advapi,SYSTEM
"Mar 26, 2025 @ 12:35:18.189",4624,"CP-AKT-002912",Negotiate,1212,"2025-03-26T07:35:17.1268531Z",5,Advapi,SYSTEM
"Mar 26, 2025 @ 12:35:07.743",4624,"CP-AKT-002907",Negotiate,1156,"2025-03-26T07:35:06.5019560Z",5,Advapi,SYSTEM
"Mar 26, 2025 @ 12:35:07.743",4624,"CP-AKT-002907",Negotiate,1156,"2025-03-26T07:35:06.5019560Z",5,Advapi,SYSTEM
"Mar 26, 2025 @ 12:35:07.712",4624,"CP-AKT-002907",Negotiate,1156,"2025-03-26T07:35:05.7840916Z",5,Advapi,SYSTEM
"Mar 26, 2025 @ 12:35:07.712",4624,"CP-AKT-002907",Negotiate,1156,"2025-03-26T07:35:05.7840916Z",5,Advapi,SYSTEM
"Mar 26, 2025 @ 12:33:18.601",4624,"CP-AKT-002912",Negotiate,1212,"2025-03-26T07:33:17.5262239Z",5,Advapi,SYSTEM
"Mar 26, 2025 @ 12:33:18.601",4624,"CP-AKT-002912",Negotiate,1212,"2025-03-26T07:33:17.5262239Z",5,Advapi,SYSTEM
"Mar 26, 2025 @ 12:31:23.638",4624,"CP-AKT-002912",Negotiate,1212,"2025-03-26T07:31:22.5686024Z",5,Advapi,SYSTEM
"Mar 26, 2025 @ 12:31:23.638",4624,"CP-AKT-002912",Negotiate,1212,"2025-03-26T07:31:22.5686024Z",5,Advapi,SYSTEM
"Mar 26, 2025 @ 12:30:42.981",4624,"CP-AKT-002912",Negotiate,1212,"2025-03-26T07:30:41.9059235Z",5,Advapi,SYSTEM
"Mar 26, 2025 @ 12:30:42.981",4624,"CP-AKT-002912",Negotiate,1212,"2025-03-26T07:30:41.9059235Z",5,Advapi,SYSTEM
"Mar 26, 2025 @ 12:29:02.641",4624,"CP-AKT-002931",Negotiate,1040,"2025-03-26T07:29:00.9673966Z",5,Advapi,SYSTEM
"Mar 26, 2025 @ 12:29:02.641",4624,"CP-AKT-002931",Negotiate,1040,"2025-03-26T07:29:00.9673966Z",5,Advapi,SYSTEM
"Mar 26, 2025 @ 12:29:02.631",4624,"CP-AKT-002931",Negotiate,1040,"2025-03-26T07:29:00.8114042Z",5,Advapi,SYSTEM
"Mar 26, 2025 @ 12:29:02.631",4624,"CP-AKT-002931",Negotiate,1040,"2025-03-26T07:29:00.8114042Z",5,Advapi,SYSTEM
"Mar 26, 2025 @ 12:28:28.846",4624,"CP-AKT-002907",Negotiate,1156,"2025-03-26T07:28:27.0017262Z",5,Advapi,SYSTEM
"Mar 26, 2025 @ 12:28:28.846",4624,"CP-AKT-002907",Negotiate,1156,"2025-03-26T07:28:27.0017262Z",5,Advapi,SYSTEM
"Mar 26, 2025 @ 12:26:47.589",4624,"CP-AKT-002931",Negotiate,1040,"2025-03-26T07:26:45.7570031Z",5,Advapi,SYSTEM
"Mar 26, 2025 @ 12:26:47.589",4624,"CP-AKT-002931",Negotiate,1040,"2025-03-26T07:26:45.7570031Z",5,Advapi,SYSTEM
"Mar 26, 2025 @ 12:23:36.783",4624,"CP-AKT-002907",Negotiate,1156,"2025-03-26T07:23:34.9645500Z",5,Advapi,SYSTEM
"Mar 26, 2025 @ 12:23:36.783",4624,"CP-AKT-002907",Negotiate,1156,"2025-03-26T07:23:34.9645500Z",5,Advapi,SYSTEM
"Mar 26, 2025 @ 12:23:36.770",4624,"CP-AKT-002907",Negotiate,1156,"2025-03-26T07:23:34.9197401Z",5,Advapi,SYSTEM
"Mar 26, 2025 @ 12:23:36.770",4624,"CP-AKT-002907",Negotiate,1156,"2025-03-26T07:23:34.9197401Z",5,Advapi,SYSTEM
"Mar 26, 2025 @ 12:23:35.829",4624,"CP-AKT-002907",Negotiate,1156,"2025-03-26T07:23:34.5132965Z",5,Advapi,SYSTEM
"Mar 26, 2025 @ 12:23:35.829",4624,"CP-AKT-002907",Negotiate,1156,"2025-03-26T07:23:34.5132965Z",5,Advapi,SYSTEM
"Mar 26, 2025 @ 12:23:35.798",4624,"CP-AKT-002907",Negotiate,1156,"2025-03-26T07:23:34.4705928Z",5,Advapi,SYSTEM
"Mar 26, 2025 @ 12:23:35.798",4624,"CP-AKT-002907",Negotiate,1156,"2025-03-26T07:23:34.4705928Z",5,Advapi,SYSTEM
"Mar 26, 2025 @ 12:23:35.766",4624,"CP-AKT-002907",Negotiate,1156,"2025-03-26T07:23:33.9309171Z",5,Advapi,SYSTEM
"Mar 26, 2025 @ 12:23:35.766",4624,"CP-AKT-002907",Negotiate,1156,"2025-03-26T07:23:33.9309171Z",5,Advapi,SYSTEM
"Mar 26, 2025 @ 12:23:35.755",4624,"CP-AKT-002907",Negotiate,1156,"2025-03-26T07:23:33.9020139Z",5,Advapi,SYSTEM
"Mar 26, 2025 @ 12:23:35.755",4624,"CP-AKT-002907",Negotiate,1156,"2025-03-26T07:23:33.9020139Z",5,Advapi,SYSTEM
"Mar 26, 2025 @ 12:23:25.809",4624,"CP-AKT-002912",Negotiate,1212,"2025-03-26T07:23:24.7328837Z",5,Advapi,SYSTEM
"Mar 26, 2025 @ 12:23:25.809",4624,"CP-AKT-002912",Negotiate,1212,"2025-03-26T07:23:24.7328837Z",5,Advapi,SYSTEM
"Mar 26, 2025 @ 12:22:03.705",4624,"CP-AKT-002912",Negotiate,1212,"2025-03-26T07:22:02.7056109Z",5,Advapi,SYSTEM
"Mar 26, 2025 @ 12:22:03.705",4624,"CP-AKT-002912",Negotiate,1212,"2025-03-26T07:22:02.7056109Z",5,Advapi,SYSTEM
"Mar 26, 2025 @ 12:22:03.697",4624,"CP-AKT-002912",Negotiate,1212,"2025-03-26T07:22:02.6168376Z",5,Advapi,SYSTEM
"Mar 26, 2025 @ 12:22:03.697",4624,"CP-AKT-002912",Negotiate,1212,"2025-03-26T07:22:02.6168376Z",5,Advapi,SYSTEM
"Mar 26, 2025 @ 12:21:03.074",4624,"CP-AKT-002912",Negotiate,1212,"2025-03-26T07:21:02.0008231Z",5,Advapi,SYSTEM
"Mar 26, 2025 @ 12:21:03.074",4624,"CP-AKT-002912",Negotiate,1212,"2025-03-26T07:21:02.0008231Z",5,Advapi,SYSTEM
"Mar 26, 2025 @ 12:20:38.197",4624,"CP-AKT-002911",Negotiate,1108,"2025-03-26T07:20:37.0032346Z",5,Advapi,SYSTEM
"Mar 26, 2025 @ 12:20:38.197",4624,"CP-AKT-002911",Negotiate,1108,"2025-03-26T07:20:37.0032346Z",5,Advapi,SYSTEM
"Mar 26, 2025 @ 12:20:38.188",4624,"CP-AKT-002911",Negotiate,1108,"2025-03-26T07:20:36.9632442Z",5,Advapi,SYSTEM
"Mar 26, 2025 @ 12:20:38.188",4624,"CP-AKT-002911",Negotiate,1108,"2025-03-26T07:20:36.9632442Z",5,Advapi,SYSTEM
"Mar 26, 2025 @ 12:20:03.284",4624,"DESKTOP-5JEIKFF",Negotiate,1016,"2025-03-26T07:20:02.5669341Z",5,Advapi,SYSTEM
"Mar 26, 2025 @ 12:20:03.284",4624,"DESKTOP-5JEIKFF",Negotiate,1016,"2025-03-26T07:20:02.5669341Z",5,Advapi,SYSTEM
"Mar 26, 2025 @ 12:19:29.823",4624,"CP-AKT-002911",Negotiate,1108,"2025-03-26T07:19:28.5892315Z",5,Advapi,SYSTEM
"Mar 26, 2025 @ 12:19:29.823",4624,"CP-AKT-002911",Negotiate,1108,"2025-03-26T07:19:28.5892315Z",5,Advapi,SYSTEM
"Mar 26, 2025 @ 12:16:41.944",4624,"CP-AKT-002912",Negotiate,1212,"2025-03-26T07:16:40.8554400Z",5,Advapi,SYSTEM
"Mar 26, 2025 @ 12:16:41.944",4624,"CP-AKT-002912",Negotiate,1212,"2025-03-26T07:16:40.8554400Z",5,Advapi,SYSTEM
"Mar 26, 2025 @ 12:14:29.531",4624,"CP-AKT-002907",Negotiate,1156,"2025-03-26T07:14:27.6876752Z",5,Advapi,SYSTEM
"Mar 26, 2025 @ 12:14:29.531",4624,"CP-AKT-002907",Negotiate,1156,"2025-03-26T07:14:27.6876752Z",5,Advapi,SYSTEM
"Mar 26, 2025 @ 12:12:31.399",4624,"DESKTOP-5JEIKFF",Negotiate,1016,"2025-03-26T07:12:30.6832751Z",5,Advapi,SYSTEM
"Mar 26, 2025 @ 12:12:31.399",4624,"DESKTOP-5JEIKFF",Negotiate,1016,"2025-03-26T07:12:30.6832751Z",5,Advapi,SYSTEM
"Mar 26, 2025 @ 12:12:07.944",4624,"CP-AKT-002931",Negotiate,1040,"2025-03-26T07:12:06.1111428Z",5,Advapi,SYSTEM
"Mar 26, 2025 @ 12:12:07.944",4624,"CP-AKT-002931",Negotiate,1040,"2025-03-26T07:12:06.1111428Z",5,Advapi,SYSTEM
"Mar 26, 2025 @ 12:11:24.051",4624,"CP-AKT-002912",Negotiate,1212,"2025-03-26T07:11:20.4555471Z",5,Advapi,SYSTEM
"Mar 26, 2025 @ 12:11:24.051",4624,"CP-AKT-002912",Negotiate,1212,"2025-03-26T07:11:20.4555471Z",5,Advapi,SYSTEM
"Mar 26, 2025 @ 12:11:19.401",4625,"CP-AKT-002911",NTLM,1108,"2025-03-26T07:11:18.1779465Z",3,NtLmSsp,Administrator
"Mar 26, 2025 @ 12:11:19.401",4625,"CP-AKT-002911",NTLM,1108,"2025-03-26T07:11:18.1779465Z",3,NtLmSsp,Administrator
"Mar 26, 2025 @ 12:11:18.349",4625,"CP-AKT-002911",NTLM,1108,"2025-03-26T07:11:17.1321081Z",3,NtLmSsp,Administrator
"Mar 26, 2025 @ 12:11:18.349",4625,"CP-AKT-002911",NTLM,1108,"2025-03-26T07:11:17.1321081Z",3,NtLmSsp,Administrator
"Mar 26, 2025 @ 12:11:17.314",4625,"CP-AKT-002911",NTLM,1108,"2025-03-26T07:11:16.0868805Z",3,NtLmSsp,Administrator
"Mar 26, 2025 @ 12:11:17.314",4625,"CP-AKT-002911",NTLM,1108,"2025-03-26T07:11:16.0868805Z",3,NtLmSsp,Administrator
"Mar 26, 2025 @ 12:11:11.330",4625,"CP-AKT-002907",NTLM,1156,"2025-03-26T07:11:06.9241001Z",3,NtLmSsp,Administrator
"Mar 26, 2025 @ 12:11:11.330",4625,"CP-AKT-002907",NTLM,1156,"2025-03-26T07:11:06.9241001Z",3,NtLmSsp,Administrator
"Mar 26, 2025 @ 12:11:10.660",4625,"CP-AKT-002907",NTLM,1156,"2025-03-26T07:11:05.9022051Z",3,NtLmSsp,Administrator
"Mar 26, 2025 @ 12:11:10.660",4625,"CP-AKT-002907",NTLM,1156,"2025-03-26T07:11:05.9022051Z",3,NtLmSsp,Administrator
"Mar 26, 2025 @ 12:11:09.501",4625,"CP-AKT-002907",NTLM,1156,"2025-03-26T07:11:04.8758817Z",3,NtLmSsp,Administrator
"Mar 26, 2025 @ 12:11:09.501",4625,"CP-AKT-002907",NTLM,1156,"2025-03-26T07:11:04.8758817Z",3,NtLmSsp,Administrator
"Mar 26, 2025 @ 12:10:32.531",4624,"CP-AKT-002907",Negotiate,1156,"2025-03-26T07:10:31.1021698Z",5,Advapi,SYSTEM
"Mar 26, 2025 @ 12:10:32.531",4624,"CP-AKT-002907",Negotiate,1156,"2025-03-26T07:10:31.1021698Z",5,Advapi,SYSTEM
"Mar 26, 2025 @ 12:10:32.518",4624,"CP-AKT-002907",Negotiate,1156,"2025-03-26T07:10:30.6729334Z",5,Advapi,SYSTEM
"Mar 26, 2025 @ 12:10:32.518",4624,"CP-AKT-002907",Negotiate,1156,"2025-03-26T07:10:30.6729334Z",5,Advapi,SYSTEM
"Mar 26, 2025 @ 12:10:31.012",4624,"DESKTOP-5JEIKFF",Negotiate,1016,"2025-03-26T07:10:31.0504932Z",5,Advapi,SYSTEM
"Mar 26, 2025 @ 12:10:31.012",4624,"DESKTOP-5JEIKFF",Negotiate,1016,"2025-03-26T07:10:31.0504932Z",5,Advapi,SYSTEM
"Mar 26, 2025 @ 12:09:40.259",4624,"DESKTOP-5JEIKFF",Negotiate,1016,"2025-03-26T07:09:39.5378969Z",5,Advapi,SYSTEM
"Mar 26, 2025 @ 12:09:40.259",4624,"DESKTOP-5JEIKFF",Negotiate,1016,"2025-03-26T07:09:39.5378969Z",5,Advapi,SYSTEM
"Mar 26, 2025 @ 12:09:34.393",4624,"DESKTOP-5JEIKFF",Negotiate,1016,"2025-03-26T07:09:34.5000513Z",5,Advapi,SYSTEM
"Mar 26, 2025 @ 12:09:34.393",4624,"DESKTOP-5JEIKFF",Negotiate,1016,"2025-03-26T07:09:34.5000513Z",5,Advapi,SYSTEM
"Mar 26, 2025 @ 12:08:34.704",4625,"CP-AKT-002912",NTLM,1212,"2025-03-26T07:08:33.6193285Z",3,NtLmSsp,Administrator
"Mar 26, 2025 @ 12:08:34.704",4625,"CP-AKT-002912",NTLM,1212,"2025-03-26T07:08:33.6193285Z",3,NtLmSsp,Administrator
"Mar 26, 2025 @ 12:08:33.695",4625,"CP-AKT-002912",NTLM,1212,"2025-03-26T07:08:32.6026348Z",3,NtLmSsp,Administrator
"Mar 26, 2025 @ 12:08:33.695",4625,"CP-AKT-002912",NTLM,1212,"2025-03-26T07:08:32.6026348Z",3,NtLmSsp,Administrator
"Mar 26, 2025 @ 12:08:32.662",4625,"CP-AKT-002912",NTLM,1212,"2025-03-26T07:08:31.5800351Z",3,NtLmSsp,Administrator
"Mar 26, 2025 @ 12:08:32.662",4625,"CP-AKT-002912",NTLM,1212,"2025-03-26T07:08:31.5800351Z",3,NtLmSsp,Administrator
"Mar 26, 2025 @ 12:06:28.548",4624,"DESKTOP-5JEIKFF",Negotiate,1016,"2025-03-26T07:06:27.8331694Z",5,Advapi,SYSTEM
"Mar 26, 2025 @ 12:06:28.548",4624,"DESKTOP-5JEIKFF",Negotiate,1016,"2025-03-26T07:06:27.8331694Z",5,Advapi,SYSTEM
"Mar 26, 2025 @ 12:05:05.421",4624,"DESKTOP-5JEIKFF",Negotiate,1016,"2025-03-26T07:05:04.7131596Z",5,Advapi,SYSTEM
"Mar 26, 2025 @ 12:05:05.421",4624,"DESKTOP-5JEIKFF",Negotiate,1016,"2025-03-26T07:05:04.7131596Z",5,Advapi,SYSTEM
"Mar 26, 2025 @ 12:02:27.353",4624,"DESKTOP-5JEIKFF",Negotiate,1016,"2025-03-26T07:02:26.6474180Z",5,Advapi,SYSTEM
"Mar 26, 2025 @ 12:02:27.353",4624,"DESKTOP-5JEIKFF",Negotiate,1016,"2025-03-26T07:02:26.6474180Z",5,Advapi,SYSTEM
"Mar 26, 2025 @ 12:02:07.923",4624,"CP-AKT-002912",Negotiate,1212,"2025-03-26T07:02:06.8405682Z",5,Advapi,SYSTEM
"Mar 26, 2025 @ 12:02:07.923",4624,"CP-AKT-002912",Negotiate,1212,"2025-03-26T07:02:06.8405682Z",5,Advapi,SYSTEM
"Mar 26, 2025 @ 12:00:43.567",4624,"CP-AKT-002911",Negotiate,1108,"2025-03-26T07:00:42.3565932Z",5,Advapi,SYSTEM
"Mar 26, 2025 @ 12:00:43.567",4624,"CP-AKT-002911",Negotiate,1108,"2025-03-26T07:00:42.3565932Z",5,Advapi,SYSTEM
"Mar 26, 2025 @ 12:00:36.350",4624,"DESKTOP-5JEIKFF",Negotiate,1016,"2025-03-26T07:00:35.6407814Z",5,Advapi,SYSTEM
"Mar 26, 2025 @ 12:00:36.350",4624,"DESKTOP-5JEIKFF",Negotiate,1016,"2025-03-26T07:00:35.6407814Z",5,Advapi,SYSTEM
"Mar 26, 2025 @ 12:00:03.336",4624,"CP-AKT-002907",Negotiate,1156,"2025-03-26T07:00:01.4929090Z",5,Advapi,SYSTEM
"Mar 26, 2025 @ 12:00:03.336",4624,"CP-AKT-002907",Negotiate,1156,"2025-03-26T07:00:01.4929090Z",5,Advapi,SYSTEM
"Mar 26, 2025 @ 12:00:01.279",4624,"CP-AKT-002911",Negotiate,1108,"2025-03-26T07:00:00.0724852Z",5,Advapi,SYSTEM
"Mar 26, 2025 @ 12:00:01.279",4624,"CP-AKT-002911",Negotiate,1108,"2025-03-26T07:00:00.0724852Z",5,Advapi,SYSTEM
"Mar 26, 2025 @ 11:59:30.692",4624,"CP-AKT-002912",Negotiate,1212,"2025-03-26T06:59:29.6201522Z",5,Advapi,SYSTEM
"Mar 26, 2025 @ 11:59:30.692",4624,"CP-AKT-002912",Negotiate,1212,"2025-03-26T06:59:29.6201522Z",5,Advapi,SYSTEM
"Mar 26, 2025 @ 11:59:27.471",4624,"CP-AKT-002912",Negotiate,1212,"2025-03-26T06:59:26.9386461Z",5,Advapi,SYSTEM
"Mar 26, 2025 @ 11:59:27.471",4624,"CP-AKT-002912",Negotiate,1212,"2025-03-26T06:59:26.9386461Z",5,Advapi,SYSTEM
"Mar 26, 2025 @ 11:59:27.461",4624,"CP-AKT-002912",Negotiate,1212,"2025-03-26T06:59:26.4079863Z",5,Advapi,SYSTEM
"Mar 26, 2025 @ 11:59:27.461",4624,"CP-AKT-002912",Negotiate,1212,"2025-03-26T06:59:26.4079863Z",5,Advapi,SYSTEM
"Mar 26, 2025 @ 11:59:27.450",4624,"CP-AKT-002912",Negotiate,1212,"2025-03-26T06:59:26.3631984Z",5,Advapi,SYSTEM
"Mar 26, 2025 @ 11:59:27.450",4624,"CP-AKT-002912",Negotiate,1212,"2025-03-26T06:59:26.3631984Z",5,Advapi,SYSTEM
"Mar 26, 2025 @ 11:59:26.382",4624,"CP-AKT-002912",Negotiate,1212,"2025-03-26T06:59:25.3784144Z",5,Advapi,SYSTEM
"Mar 26, 2025 @ 11:59:26.382",4624,"CP-AKT-002912",Negotiate,1212,"2025-03-26T06:59:25.3784144Z",5,Advapi,SYSTEM
"Mar 26, 2025 @ 11:59:26.377",4624,"CP-AKT-002912",Negotiate,1212,"2025-03-26T06:59:25.2953246Z",5,Advapi,SYSTEM
"Mar 26, 2025 @ 11:59:26.377",4624,"CP-AKT-002912",Negotiate,1212,"2025-03-26T06:59:25.2953246Z",5,Advapi,SYSTEM
"Mar 26, 2025 @ 11:56:46.572",4624,"CP-AKT-002931",Negotiate,1040,"2025-03-26T06:56:44.7379794Z",5,Advapi,SYSTEM
"Mar 26, 2025 @ 11:56:46.572",4624,"CP-AKT-002931",Negotiate,1040,"2025-03-26T06:56:44.7379794Z",5,Advapi,SYSTEM
"Mar 26, 2025 @ 11:56:26.195",4624,"CP-AKT-002911",Negotiate,1108,"2025-03-26T06:56:25.6657570Z",5,Advapi,SYSTEM
"Mar 26, 2025 @ 11:56:26.195",4624,"CP-AKT-002911",Negotiate,1108,"2025-03-26T06:56:25.6657570Z",5,Advapi,SYSTEM
"Mar 26, 2025 @ 11:56:26.188",4624,"CP-AKT-002911",Negotiate,1108,"2025-03-26T06:56:24.9708473Z",5,Advapi,SYSTEM
"Mar 26, 2025 @ 11:56:26.188",4624,"CP-AKT-002911",Negotiate,1108,"2025-03-26T06:56:24.9708473Z",5,Advapi,SYSTEM
"Mar 26, 2025 @ 11:51:21.230",4624,"DESKTOP-5JEIKFF",Negotiate,1016,"2025-03-26T06:51:20.5376755Z",5,Advapi,SYSTEM
"Mar 26, 2025 @ 11:51:21.230",4624,"DESKTOP-5JEIKFF",Negotiate,1016,"2025-03-26T06:51:20.5376755Z",5,Advapi,SYSTEM
"Mar 26, 2025 @ 11:50:11.105",4624,"CP-AKT-002907",Negotiate,1156,"2025-03-26T06:50:09.2783155Z",5,Advapi,SYSTEM
"Mar 26, 2025 @ 11:50:11.105",4624,"CP-AKT-002907",Negotiate,1156,"2025-03-26T06:50:09.2783155Z",5,Advapi,SYSTEM
"Mar 26, 2025 @ 11:45:43.504",4624,"CP-AKT-002911",Negotiate,1108,"2025-03-26T06:45:42.3305469Z",5,Advapi,SYSTEM
"Mar 26, 2025 @ 11:45:43.504",4624,"CP-AKT-002911",Negotiate,1108,"2025-03-26T06:45:42.3305469Z",5,Advapi,SYSTEM
"Mar 26, 2025 @ 11:45:33.727",4624,"CP-AKT-002907",Negotiate,1156,"2025-03-26T06:45:27.1462759Z",5,Advapi,SYSTEM
"Mar 26, 2025 @ 11:45:33.727",4624,"CP-AKT-002907",Negotiate,1156,"2025-03-26T06:45:27.1462759Z",5,Advapi,SYSTEM
"Mar 26, 2025 @ 11:45:33.694",4624,"CP-AKT-002907",Negotiate,1156,"2025-03-26T06:45:26.8617104Z",5,Advapi,SYSTEM
"Mar 26, 2025 @ 11:45:33.694",4624,"CP-AKT-002907",Negotiate,1156,"2025-03-26T06:45:26.8617104Z",5,Advapi,SYSTEM
"Mar 26, 2025 @ 11:45:33.680",4624,"CP-AKT-002907",Negotiate,1156,"2025-03-26T06:45:26.8573998Z",5,Advapi,SYSTEM
"Mar 26, 2025 @ 11:45:33.680",4624,"CP-AKT-002907",Negotiate,1156,"2025-03-26T06:45:26.8573998Z",5,Advapi,SYSTEM
"Mar 26, 2025 @ 11:44:55.302",4624,"DESKTOP-5JEIKFF",Negotiate,1016,"2025-03-26T06:44:54.6295792Z",5,Advapi,SYSTEM
"Mar 26, 2025 @ 11:44:55.302",4624,"DESKTOP-5JEIKFF",Negotiate,1016,"2025-03-26T06:44:54.6295792Z",5,Advapi,SYSTEM
"Mar 26, 2025 @ 11:43:54.900",4624,"DESKTOP-5JEIKFF",Negotiate,1016,"2025-03-26T06:43:54.2310190Z",5,Advapi,SYSTEM
"Mar 26, 2025 @ 11:43:54.900",4624,"DESKTOP-5JEIKFF",Negotiate,1016,"2025-03-26T06:43:54.2310190Z",5,Advapi,SYSTEM
"Mar 26, 2025 @ 11:41:19.711",4624,"DESKTOP-5JEIKFF",Negotiate,1016,"2025-03-26T06:41:19.0429082Z",5,Advapi,SYSTEM
"Mar 26, 2025 @ 11:41:19.711",4624,"DESKTOP-5JEIKFF",Negotiate,1016,"2025-03-26T06:41:19.0429082Z",5,Advapi,SYSTEM
"Mar 26, 2025 @ 11:40:33.430",4624,"CP-AKT-002911",Negotiate,1108,"2025-03-26T06:40:32.2608306Z",5,Advapi,SYSTEM
"Mar 26, 2025 @ 11:40:33.430",4624,"CP-AKT-002911",Negotiate,1108,"2025-03-26T06:40:32.2608306Z",5,Advapi,SYSTEM
"Mar 26, 2025 @ 11:40:30.490",4624,"CP-AKT-002912",Negotiate,1212,"2025-03-26T06:40:29.4402768Z",5,Advapi,SYSTEM
"Mar 26, 2025 @ 11:40:30.490",4624,"CP-AKT-002912",Negotiate,1212,"2025-03-26T06:40:29.4402768Z",5,Advapi,SYSTEM
"Mar 26, 2025 @ 11:40:01.932",4624,"DESKTOP-5JEIKFF",Negotiate,1016,"2025-03-26T06:40:01.2646297Z",5,Advapi,SYSTEM
"Mar 26, 2025 @ 11:40:01.932",4624,"DESKTOP-5JEIKFF",Negotiate,1016,"2025-03-26T06:40:01.2646297Z",5,Advapi,SYSTEM
"Mar 26, 2025 @ 11:38:44.340",4624,"CP-AKT-002912",Negotiate,1212,"2025-03-26T06:38:43.3018980Z",5,Advapi,SYSTEM
"Mar 26, 2025 @ 11:38:44.340",4624,"CP-AKT-002912",Negotiate,1212,"2025-03-26T06:38:43.3018980Z",5,Advapi,SYSTEM
"Mar 26, 2025 @ 11:38:08.988",4624,"CP-AKT-002931",Negotiate,1040,"2025-03-26T06:38:07.2071589Z",5,Advapi,SYSTEM
"Mar 26, 2025 @ 11:38:08.988",4624,"CP-AKT-002931",Negotiate,1040,"2025-03-26T06:38:07.2071589Z",5,Advapi,SYSTEM
"Mar 26, 2025 @ 11:36:56.526",4624,"DESKTOP-5JEIKFF",Negotiate,1016,"2025-03-26T06:36:55.9359863Z",5,Advapi,SYSTEM
"Mar 26, 2025 @ 11:36:56.526",4624,"DESKTOP-5JEIKFF",Negotiate,1016,"2025-03-26T06:36:55.9359863Z",5,Advapi,SYSTEM
"Mar 26, 2025 @ 11:30:43.488",4624,"CP-AKT-002911",Negotiate,1108,"2025-03-26T06:30:42.3352292Z",5,Advapi,SYSTEM
"Mar 26, 2025 @ 11:30:43.488",4624,"CP-AKT-002911",Negotiate,1108,"2025-03-26T06:30:42.3352292Z",5,Advapi,SYSTEM
"Mar 26, 2025 @ 11:30:06.845",4624,"DESKTOP-5JEIKFF",Negotiate,1016,"2025-03-26T06:30:06.1859902Z",2,User32,Project
"Mar 26, 2025 @ 11:30:06.845",4624,"DESKTOP-5JEIKFF",Negotiate,1016,"2025-03-26T06:30:06.1859902Z",2,User32,Project
"Mar 26, 2025 @ 11:30:06.844",4624,"DESKTOP-5JEIKFF",Negotiate,1016,"2025-03-26T06:30:06.1859789Z",2,User32,Project
"Mar 26, 2025 @ 11:30:06.844",4624,"DESKTOP-5JEIKFF",Negotiate,1016,"2025-03-26T06:30:06.1859789Z",2,User32,Project
"Mar 26, 2025 @ 11:29:41.138",4624,"DESKTOP-5JEIKFF",Negotiate,1016,"2025-03-26T06:29:40.5244495Z",5,Advapi,SYSTEM
"Mar 26, 2025 @ 11:29:41.138",4624,"DESKTOP-5JEIKFF",Negotiate,1016,"2025-03-26T06:29:40.5244495Z",5,Advapi,SYSTEM
"Mar 26, 2025 @ 11:29:41.136",4624,"DESKTOP-5JEIKFF",Negotiate,1016,"2025-03-26T06:29:40.4779448Z",5,Advapi,SYSTEM
"Mar 26, 2025 @ 11:29:41.136",4624,"DESKTOP-5JEIKFF",Negotiate,1016,"2025-03-26T06:29:40.4779448Z",5,Advapi,SYSTEM
"Mar 26, 2025 @ 11:29:40.118",4624,"DESKTOP-5JEIKFF",Negotiate,1016,"2025-03-26T06:29:39.4609931Z",5,Advapi,SYSTEM
"Mar 26, 2025 @ 11:29:40.118",4624,"DESKTOP-5JEIKFF",Negotiate,1016,"2025-03-26T06:29:39.4609931Z",5,Advapi,SYSTEM
"Mar 26, 2025 @ 11:29:10.281",4624,"DESKTOP-5JEIKFF",Negotiate,1016,"2025-03-26T06:29:09.6180769Z",5,Advapi,SYSTEM
"Mar 26, 2025 @ 11:29:10.281",4624,"DESKTOP-5JEIKFF",Negotiate,1016,"2025-03-26T06:29:09.6180769Z",5,Advapi,SYSTEM
"Mar 26, 2025 @ 11:26:47.332",4624,"CP-AKT-002931",Negotiate,1040,"2025-03-26T06:26:45.5527060Z",5,Advapi,SYSTEM
"Mar 26, 2025 @ 11:26:47.332",4624,"CP-AKT-002931",Negotiate,1040,"2025-03-26T06:26:45.5527060Z",5,Advapi,SYSTEM
"Mar 26, 2025 @ 11:26:07.039",4624,"DESKTOP-5JEIKFF",Negotiate,1016,"2025-03-26T06:26:06.3846404Z",5,Advapi,SYSTEM
"Mar 26, 2025 @ 11:26:07.039",4624,"DESKTOP-5JEIKFF",Negotiate,1016,"2025-03-26T06:26:06.3846404Z",5,Advapi,SYSTEM
"Mar 26, 2025 @ 11:26:01.194",4624,"CP-AKT-002911",Negotiate,1108,"2025-03-26T06:26:00.0371638Z",5,Advapi,SYSTEM
"Mar 26, 2025 @ 11:26:01.194",4624,"CP-AKT-002911",Negotiate,1108,"2025-03-26T06:26:00.0371638Z",5,Advapi,SYSTEM
"Mar 26, 2025 @ 11:25:24.066",4624,"DESKTOP-5JEIKFF",Negotiate,1016,"2025-03-26T06:25:23.4112469Z",5,Advapi,SYSTEM
"Mar 26, 2025 @ 11:25:24.066",4624,"DESKTOP-5JEIKFF",Negotiate,1016,"2025-03-26T06:25:23.4112469Z",5,Advapi,SYSTEM
"Mar 26, 2025 @ 11:25:05.832",4624,"DESKTOP-5JEIKFF",Negotiate,1016,"2025-03-26T06:25:05.1779074Z",5,Advapi,SYSTEM
"Mar 26, 2025 @ 11:25:05.832",4624,"DESKTOP-5JEIKFF",Negotiate,1016,"2025-03-26T06:25:05.1779074Z",5,Advapi,SYSTEM
"Mar 26, 2025 @ 11:22:28.164",4624,"CP-AKT-002911",Negotiate,1108,"2025-03-26T06:22:27.0110929Z",5,Advapi,SYSTEM
"Mar 26, 2025 @ 11:22:28.164",4624,"CP-AKT-002911",Negotiate,1108,"2025-03-26T06:22:27.0110929Z",5,Advapi,SYSTEM
"Mar 26, 2025 @ 11:21:36.172",4624,"DESKTOP-5JEIKFF",Negotiate,1016,"2025-03-26T06:21:35.5185331Z",5,Advapi,SYSTEM
"Mar 26, 2025 @ 11:21:36.172",4624,"DESKTOP-5JEIKFF",Negotiate,1016,"2025-03-26T06:21:35.5185331Z",5,Advapi,SYSTEM
"Mar 26, 2025 @ 11:21:08.366",4624,"CP-AKT-002911",Negotiate,1108,"2025-03-26T06:21:07.2009625Z",5,Advapi,SYSTEM
"Mar 26, 2025 @ 11:21:08.366",4624,"CP-AKT-002911",Negotiate,1108,"2025-03-26T06:21:07.2009625Z",5,Advapi,SYSTEM
"Mar 26, 2025 @ 11:20:34.826",4624,"DESKTOP-5JEIKFF",Negotiate,1016,"2025-03-26T06:20:34.1748339Z",5,Advapi,SYSTEM
"Mar 26, 2025 @ 11:20:34.826",4624,"DESKTOP-5JEIKFF",Negotiate,1016,"2025-03-26T06:20:34.1748339Z",5,Advapi,SYSTEM
"Mar 26, 2025 @ 11:19:13.260",4624,"DESKTOP-5JEIKFF",Negotiate,1016,"2025-03-26T06:19:12.6072081Z",5,Advapi,SYSTEM
"Mar 26, 2025 @ 11:19:13.260",4624,"DESKTOP-5JEIKFF",Negotiate,1016,"2025-03-26T06:19:12.6072081Z",5,Advapi,SYSTEM
"Mar 26, 2025 @ 11:18:11.786",4624,"DESKTOP-5JEIKFF",Negotiate,1016,"2025-03-26T06:18:11.5541534Z",5,Advapi,SYSTEM
"Mar 26, 2025 @ 11:18:11.786",4624,"DESKTOP-5JEIKFF",Negotiate,1016,"2025-03-26T06:18:11.5541534Z",5,Advapi,SYSTEM
"Mar 26, 2025 @ 11:18:02.683",4624,"DESKTOP-5JEIKFF",Negotiate,1016,"2025-03-26T06:18:02.0338908Z",5,Advapi,SYSTEM
"Mar 26, 2025 @ 11:18:02.683",4624,"DESKTOP-5JEIKFF",Negotiate,1016,"2025-03-26T06:18:02.0338908Z",5,Advapi,SYSTEM
"Mar 26, 2025 @ 11:15:43.484",4624,"CP-AKT-002911",Negotiate,1108,"2025-03-26T06:15:42.4149845Z",5,Advapi,SYSTEM
"Mar 26, 2025 @ 11:15:43.484",4624,"CP-AKT-002911",Negotiate,1108,"2025-03-26T06:15:42.4149845Z",5,Advapi,SYSTEM
"Mar 26, 2025 @ 11:15:43.475",4624,"CP-AKT-002911",Negotiate,1108,"2025-03-26T06:15:42.3169450Z",5,Advapi,SYSTEM
"Mar 26, 2025 @ 11:15:43.475",4624,"CP-AKT-002911",Negotiate,1108,"2025-03-26T06:15:42.3169450Z",5,Advapi,SYSTEM
"Mar 26, 2025 @ 11:14:29.479",4624,"CP-AKT-002907",Negotiate,1156,"2025-03-26T06:14:27.6768585Z",5,Advapi,SYSTEM
"Mar 26, 2025 @ 11:14:29.479",4624,"CP-AKT-002907",Negotiate,1156,"2025-03-26T06:14:27.6768585Z",5,Advapi,SYSTEM
"Mar 26, 2025 @ 11:13:27.087",4624,"DESKTOP-5JEIKFF",Negotiate,1016,"2025-03-26T06:13:26.3862736Z",5,Advapi,SYSTEM
"Mar 26, 2025 @ 11:13:27.087",4624,"DESKTOP-5JEIKFF",Negotiate,1016,"2025-03-26T06:13:26.3862736Z",5,Advapi,SYSTEM
"Mar 26, 2025 @ 11:12:58.275",4624,"CP-AKT-002911",Negotiate,1108,"2025-03-26T06:12:57.0961298Z",5,Advapi,SYSTEM
"Mar 26, 2025 @ 11:12:58.275",4624,"CP-AKT-002911",Negotiate,1108,"2025-03-26T06:12:57.0961298Z",5,Advapi,SYSTEM
"Mar 26, 2025 @ 11:12:48.872",4624,"DESKTOP-5JEIKFF",Negotiate,1016,"2025-03-26T06:12:48.1971264Z",5,Advapi,SYSTEM
"Mar 26, 2025 @ 11:12:48.872",4624,"DESKTOP-5JEIKFF",Negotiate,1016,"2025-03-26T06:12:48.1971264Z",5,Advapi,SYSTEM
"Mar 26, 2025 @ 11:12:31.090",4624,"DESKTOP-5JEIKFF",Negotiate,1016,"2025-03-26T06:12:30.4106384Z",5,Advapi,SYSTEM
"Mar 26, 2025 @ 11:12:31.090",4624,"DESKTOP-5JEIKFF",Negotiate,1016,"2025-03-26T06:12:30.4106384Z",5,Advapi,SYSTEM
"Mar 26, 2025 @ 11:12:09.771",4624,"CP-AKT-002931",Negotiate,1040,"2025-03-26T06:12:06.1328574Z",5,Advapi,SYSTEM
"Mar 26, 2025 @ 11:12:09.771",4624,"CP-AKT-002931",Negotiate,1040,"2025-03-26T06:12:06.1328574Z",5,Advapi,SYSTEM
"Mar 26, 2025 @ 11:12:07.766",4624,"DESKTOP-5JEIKFF",Negotiate,1016,"2025-03-26T06:11:55.8321486Z",5,Advapi,SYSTEM
"Mar 26, 2025 @ 11:12:07.766",4624,"DESKTOP-5JEIKFF",Negotiate,1016,"2025-03-26T06:11:55.8321486Z",5,Advapi,SYSTEM
"Mar 26, 2025 @ 11:11:01.011",4624,"DESKTOP-5JEIKFF",Negotiate,1016,"2025-03-26T06:11:00.3405187Z",5,Advapi,SYSTEM
"Mar 26, 2025 @ 11:11:01.011",4624,"DESKTOP-5JEIKFF",Negotiate,1016,"2025-03-26T06:11:00.3405187Z",5,Advapi,SYSTEM
"Mar 26, 2025 @ 11:10:52.937",4624,"CP-AKT-002931",Negotiate,1040,"2025-03-26T05:56:44.7362686Z",5,Advapi,SYSTEM
"Mar 26, 2025 @ 11:10:52.937",4624,"CP-AKT-002931",Negotiate,1040,"2025-03-26T05:56:44.7362686Z",5,Advapi,SYSTEM
"Mar 26, 2025 @ 11:10:52.935",4624,"CP-AKT-002931",Negotiate,1040,"2025-03-26T05:35:54.5281134Z",5,Advapi,SYSTEM
"Mar 26, 2025 @ 11:10:52.935",4624,"CP-AKT-002931",Negotiate,1040,"2025-03-26T05:53:38.5837348Z",5,Advapi,SYSTEM
"Mar 26, 2025 @ 11:10:52.935",4624,"CP-AKT-002931",Negotiate,1040,"2025-03-26T05:53:38.5837348Z",5,Advapi,SYSTEM
"Mar 26, 2025 @ 11:10:52.935",4624,"CP-AKT-002931",Negotiate,1040,"2025-03-26T05:35:54.5281134Z",5,Advapi,SYSTEM
"Mar 26, 2025 @ 11:10:52.181",4624,"CP-AKT-002931",Negotiate,1040,"2025-03-26T05:26:45.3464324Z",5,Advapi,SYSTEM
"Mar 26, 2025 @ 11:10:52.181",4624,"CP-AKT-002931",Negotiate,1040,"2025-03-26T05:26:45.3464324Z",5,Advapi,SYSTEM
"Mar 26, 2025 @ 11:10:52.180",4624,"CP-AKT-002931",Negotiate,1040,"2025-03-26T05:12:06.1248596Z",5,Advapi,SYSTEM
"Mar 26, 2025 @ 11:10:52.180",4624,"CP-AKT-002931",Negotiate,1040,"2025-03-26T05:12:06.1248596Z",5,Advapi,SYSTEM
"Mar 26, 2025 @ 11:10:51.708",4624,"CP-AKT-002931",Negotiate,1040,"2025-03-26T04:56:44.7207549Z",5,Advapi,SYSTEM
"Mar 26, 2025 @ 11:10:51.708",4624,"CP-AKT-002931",Negotiate,1040,"2025-03-26T04:56:44.7207549Z",5,Advapi,SYSTEM
"Mar 26, 2025 @ 11:10:51.431",4624,"CP-AKT-002931",Negotiate,1040,"2025-03-26T04:26:45.1192610Z",5,Advapi,SYSTEM
"Mar 26, 2025 @ 11:10:51.431",4624,"CP-AKT-002931",Negotiate,1040,"2025-03-26T04:26:45.1192610Z",5,Advapi,SYSTEM
"Mar 26, 2025 @ 11:10:51.428",4624,"CP-AKT-002931",Negotiate,1040,"2025-03-26T04:12:06.1186300Z",5,Advapi,SYSTEM
"Mar 26, 2025 @ 11:10:51.428",4624,"CP-AKT-002931",Negotiate,1040,"2025-03-26T04:12:06.1186300Z",5,Advapi,SYSTEM
"Mar 26, 2025 @ 11:10:48.472",4624,"CP-AKT-002931",Negotiate,1040,"2025-03-26T03:56:44.7192819Z",5,Advapi,SYSTEM
"Mar 26, 2025 @ 11:10:48.472",4624,"CP-AKT-002931",Negotiate,1040,"2025-03-26T03:56:44.7192819Z",5,Advapi,SYSTEM
"Mar 26, 2025 @ 11:10:48.090",4624,"CP-AKT-002931",Negotiate,1040,"2025-03-26T03:55:35.9508915Z",5,Advapi,SYSTEM
"Mar 26, 2025 @ 11:10:48.090",4624,"CP-AKT-002931",Negotiate,1040,"2025-03-26T03:55:35.9508915Z",5,Advapi,SYSTEM
"Mar 26, 2025 @ 11:10:48.030",4624,"CP-AKT-002931",Negotiate,1040,"2025-03-26T03:42:01.6545360Z",5,Advapi,SYSTEM
"Mar 26, 2025 @ 11:10:48.030",4624,"CP-AKT-002931",Negotiate,1040,"2025-03-26T03:42:01.6545360Z",5,Advapi,SYSTEM
"Mar 26, 2025 @ 11:10:48.000",4624,"CP-AKT-002931",Negotiate,1040,"2025-03-26T03:35:54.8283262Z",5,Advapi,SYSTEM
"Mar 26, 2025 @ 11:10:48.000",4624,"CP-AKT-002931",Negotiate,1040,"2025-03-26T03:35:54.8283262Z",5,Advapi,SYSTEM
"Mar 26, 2025 @ 11:10:47.642",4624,"CP-AKT-002931",Negotiate,1040,"2025-03-26T03:26:44.8763244Z",5,Advapi,SYSTEM
"Mar 26, 2025 @ 11:10:47.642",4624,"CP-AKT-002931",Negotiate,1040,"2025-03-26T03:26:44.8763244Z",5,Advapi,SYSTEM
"Mar 26, 2025 @ 11:10:47.611",4624,"CP-AKT-002931",Negotiate,1040,"2025-03-26T03:12:05.2856821Z",5,Advapi,SYSTEM
"Mar 26, 2025 @ 11:10:47.611",4624,"CP-AKT-002931",Negotiate,1040,"2025-03-26T03:12:05.2856821Z",5,Advapi,SYSTEM
"Mar 26, 2025 @ 11:10:47.207",4624,"CP-AKT-002931",Negotiate,1040,"2025-03-26T02:57:45.1025304Z",5,Advapi,SYSTEM
"Mar 26, 2025 @ 11:10:47.207",4624,"CP-AKT-002931",Negotiate,1040,"2025-03-26T02:57:45.1025304Z",5,Advapi,SYSTEM
"Mar 26, 2025 @ 11:10:45.779",4624,"CP-AKT-002931",Negotiate,1040,"2025-03-26T02:56:44.3302959Z",5,Advapi,SYSTEM
"Mar 26, 2025 @ 11:10:45.779",4624,"CP-AKT-002931",Negotiate,1040,"2025-03-26T02:56:44.3302959Z",5,Advapi,SYSTEM
"Mar 26, 2025 @ 11:10:45.422",4624,"CP-AKT-002931",Negotiate,1040,"2025-03-26T02:53:41.1072542Z",5,Advapi,SYSTEM
"Mar 26, 2025 @ 11:10:45.422",4624,"CP-AKT-002931",Negotiate,1040,"2025-03-26T02:53:41.1072542Z",5,Advapi,SYSTEM
"Mar 26, 2025 @ 11:10:45.174",4624,"CP-AKT-002931",Negotiate,1040,"2025-03-26T02:48:40.8510480Z",5,Advapi,SYSTEM
"Mar 26, 2025 @ 11:10:45.174",4624,"CP-AKT-002931",Negotiate,1040,"2025-03-26T02:48:40.8510480Z",5,Advapi,SYSTEM
"Mar 26, 2025 @ 11:10:45.144",4624,"CP-AKT-002931",Negotiate,1040,"2025-03-26T02:43:40.6028155Z",5,Advapi,SYSTEM
"Mar 26, 2025 @ 11:10:45.144",4624,"CP-AKT-002931",Negotiate,1040,"2025-03-26T02:43:40.6028155Z",5,Advapi,SYSTEM
"Mar 26, 2025 @ 11:10:45.139",4624,"CP-AKT-002931",Negotiate,1040,"2025-03-26T02:38:40.3414951Z",5,Advapi,SYSTEM
"Mar 26, 2025 @ 11:10:45.139",4624,"CP-AKT-002931",Negotiate,1040,"2025-03-26T02:38:40.3414951Z",5,Advapi,SYSTEM
"Mar 26, 2025 @ 11:10:45.138",4624,"CP-AKT-002931",Negotiate,1040,"2025-03-26T02:35:04.3009633Z",5,Advapi,SYSTEM
"Mar 26, 2025 @ 11:10:45.138",4624,"CP-AKT-002931",Negotiate,1040,"2025-03-26T02:35:06.7896927Z",5,Advapi,SYSTEM
"Mar 26, 2025 @ 11:10:45.138",4624,"CP-AKT-002931",Negotiate,1040,"2025-03-26T02:35:04.3009633Z",5,Advapi,SYSTEM
"Mar 26, 2025 @ 11:10:45.138",4624,"CP-AKT-002931",Negotiate,1040,"2025-03-26T02:35:06.7896927Z",5,Advapi,SYSTEM
"Mar 26, 2025 @ 11:10:45.126",4625,"CP-AKT-002912",NTLM,1212,"2025-03-26T06:08:53.7005922Z",3,NtLmSsp,Administrator
"Mar 26, 2025 @ 11:10:45.126",4625,"CP-AKT-002912",NTLM,1212,"2025-03-26T06:08:53.7005922Z",3,NtLmSsp,Administrator
"Mar 26, 2025 @ 11:10:45.125",4624,"CP-AKT-002912",Negotiate,1212,"2025-03-26T06:00:14.6469926Z",5,Advapi,SYSTEM
"Mar 26, 2025 @ 11:10:45.125",4624,"CP-AKT-002931",Negotiate,1040,"2025-03-26T02:32:17.3891001Z",5,Advapi,SYSTEM
"Mar 26, 2025 @ 11:10:45.125",4624,"CP-AKT-002931",Negotiate,1040,"2025-03-26T02:32:17.3891001Z",5,Advapi,SYSTEM
"Mar 26, 2025 @ 11:10:45.125",4624,"CP-AKT-002931",Negotiate,1040,"2025-03-26T02:33:40.0179126Z",5,Advapi,SYSTEM
"Mar 26, 2025 @ 11:10:45.125",4625,"CP-AKT-002912",NTLM,1212,"2025-03-26T06:08:51.6486404Z",3,NtLmSsp,Administrator
"Mar 26, 2025 @ 11:10:45.125",4624,"CP-AKT-002931",Negotiate,1040,"2025-03-26T02:33:40.0179126Z",5,Advapi,SYSTEM
"Mar 26, 2025 @ 11:10:45.125",4625,"CP-AKT-002912",NTLM,1212,"2025-03-26T06:08:52.6752282Z",3,NtLmSsp,Administrator
"Mar 26, 2025 @ 11:10:45.125",4624,"CP-AKT-002912",Negotiate,1212,"2025-03-26T06:00:14.6469926Z",5,Advapi,SYSTEM
"Mar 26, 2025 @ 11:10:45.125",4625,"CP-AKT-002912",NTLM,1212,"2025-03-26T06:08:52.6752282Z",3,NtLmSsp,Administrator
"Mar 26, 2025 @ 11:10:45.125",4625,"CP-AKT-002912",NTLM,1212,"2025-03-26T06:08:51.6486404Z",3,NtLmSsp,Administrator
"Mar 26, 2025 @ 11:10:45.123",4624,"CP-AKT-002912",Negotiate,1212,"2025-03-26T05:58:00.3108755Z",5,Advapi,SYSTEM
"Mar 26, 2025 @ 11:10:45.123",4624,"CP-AKT-002912",Negotiate,1212,"2025-03-26T05:58:00.3108755Z",5,Advapi,SYSTEM
"Mar 26, 2025 @ 11:10:44.772",4624,"CP-AKT-002931",Negotiate,1040,"2025-03-26T02:26:52.9344965Z",5,Advapi,SYSTEM
"Mar 26, 2025 @ 11:10:44.772",4624,"CP-AKT-002931",Negotiate,1040,"2025-03-26T02:26:52.9344965Z",5,Advapi,SYSTEM
"Mar 26, 2025 @ 11:10:44.771",4624,"CP-AKT-002912",Negotiate,1212,"2025-03-26T05:40:14.5114030Z",5,Advapi,SYSTEM
"Mar 26, 2025 @ 11:10:44.771",4624,"CP-AKT-002912",Negotiate,1212,"2025-03-26T05:40:14.5114030Z",5,Advapi,SYSTEM
"Mar 26, 2025 @ 11:10:44.766",4624,"CP-AKT-002912",Negotiate,1212,"2025-03-26T05:40:11.8415002Z",5,Advapi,SYSTEM
"Mar 26, 2025 @ 11:10:44.766",4624,"CP-AKT-002912",Negotiate,1212,"2025-03-26T05:40:11.8415002Z",5,Advapi,SYSTEM
"Mar 26, 2025 @ 11:10:44.512",4624,"CP-AKT-002912",Negotiate,1212,"2025-03-26T05:37:03.4327697Z",5,Advapi,SYSTEM
"Mar 26, 2025 @ 11:10:44.512",4624,"CP-AKT-002912",Negotiate,1212,"2025-03-26T05:37:03.4327697Z",5,Advapi,SYSTEM
"Mar 26, 2025 @ 11:10:44.502",4624,"CP-AKT-002912",Negotiate,1212,"2025-03-26T05:37:02.7905413Z",5,Advapi,SYSTEM
"Mar 26, 2025 @ 11:10:44.502",4624,"CP-AKT-002912",Negotiate,1212,"2025-03-26T05:37:03.2068741Z",5,Advapi,SYSTEM
"Mar 26, 2025 @ 11:10:44.502",4624,"CP-AKT-002912",Negotiate,1212,"2025-03-26T05:37:02.7905413Z",5,Advapi,SYSTEM
"Mar 26, 2025 @ 11:10:44.502",4624,"CP-AKT-002912",Negotiate,1212,"2025-03-26T05:37:03.2068741Z",5,Advapi,SYSTEM
"Mar 26, 2025 @ 11:10:44.486",4624,"CP-AKT-002912",Negotiate,1212,"2025-03-26T05:37:02.7097692Z",5,Advapi,SYSTEM
"Mar 26, 2025 @ 11:10:44.486",4624,"CP-AKT-002912",Negotiate,1212,"2025-03-26T05:37:02.7097692Z",5,Advapi,SYSTEM
"Mar 26, 2025 @ 11:10:44.140",4624,"CP-AKT-002931",Negotiate,1040,"2025-03-26T02:23:39.5834538Z",5,Advapi,SYSTEM
"Mar 26, 2025 @ 11:10:44.140",4624,"CP-AKT-002931",Negotiate,1040,"2025-03-26T02:23:39.5834538Z",5,Advapi,SYSTEM
"Mar 26, 2025 @ 11:10:43.714",4624,"CP-AKT-002931",Negotiate,1040,"2025-03-26T02:18:39.1764031Z",5,Advapi,SYSTEM
"Mar 26, 2025 @ 11:10:43.714",4624,"CP-AKT-002931",Negotiate,1040,"2025-03-26T02:18:39.1764031Z",5,Advapi,SYSTEM
"Mar 26, 2025 @ 11:10:43.683",4624,"CP-AKT-002931",Negotiate,1040,"2025-03-26T02:14:33.9743913Z",5,Advapi,SYSTEM
"Mar 26, 2025 @ 11:10:43.683",4624,"CP-AKT-002931",Negotiate,1040,"2025-03-26T02:14:33.9743913Z",5,Advapi,SYSTEM
"Mar 26, 2025 @ 11:10:43.679",4624,"CP-AKT-002912",Negotiate,1212,"2025-03-26T05:36:10.9784167Z",5,Advapi,SYSTEM
"Mar 26, 2025 @ 11:10:43.679",4624,"CP-AKT-002912",Negotiate,1212,"2025-03-26T05:36:10.9784167Z",5,Advapi,SYSTEM
"Mar 26, 2025 @ 11:10:43.378",4624,"CP-AKT-002931",Negotiate,1040,"2025-03-26T02:12:35.8259350Z",5,Advapi,SYSTEM
"Mar 26, 2025 @ 11:10:43.378",4624,"CP-AKT-002931",Negotiate,1040,"2025-03-26T02:12:35.8259350Z",5,Advapi,SYSTEM
"Mar 26, 2025 @ 11:10:43.354",4624,"CP-AKT-002912",Negotiate,1212,"2025-03-26T05:26:16.2268262Z",5,Advapi,SYSTEM
"Mar 26, 2025 @ 11:10:43.354",4624,"CP-AKT-002912",Negotiate,1212,"2025-03-26T05:26:16.2268262Z",5,Advapi,SYSTEM
"Mar 26, 2025 @ 11:10:43.326",4624,"CP-AKT-002912",Negotiate,1212,"2025-03-26T05:26:05.2919912Z",5,Advapi,SYSTEM
"Mar 26, 2025 @ 11:10:43.326",4624,"CP-AKT-002912",Negotiate,1212,"2025-03-26T05:26:05.2919912Z",5,Advapi,SYSTEM
"Mar 26, 2025 @ 11:10:43.325",4624,"CP-AKT-002912",Negotiate,1212,"2025-03-26T05:26:03.5454406Z",5,Advapi,SYSTEM
"Mar 26, 2025 @ 11:10:43.325",4624,"CP-AKT-002912",Negotiate,1212,"2025-03-26T05:26:03.5454406Z",5,Advapi,SYSTEM
"Mar 26, 2025 @ 11:10:43.324",4624,"CP-AKT-002912",Negotiate,1212,"2025-03-26T05:26:02.7382706Z",5,Advapi,SYSTEM
"Mar 26, 2025 @ 11:10:43.324",4624,"CP-AKT-002912",Negotiate,1212,"2025-03-26T05:26:02.7382706Z",5,Advapi,SYSTEM
"Mar 26, 2025 @ 11:10:43.021",4624,"CP-AKT-002912",Negotiate,1212,"2025-03-26T05:26:02.7018966Z",5,Advapi,SYSTEM
"Mar 26, 2025 @ 11:10:43.021",4624,"CP-AKT-002912",Negotiate,1212,"2025-03-26T05:26:02.7018966Z",5,Advapi,SYSTEM
"Mar 26, 2025 @ 11:10:43.020",4624,"CP-AKT-002931",Negotiate,1040,"2025-03-26T02:10:26.2622077Z",5,Advapi,SYSTEM
"Mar 26, 2025 @ 11:10:43.020",4624,"CP-AKT-002931",Negotiate,1040,"2025-03-26T02:10:26.2622077Z",5,Advapi,SYSTEM
"Mar 26, 2025 @ 11:10:43.011",4624,"CP-AKT-002931",Negotiate,1040,"2025-03-26T02:10:02.4490137Z",5,Advapi,SYSTEM
"Mar 26, 2025 @ 11:10:43.011",4624,"CP-AKT-002931",Negotiate,1040,"2025-03-26T02:10:26.2618129Z",5,Advapi,SYSTEM
"Mar 26, 2025 @ 11:10:43.011",4624,"CP-AKT-002931",Negotiate,1040,"2025-03-26T02:10:02.4490137Z",5,Advapi,SYSTEM
"Mar 26, 2025 @ 11:10:43.011",4624,"CP-AKT-002931",Negotiate,1040,"2025-03-26T02:10:26.2618129Z",5,Advapi,SYSTEM
"Mar 26, 2025 @ 11:10:43.010",4624,"CP-AKT-002912",Negotiate,1212,"2025-03-26T05:26:02.6754264Z",5,Advapi,SYSTEM
"Mar 26, 2025 @ 11:10:43.010",4624,"CP-AKT-002912",Negotiate,1212,"2025-03-26T05:26:02.6754264Z",5,Advapi,SYSTEM
"Mar 26, 2025 @ 11:10:42.541",4624,"CP-AKT-002931",Negotiate,1040,"2025-03-26T02:10:01.0028228Z",5,Advapi,SYSTEM
"Mar 26, 2025 @ 11:10:42.541",4624,"CP-AKT-002931",Negotiate,1040,"2025-03-26T02:10:01.0028228Z",5,Advapi,SYSTEM
"Mar 26, 2025 @ 11:10:42.510",4624,"CP-AKT-002931",Negotiate,1040,"2025-03-26T02:10:00.8936667Z",5,Advapi,SYSTEM
"Mar 26, 2025 @ 11:10:42.510",4624,"CP-AKT-002931",Negotiate,1040,"2025-03-26T02:10:00.8936667Z",5,Advapi,SYSTEM
"Mar 26, 2025 @ 11:10:42.484",4624,"CP-AKT-002912",Negotiate,1212,"2025-03-26T05:23:03.4078320Z",5,Advapi,SYSTEM
"Mar 26, 2025 @ 11:10:42.484",4624,"CP-AKT-002912",Negotiate,1212,"2025-03-26T05:23:03.4078320Z",5,Advapi,SYSTEM
"Mar 26, 2025 @ 11:10:42.415",4624,"CP-AKT-002912",Negotiate,1212,"2025-03-26T05:23:03.0227761Z",5,Advapi,SYSTEM
"Mar 26, 2025 @ 11:10:42.415",4624,"CP-AKT-002912",Negotiate,1212,"2025-03-26T05:23:03.0227761Z",5,Advapi,SYSTEM
"Mar 26, 2025 @ 11:10:42.201",4624,"CP-AKT-002931",Negotiate,1040,"2025-03-26T02:06:54.8149069Z",5,Advapi,SYSTEM
"Mar 26, 2025 @ 11:10:42.201",4624,"CP-AKT-002931",Negotiate,1040,"2025-03-26T02:06:54.8149069Z",5,Advapi,SYSTEM
"Mar 26, 2025 @ 11:10:42.170",4624,"CP-AKT-002931",Negotiate,1040,"2025-03-26T02:05:58.2189992Z",5,Advapi,SYSTEM
"Mar 26, 2025 @ 11:10:42.170",4624,"CP-AKT-002931",Negotiate,1040,"2025-03-26T02:05:58.2189992Z",5,Advapi,SYSTEM
"Mar 26, 2025 @ 11:10:41.029",4624,"CP-AKT-002931",Negotiate,1040,"2025-03-26T01:59:52.4799882Z",5,Advapi,SYSTEM
"Mar 26, 2025 @ 11:10:41.029",4624,"CP-AKT-002931",Negotiate,1040,"2025-03-26T01:59:52.4799882Z",5,Advapi,SYSTEM
"Mar 26, 2025 @ 11:10:40.889",4624,"CP-AKT-002931",Negotiate,1040,"2025-03-26T01:59:51.6603668Z",5,Advapi,SYSTEM
"Mar 26, 2025 @ 11:10:40.889",4624,"CP-AKT-002931",Negotiate,1040,"2025-03-26T01:59:51.6603668Z",5,Advapi,SYSTEM
"Mar 26, 2025 @ 11:10:39.751",4624,"CP-AKT-002912",Negotiate,1212,"2025-03-26T05:22:07.4487207Z",5,Advapi,SYSTEM
"Mar 26, 2025 @ 11:10:39.751",4624,"CP-AKT-002912",Negotiate,1212,"2025-03-26T05:22:07.4487207Z",5,Advapi,SYSTEM
"Mar 26, 2025 @ 11:10:38.263",4624,"CP-AKT-002912",Negotiate,1212,"2025-03-26T05:22:06.1219249Z",5,Advapi,SYSTEM
"Mar 26, 2025 @ 11:10:38.263",4624,"CP-AKT-002912",Negotiate,1212,"2025-03-26T05:22:06.1219249Z",5,Advapi,SYSTEM
"Mar 26, 2025 @ 11:10:38.093",4624,"CP-AKT-002912",Negotiate,1212,"2025-03-26T05:22:02.1018164Z",5,Advapi,SYSTEM
"Mar 26, 2025 @ 11:10:38.093",4624,"CP-AKT-002912",Negotiate,1212,"2025-03-26T05:22:02.1018164Z",5,Advapi,SYSTEM
"Mar 26, 2025 @ 11:10:38.016",4624,"CP-AKT-002912",Negotiate,1212,"2025-03-26T05:22:01.9366797Z",5,Advapi,SYSTEM
"Mar 26, 2025 @ 11:10:38.016",4624,"CP-AKT-002912",Negotiate,1212,"2025-03-26T05:22:01.9366797Z",5,Advapi,SYSTEM
"Mar 26, 2025 @ 11:10:37.939",4624,"CP-AKT-002912",Negotiate,1212,"2025-03-26T05:22:01.8848536Z",5,Advapi,SYSTEM
"Mar 26, 2025 @ 11:10:37.939",4624,"CP-AKT-002912",Negotiate,1212,"2025-03-26T05:22:01.8848536Z",5,Advapi,SYSTEM
"Mar 26, 2025 @ 11:10:37.862",4624,"CP-AKT-002912",Negotiate,1212,"2025-03-26T05:22:01.8847376Z",5,Advapi,SYSTEM
"Mar 26, 2025 @ 11:10:37.862",4624,"CP-AKT-002912",Negotiate,1212,"2025-03-26T05:22:01.8847376Z",5,Advapi,SYSTEM
"Mar 26, 2025 @ 11:10:37.785",4624,"CP-AKT-002912",Negotiate,1212,"2025-03-26T05:22:01.8839784Z",5,Advapi,SYSTEM
"Mar 26, 2025 @ 11:10:37.785",4624,"CP-AKT-002912",Negotiate,1212,"2025-03-26T05:22:01.8839784Z",5,Advapi,SYSTEM
"Mar 26, 2025 @ 11:10:37.717",4624,"CP-AKT-002912",Negotiate,1212,"2025-03-26T05:22:01.7008400Z",11,User32,"acuk.student"
"Mar 26, 2025 @ 11:10:37.717",4624,"CP-AKT-002912",Negotiate,1212,"2025-03-26T05:22:01.7008400Z",11,User32,"acuk.student"
"Mar 26, 2025 @ 11:10:37.653",4625,"CP-AKT-002912",Negotiate,1212,"2025-03-26T05:21:49.9111316Z",2,User32,"acuk.student"
"Mar 26, 2025 @ 11:10:37.653",4625,"CP-AKT-002912",Negotiate,1212,"2025-03-26T05:21:49.9111316Z",2,User32,"acuk.student"
"Mar 26, 2025 @ 11:10:37.607",4624,"CP-AKT-002912",Negotiate,1212,"2025-03-26T05:21:31.0862239Z",5,Advapi,SYSTEM
"Mar 26, 2025 @ 11:10:37.607",4624,"CP-AKT-002912",Negotiate,1212,"2025-03-26T05:21:31.0862239Z",5,Advapi,SYSTEM
"Mar 26, 2025 @ 11:10:37.576",4625,"CP-AKT-002912",NTLM,1212,"2025-03-26T05:06:23.4876192Z",3,NtLmSsp,Administrator
"Mar 26, 2025 @ 11:10:37.576",4625,"CP-AKT-002912",NTLM,1212,"2025-03-26T05:06:23.4876192Z",3,NtLmSsp,Administrator
"Mar 26, 2025 @ 11:10:37.546",4625,"CP-AKT-002912",NTLM,1212,"2025-03-26T05:06:22.4606580Z",3,NtLmSsp,Administrator
"Mar 26, 2025 @ 11:10:37.546",4625,"CP-AKT-002912",NTLM,1212,"2025-03-26T05:06:22.4606580Z",3,NtLmSsp,Administrator
"Mar 26, 2025 @ 11:10:37.500",4625,"CP-AKT-002912",NTLM,1212,"2025-03-26T05:06:21.4340143Z",3,NtLmSsp,Administrator
"Mar 26, 2025 @ 11:10:37.500",4625,"CP-AKT-002912",NTLM,1212,"2025-03-26T05:06:21.4340143Z",3,NtLmSsp,Administrator
"Mar 26, 2025 @ 11:10:37.439",4624,"CP-AKT-002912",Negotiate,1212,"2025-03-26T04:59:14.3308044Z",5,Advapi,SYSTEM
"Mar 26, 2025 @ 11:10:37.439",4624,"CP-AKT-002912",Negotiate,1212,"2025-03-26T04:59:14.3308044Z",5,Advapi,SYSTEM
"Mar 26, 2025 @ 11:10:37.362",4624,"CP-AKT-002912",Negotiate,1212,"2025-03-26T04:49:12.1978347Z",5,Advapi,SYSTEM
"Mar 26, 2025 @ 11:10:37.362",4624,"CP-AKT-002912",Negotiate,1212,"2025-03-26T04:49:12.1978347Z",5,Advapi,SYSTEM
"Mar 26, 2025 @ 11:10:37.285",4624,"CP-AKT-002912",Negotiate,1212,"2025-03-26T04:44:15.6754888Z",5,Advapi,SYSTEM
"Mar 26, 2025 @ 11:10:37.285",4624,"CP-AKT-002912",Negotiate,1212,"2025-03-26T04:44:15.6754888Z",5,Advapi,SYSTEM
"Mar 26, 2025 @ 11:10:37.210",4624,"CP-AKT-002912",Negotiate,1212,"2025-03-26T04:11:14.1619565Z",5,Advapi,SYSTEM
"Mar 26, 2025 @ 11:10:37.210",4624,"CP-AKT-002912",Negotiate,1212,"2025-03-26T04:11:14.1619565Z",5,Advapi,SYSTEM
"Mar 26, 2025 @ 11:10:37.132",4624,"CP-AKT-002912",Negotiate,1212,"2025-03-26T04:10:14.1698268Z",5,Advapi,SYSTEM
"Mar 26, 2025 @ 11:10:37.132",4624,"CP-AKT-002912",Negotiate,1212,"2025-03-26T04:10:14.1698268Z",5,Advapi,SYSTEM
"Mar 26, 2025 @ 11:10:37.102",4625,"CP-AKT-002912",NTLM,1212,"2025-03-26T04:06:18.6215140Z",3,NtLmSsp,Administrator
"Mar 26, 2025 @ 11:10:37.102",4625,"CP-AKT-002912",NTLM,1212,"2025-03-26T04:06:18.6215140Z",3,NtLmSsp,Administrator
"Mar 26, 2025 @ 11:10:37.070",4625,"CP-AKT-002912",NTLM,1212,"2025-03-26T04:06:17.6042868Z",3,NtLmSsp,Administrator
"Mar 26, 2025 @ 11:10:37.070",4625,"CP-AKT-002912",NTLM,1212,"2025-03-26T04:06:17.6042868Z",3,NtLmSsp,Administrator
"Mar 26, 2025 @ 11:10:37.040",4625,"CP-AKT-002912",NTLM,1212,"2025-03-26T04:06:16.5884493Z",3,NtLmSsp,Administrator
"Mar 26, 2025 @ 11:10:37.040",4625,"CP-AKT-002912",NTLM,1212,"2025-03-26T04:06:16.5884493Z",3,NtLmSsp,Administrator
"Mar 26, 2025 @ 11:10:36.978",4624,"CP-AKT-002912",Negotiate,1212,"2025-03-26T04:05:25.9459975Z",5,Advapi,SYSTEM
"Mar 26, 2025 @ 11:10:36.978",4624,"CP-AKT-002912",Negotiate,1212,"2025-03-26T04:05:25.9459975Z",5,Advapi,SYSTEM
"Mar 26, 2025 @ 11:10:36.902",4624,"CP-AKT-002912",Negotiate,1212,"2025-03-26T04:05:25.7897680Z",5,Advapi,SYSTEM
"Mar 26, 2025 @ 11:10:36.902",4624,"CP-AKT-002912",Negotiate,1212,"2025-03-26T04:05:25.7897680Z",5,Advapi,SYSTEM
"Mar 26, 2025 @ 11:10:36.881",4624,"CP-AKT-002931",Negotiate,1040,"2025-03-26T01:59:14.5097158Z",5,Advapi,SYSTEM
"Mar 26, 2025 @ 11:10:36.881",4624,"CP-AKT-002931",Negotiate,1040,"2025-03-26T01:59:14.5097158Z",5,Advapi,SYSTEM
"Mar 26, 2025 @ 11:10:36.824",4624,"CP-AKT-002912",Negotiate,1212,"2025-03-26T04:05:20.8325779Z",5,Advapi,SYSTEM
"Mar 26, 2025 @ 11:10:36.824",4624,"CP-AKT-002912",Negotiate,1212,"2025-03-26T04:05:20.8325779Z",5,Advapi,SYSTEM
"Mar 26, 2025 @ 11:10:36.820",4624,"CP-AKT-002931",Negotiate,1040,"2025-03-26T01:59:14.4840031Z",5,Advapi,SYSTEM
"Mar 26, 2025 @ 11:10:36.820",4624,"CP-AKT-002931",Negotiate,1040,"2025-03-26T01:59:14.4840031Z",5,Advapi,SYSTEM
"Mar 26, 2025 @ 11:10:36.789",4624,"CP-AKT-002912",Negotiate,1212,"2025-03-26T04:05:20.4551334Z",5,Advapi,SYSTEM
"Mar 26, 2025 @ 11:10:36.789",4624,"CP-AKT-002912",Negotiate,1212,"2025-03-26T04:05:20.4551334Z",5,Advapi,SYSTEM
"Mar 26, 2025 @ 11:10:36.724",4624,"CP-AKT-002912",Negotiate,1212,"2025-03-26T04:05:15.3477848Z",5,Advapi,SYSTEM
"Mar 26, 2025 @ 11:10:36.724",4624,"CP-AKT-002912",Negotiate,1212,"2025-03-26T04:05:15.3477848Z",5,Advapi,SYSTEM
"Mar 26, 2025 @ 11:10:36.642",4624,"CP-AKT-002912",Negotiate,1212,"2025-03-26T04:03:48.8053193Z",5,Advapi,SYSTEM
"Mar 26, 2025 @ 11:10:36.642",4624,"CP-AKT-002912",Negotiate,1212,"2025-03-26T04:03:48.8053193Z",5,Advapi,SYSTEM
"Mar 26, 2025 @ 11:10:36.561",4624,"CP-AKT-002912",Negotiate,1212,"2025-03-26T04:03:48.1385001Z",5,Advapi,SYSTEM
"Mar 26, 2025 @ 11:10:36.561",4624,"CP-AKT-002912",Negotiate,1212,"2025-03-26T04:03:48.1385001Z",5,Advapi,SYSTEM
"Mar 26, 2025 @ 11:10:36.480",4624,"CP-AKT-002912",Negotiate,1212,"2025-03-26T04:03:48.1383782Z",5,Advapi,SYSTEM
"Mar 26, 2025 @ 11:10:36.480",4624,"CP-AKT-002912",Negotiate,1212,"2025-03-26T04:03:48.1383782Z",5,Advapi,SYSTEM
"Mar 26, 2025 @ 11:10:36.415",4624,"CP-AKT-002912",Negotiate,1212,"2025-03-26T03:59:14.1660860Z",5,Advapi,SYSTEM
"Mar 26, 2025 @ 11:10:36.415",4624,"CP-AKT-002912",Negotiate,1212,"2025-03-26T03:59:14.1660860Z",5,Advapi,SYSTEM
"Mar 26, 2025 @ 11:10:36.350",4624,"CP-AKT-002912",Negotiate,1212,"2025-03-26T03:58:38.0702126Z",5,Advapi,SYSTEM
"Mar 26, 2025 @ 11:10:36.350",4624,"CP-AKT-002912",Negotiate,1212,"2025-03-26T03:58:38.0702126Z",5,Advapi,SYSTEM
"Mar 26, 2025 @ 11:10:36.284",4624,"CP-AKT-002912",Negotiate,1212,"2025-03-26T03:58:37.9016354Z",5,Advapi,SYSTEM
"Mar 26, 2025 @ 11:10:36.284",4624,"CP-AKT-002912",Negotiate,1212,"2025-03-26T03:58:37.9016354Z",5,Advapi,SYSTEM
"Mar 26, 2025 @ 11:10:36.219",4624,"CP-AKT-002912",Negotiate,1212,"2025-03-26T03:58:37.8481709Z",5,Advapi,SYSTEM
"Mar 26, 2025 @ 11:10:36.219",4624,"CP-AKT-002912",Negotiate,1212,"2025-03-26T03:58:37.8481709Z",5,Advapi,SYSTEM
"Mar 26, 2025 @ 11:10:36.137",4624,"CP-AKT-002912",Negotiate,1212,"2025-03-26T03:58:26.9100125Z",5,Advapi,SYSTEM
"Mar 26, 2025 @ 11:10:36.137",4624,"CP-AKT-002912",Negotiate,1212,"2025-03-26T03:58:26.9100125Z",5,Advapi,SYSTEM
"Mar 26, 2025 @ 11:10:36.089",4624,"CP-AKT-002912",Negotiate,1212,"2025-03-26T03:58:26.2905538Z",5,Advapi,SYSTEM
"Mar 26, 2025 @ 11:10:36.089",4624,"CP-AKT-002912",Negotiate,1212,"2025-03-26T03:58:26.2905538Z",5,Advapi,SYSTEM
"Mar 26, 2025 @ 11:10:36.042",4624,"CP-AKT-002931",Negotiate,1040,"2025-03-26T01:58:40.8720591Z",5,Advapi,SYSTEM
"Mar 26, 2025 @ 11:10:36.042",4624,"CP-AKT-002931",Negotiate,1040,"2025-03-26T01:58:40.8720591Z",5,Advapi,SYSTEM
"Mar 26, 2025 @ 11:10:36.040",4624,"CP-AKT-002912",Negotiate,1212,"2025-03-26T03:58:26.2855578Z",5,Advapi,SYSTEM
"Mar 26, 2025 @ 11:10:36.040",4624,"CP-AKT-002912",Negotiate,1212,"2025-03-26T03:58:26.2855578Z",5,Advapi,SYSTEM
"Mar 26, 2025 @ 11:10:36.001",4624,"CP-AKT-002912",Negotiate,1212,"2025-03-26T03:58:26.2848279Z",5,Advapi,SYSTEM
"Mar 26, 2025 @ 11:10:36.001",4624,"CP-AKT-002912",Negotiate,1212,"2025-03-26T03:58:26.2848279Z",5,Advapi,SYSTEM
"Mar 26, 2025 @ 11:10:35.969",4624,"CP-AKT-002912",Negotiate,1212,"2025-03-26T03:58:26.2807626Z",5,Advapi,SYSTEM
"Mar 26, 2025 @ 11:10:35.969",4624,"CP-AKT-002912",Negotiate,1212,"2025-03-26T03:58:26.2807626Z",5,Advapi,SYSTEM
"Mar 26, 2025 @ 11:10:35.865",4624,"CP-AKT-002912",Negotiate,1212,"2025-03-26T03:58:21.9054196Z",5,Advapi,SYSTEM
"Mar 26, 2025 @ 11:10:35.865",4624,"CP-AKT-002912",Negotiate,1212,"2025-03-26T03:58:21.9054196Z",5,Advapi,SYSTEM
"Mar 26, 2025 @ 11:10:35.747",4624,"CP-AKT-002912",Negotiate,1212,"2025-03-26T03:57:19.8874504Z",5,Advapi,SYSTEM
"Mar 26, 2025 @ 11:10:35.747",4624,"CP-AKT-002912",Negotiate,1212,"2025-03-26T03:57:19.8874504Z",5,Advapi,SYSTEM
"Mar 26, 2025 @ 11:10:35.699",4624,"CP-AKT-002912",Negotiate,1212,"2025-03-26T03:57:19.7169781Z",5,Advapi,SYSTEM
"Mar 26, 2025 @ 11:10:35.699",4624,"CP-AKT-002912",Negotiate,1212,"2025-03-26T03:57:19.7169781Z",5,Advapi,SYSTEM
"Mar 26, 2025 @ 11:10:35.634",4624,"CP-AKT-002912",Negotiate,1212,"2025-03-26T03:57:19.4284195Z",5,Advapi,SYSTEM
"Mar 26, 2025 @ 11:10:35.634",4624,"CP-AKT-002912",Negotiate,1212,"2025-03-26T03:57:19.4284195Z",5,Advapi,SYSTEM
"Mar 26, 2025 @ 11:10:35.569",4624,"CP-AKT-002912",Negotiate,1212,"2025-03-26T03:57:19.2808107Z",5,Advapi,SYSTEM
"Mar 26, 2025 @ 11:10:35.569",4624,"CP-AKT-002912",Negotiate,1212,"2025-03-26T03:57:19.2808107Z",5,Advapi,SYSTEM
"Mar 26, 2025 @ 11:10:35.464",4624,"CP-AKT-002931",Negotiate,1040,"2025-03-26T01:58:08.9266008Z",5,Advapi,SYSTEM
"Mar 26, 2025 @ 11:10:35.464",4624,"CP-AKT-002931",Negotiate,1040,"2025-03-26T01:58:08.9266008Z",5,Advapi,SYSTEM
"Mar 26, 2025 @ 11:10:35.456",4624,"CP-AKT-002912",Negotiate,1212,"2025-03-26T03:57:19.1050682Z",5,Advapi,"SQLTELEMETRY$SQLEXPRESS"
"Mar 26, 2025 @ 11:10:35.456",4624,"CP-AKT-002912",Negotiate,1212,"2025-03-26T03:57:19.1050682Z",5,Advapi,"SQLTELEMETRY$SQLEXPRESS"
"Mar 26, 2025 @ 11:10:35.342",4624,"CP-AKT-002912",Negotiate,1212,"2025-03-26T03:57:18.9015016Z",5,Advapi,SQLTELEMETRY
"Mar 26, 2025 @ 11:10:35.342",4624,"CP-AKT-002912",Negotiate,1212,"2025-03-26T03:57:18.9015016Z",5,Advapi,SQLTELEMETRY
"Mar 26, 2025 @ 11:10:35.253",4624,"CP-AKT-002912",Negotiate,1212,"2025-03-26T03:57:17.4044236Z",5,Advapi,SYSTEM
"Mar 26, 2025 @ 11:10:35.253",4624,"CP-AKT-002912",Negotiate,1212,"2025-03-26T03:57:17.4044236Z",5,Advapi,SYSTEM
"Mar 26, 2025 @ 11:10:35.020",4624,"CP-AKT-002912",Negotiate,1212,"2025-03-26T03:57:15.9170121Z",5,Advapi,MSSQLSERVER
"Mar 26, 2025 @ 11:10:35.020",4624,"CP-AKT-002912",Negotiate,1212,"2025-03-26T03:57:15.9170121Z",5,Advapi,MSSQLSERVER
"Mar 26, 2025 @ 11:10:34.811",4624,"CP-AKT-002912",Negotiate,1212,"2025-03-26T03:57:14.5396577Z",5,Advapi,"MSSQL$SQLEXPRESS"
"Mar 26, 2025 @ 11:10:34.811",4624,"CP-AKT-002912",Negotiate,1212,"2025-03-26T03:57:14.5396577Z",5,Advapi,"MSSQL$SQLEXPRESS"
"Mar 26, 2025 @ 11:10:34.781",4624,"CP-AKT-002931",Negotiate,1040,"2025-03-26T01:58:06.3697769Z",5,Advapi,SYSTEM
"Mar 26, 2025 @ 11:10:34.781",4624,"CP-AKT-002931",Negotiate,1040,"2025-03-26T01:58:06.3697769Z",5,Advapi,SYSTEM
"Mar 26, 2025 @ 11:10:34.671",4624,"CP-AKT-002912",Negotiate,1212,"2025-03-26T03:57:13.2662083Z",5,Advapi,SYSTEM
"Mar 26, 2025 @ 11:10:34.671",4624,"CP-AKT-002912",Negotiate,1212,"2025-03-26T03:57:13.2662083Z",5,Advapi,SYSTEM
"Mar 26, 2025 @ 11:10:34.647",4624,"CP-AKT-002912",Negotiate,1212,"2025-03-26T03:57:00.7498038Z",5,Advapi,SYSTEM
"Mar 26, 2025 @ 11:10:34.647",4624,"CP-AKT-002912",Negotiate,1212,"2025-03-26T03:57:00.7498038Z",5,Advapi,SYSTEM
"Mar 26, 2025 @ 11:10:34.617",4624,"CP-AKT-002912",Negotiate,1212,"2025-03-26T03:56:02.1130712Z",5,Advapi,SYSTEM
"Mar 26, 2025 @ 11:10:34.617",4624,"CP-AKT-002912",Negotiate,1212,"2025-03-26T03:56:02.1130712Z",5,Advapi,SYSTEM
"Mar 26, 2025 @ 11:10:34.598",4624,"CP-AKT-002912",Negotiate,1212,"2025-03-26T03:55:43.4956845Z",5,Advapi,SYSTEM
"Mar 26, 2025 @ 11:10:34.598",4624,"CP-AKT-002912",Negotiate,1212,"2025-03-26T03:55:43.4956845Z",5,Advapi,SYSTEM
"Mar 26, 2025 @ 11:10:34.578",4624,"CP-AKT-002912",Negotiate,1212,"2025-03-26T03:55:43.4644372Z",5,Advapi,SYSTEM
"Mar 26, 2025 @ 11:10:34.578",4624,"CP-AKT-002912",Negotiate,1212,"2025-03-26T03:55:43.4644372Z",5,Advapi,SYSTEM
"Mar 26, 2025 @ 11:10:34.554",4624,"CP-AKT-002931",Negotiate,1040,"2025-03-26T01:58:06.2422514Z",5,Advapi,SYSTEM
"Mar 26, 2025 @ 11:10:34.554",4624,"CP-AKT-002912",Negotiate,1212,"2025-03-26T03:55:43.3862500Z",5,Advapi,SYSTEM
"Mar 26, 2025 @ 11:10:34.554",4624,"CP-AKT-002912",Negotiate,1212,"2025-03-26T03:55:43.3862500Z",5,Advapi,SYSTEM
"Mar 26, 2025 @ 11:10:34.554",4624,"CP-AKT-002931",Negotiate,1040,"2025-03-26T01:58:06.2422514Z",5,Advapi,SYSTEM
"Mar 26, 2025 @ 11:10:34.531",4624,"CP-AKT-002912",Negotiate,1212,"2025-03-26T03:55:43.2860676Z",5,Advapi,SYSTEM
"Mar 26, 2025 @ 11:10:34.531",4624,"CP-AKT-002912",Negotiate,1212,"2025-03-26T03:55:43.2860676Z",5,Advapi,SYSTEM
"Mar 26, 2025 @ 11:10:34.508",4624,"CP-AKT-002912",Negotiate,1212,"2025-03-26T03:55:43.2149506Z",5,Advapi,SYSTEM
"Mar 26, 2025 @ 11:10:34.508",4624,"CP-AKT-002912",Negotiate,1212,"2025-03-26T03:55:43.2149506Z",5,Advapi,SYSTEM
"Mar 26, 2025 @ 11:10:34.477",4624,"CP-AKT-002912",Negotiate,1212,"2025-03-26T03:55:43.2147866Z",5,Advapi,SYSTEM
"Mar 26, 2025 @ 11:10:34.477",4624,"CP-AKT-002912",Negotiate,1212,"2025-03-26T03:55:43.2147866Z",5,Advapi,SYSTEM
"Mar 26, 2025 @ 11:10:34.453",4624,"CP-AKT-002912",Negotiate,1212,"2025-03-26T03:55:43.2146053Z",5,Advapi,SYSTEM
"Mar 26, 2025 @ 11:10:34.453",4624,"CP-AKT-002912",Negotiate,1212,"2025-03-26T03:55:43.2146053Z",5,Advapi,SYSTEM
"Mar 26, 2025 @ 11:10:34.403",4624,"CP-AKT-002931",Negotiate,1040,"2025-03-26T01:58:06.1773019Z",5,Advapi,SYSTEM
"Mar 26, 2025 @ 11:10:34.403",4624,"CP-AKT-002931",Negotiate,1040,"2025-03-26T01:58:06.1773019Z",5,Advapi,SYSTEM
"Mar 26, 2025 @ 11:10:34.315",4624,"CP-AKT-002912",Negotiate,1212,"2025-03-26T03:55:14.6282552Z",5,Advapi,SYSTEM
"Mar 26, 2025 @ 11:10:34.315",4624,"CP-AKT-002912",Negotiate,1212,"2025-03-26T03:55:14.6282552Z",5,Advapi,SYSTEM
"Mar 26, 2025 @ 11:10:34.251",4624,"CP-AKT-002931",Negotiate,1040,"2025-03-26T01:58:06.0705787Z",5,Advapi,SYSTEM
"Mar 26, 2025 @ 11:10:34.251",4624,"CP-AKT-002931",Negotiate,1040,"2025-03-26T01:58:06.0705787Z",5,Advapi,SYSTEM
"Mar 26, 2025 @ 11:10:34.221",4624,"CP-AKT-002931",Negotiate,1040,"2025-03-26T01:58:05.9862810Z",5,Advapi,SYSTEM
"Mar 26, 2025 @ 11:10:34.221",4624,"CP-AKT-002931",Negotiate,1040,"2025-03-26T01:58:05.9862810Z",5,Advapi,SYSTEM
"Mar 26, 2025 @ 11:10:34.161",4624,"CP-AKT-002931",Negotiate,1040,"2025-03-22T17:32:50.2754006Z",5,Advapi,SYSTEM
"Mar 26, 2025 @ 11:10:34.161",4624,"CP-AKT-002931",Negotiate,1040,"2025-03-22T17:32:50.2754006Z",5,Advapi,SYSTEM
"Mar 26, 2025 @ 11:10:34.130",4624,"CP-AKT-002931",Negotiate,1040,"2025-03-22T17:32:50.1950985Z",5,Advapi,SYSTEM
"Mar 26, 2025 @ 11:10:34.130",4624,"CP-AKT-002931",Negotiate,1040,"2025-03-22T17:32:50.1950985Z",5,Advapi,SYSTEM
"Mar 26, 2025 @ 11:10:34.100",4624,"CP-AKT-002931",Negotiate,1040,"2025-03-22T17:32:39.9597701Z",5,Advapi,SYSTEM
"Mar 26, 2025 @ 11:10:34.100",4624,"CP-AKT-002931",Negotiate,1040,"2025-03-22T17:32:39.9597701Z",5,Advapi,SYSTEM
"Mar 26, 2025 @ 11:10:33.738",4624,"CP-AKT-002931",Negotiate,1040,"2025-03-22T17:32:32.9734823Z",5,Advapi,SYSTEM
"Mar 26, 2025 @ 11:10:33.738",4624,"CP-AKT-002931",Negotiate,1040,"2025-03-22T17:32:32.9734823Z",5,Advapi,SYSTEM
"Mar 26, 2025 @ 11:10:33.587",4624,"CP-AKT-002931",Negotiate,1040,"2025-03-22T17:32:12.1268555Z",5,Advapi,SYSTEM
"Mar 26, 2025 @ 11:10:33.587",4624,"CP-AKT-002931",Negotiate,1040,"2025-03-22T17:32:12.1268555Z",5,Advapi,SYSTEM
"Mar 26, 2025 @ 11:10:33.331",4624,"CP-AKT-002931",Negotiate,1040,"2025-03-22T17:31:43.6572420Z",5,Advapi,SYSTEM
"Mar 26, 2025 @ 11:10:33.331",4624,"CP-AKT-002931",Negotiate,1040,"2025-03-22T17:31:43.6572420Z",5,Advapi,SYSTEM
"Mar 26, 2025 @ 11:10:33.195",4624,"CP-AKT-002931",Negotiate,1040,"2025-03-22T17:31:38.3751122Z",5,Advapi,SYSTEM
"Mar 26, 2025 @ 11:10:33.195",4624,"CP-AKT-002931",Negotiate,1040,"2025-03-22T17:31:38.3751122Z",5,Advapi,SYSTEM
"Mar 26, 2025 @ 11:10:32.939",4624,"CP-AKT-002931",Negotiate,1040,"2025-03-22T17:31:36.3420303Z",5,Advapi,SYSTEM
"Mar 26, 2025 @ 11:10:32.939",4624,"CP-AKT-002931",Negotiate,1040,"2025-03-22T17:31:36.3420303Z",5,Advapi,SYSTEM
"Mar 26, 2025 @ 11:10:31.339",4624,"CP-AKT-002931",Negotiate,1040,"2025-03-22T17:31:30.9118453Z",5,Advapi,SYSTEM
"Mar 26, 2025 @ 11:10:31.339",4624,"CP-AKT-002931",Negotiate,1040,"2025-03-22T17:31:30.9118453Z",5,Advapi,SYSTEM
"Mar 26, 2025 @ 11:10:31.292",4624,"CP-AKT-002931",Negotiate,1040,"2025-03-22T17:31:30.7427959Z",5,Advapi,SYSTEM
"Mar 26, 2025 @ 11:10:31.292",4624,"CP-AKT-002931",Negotiate,1040,"2025-03-22T17:31:30.7427959Z",5,Advapi,SYSTEM
"Mar 26, 2025 @ 11:10:31.074",4624,"CP-AKT-002931",Negotiate,1040,"2025-03-22T17:31:29.1985408Z",5,Advapi,SYSTEM
"Mar 26, 2025 @ 11:10:31.074",4624,"CP-AKT-002931",Negotiate,1040,"2025-03-22T17:31:29.1985408Z",5,Advapi,SYSTEM
"Mar 26, 2025 @ 11:10:30.763",4625,"CP-AKT-002907",NTLM,1156,"2025-03-26T06:09:43.2097069Z",3,NtLmSsp,Administrator
"Mar 26, 2025 @ 11:10:30.763",4625,"CP-AKT-002907",NTLM,1156,"2025-03-26T06:09:43.2097069Z",3,NtLmSsp,Administrator
"Mar 26, 2025 @ 11:10:30.747",4625,"CP-AKT-002907",NTLM,1156,"2025-03-26T06:09:42.1851995Z",3,NtLmSsp,Administrator
"Mar 26, 2025 @ 11:10:30.747",4625,"CP-AKT-002907",NTLM,1156,"2025-03-26T06:09:42.1851995Z",3,NtLmSsp,Administrator
"Mar 26, 2025 @ 11:10:30.731",4625,"CP-AKT-002907",NTLM,1156,"2025-03-26T06:09:41.1620573Z",3,NtLmSsp,Administrator
"Mar 26, 2025 @ 11:10:30.731",4625,"CP-AKT-002907",NTLM,1156,"2025-03-26T06:09:41.1620573Z",3,NtLmSsp,Administrator
"Mar 26, 2025 @ 11:10:30.700",4624,"CP-AKT-002907",Negotiate,1156,"2025-03-26T05:40:38.3015918Z",5,Advapi,SYSTEM
"Mar 26, 2025 @ 11:10:30.700",4624,"CP-AKT-002907",Negotiate,1156,"2025-03-26T05:40:38.3015918Z",5,Advapi,SYSTEM
"Mar 26, 2025 @ 11:10:30.669",4624,"CP-AKT-002907",Negotiate,1156,"2025-03-26T05:38:34.3260255Z",5,Advapi,SYSTEM
"Mar 26, 2025 @ 11:10:30.669",4624,"CP-AKT-002907",Negotiate,1156,"2025-03-26T05:38:34.3260255Z",5,Advapi,SYSTEM
"Mar 26, 2025 @ 11:10:30.434",4624,"CP-AKT-002907",Negotiate,1156,"2025-03-26T05:38:27.4540655Z",5,Advapi,SYSTEM
"Mar 26, 2025 @ 11:10:30.434",4624,"CP-AKT-002907",Negotiate,1156,"2025-03-26T05:38:27.4540655Z",5,Advapi,SYSTEM
"Mar 26, 2025 @ 11:10:30.403",4624,"CP-AKT-002907",Negotiate,1156,"2025-03-26T05:38:27.2077552Z",5,Advapi,SYSTEM
"Mar 26, 2025 @ 11:10:30.403",4624,"CP-AKT-002907",Negotiate,1156,"2025-03-26T05:38:27.2077552Z",5,Advapi,SYSTEM
"Mar 26, 2025 @ 11:10:30.372",4624,"CP-AKT-002907",Negotiate,1156,"2025-03-26T05:38:27.0071969Z",5,Advapi,SYSTEM
"Mar 26, 2025 @ 11:10:30.372",4624,"CP-AKT-002907",Negotiate,1156,"2025-03-26T05:38:27.0071969Z",5,Advapi,SYSTEM
"Mar 26, 2025 @ 11:10:30.341",4624,"CP-AKT-002907",Negotiate,1156,"2025-03-26T05:38:26.9098648Z",5,Advapi,SYSTEM
"Mar 26, 2025 @ 11:10:30.341",4624,"CP-AKT-002907",Negotiate,1156,"2025-03-26T05:38:26.9098648Z",5,Advapi,SYSTEM
"Mar 26, 2025 @ 11:10:30.309",4624,"CP-AKT-002907",Negotiate,1156,"2025-03-26T05:33:40.2327472Z",5,Advapi,SYSTEM
"Mar 26, 2025 @ 11:10:30.309",4624,"CP-AKT-002907",Negotiate,1156,"2025-03-26T05:33:40.2327472Z",5,Advapi,SYSTEM
"Mar 26, 2025 @ 11:10:30.278",4624,"CP-AKT-002907",Negotiate,1156,"2025-03-26T05:33:38.5570210Z",5,Advapi,SYSTEM
"Mar 26, 2025 @ 11:10:30.278",4624,"CP-AKT-002907",Negotiate,1156,"2025-03-26T05:33:38.5570210Z",5,Advapi,SYSTEM
"Mar 26, 2025 @ 11:10:30.247",4624,"CP-AKT-002907",Negotiate,1156,"2025-03-26T05:28:33.9003150Z",5,Advapi,SYSTEM
"Mar 26, 2025 @ 11:10:30.247",4624,"CP-AKT-002907",Negotiate,1156,"2025-03-26T05:28:33.9003150Z",5,Advapi,SYSTEM
"Mar 26, 2025 @ 11:10:30.216",4624,"CP-AKT-002907",Negotiate,1156,"2025-03-26T05:28:08.4821748Z",5,Advapi,SYSTEM
"Mar 26, 2025 @ 11:10:30.216",4624,"CP-AKT-002907",Negotiate,1156,"2025-03-26T05:28:08.4821748Z",5,Advapi,SYSTEM
"Mar 26, 2025 @ 11:10:30.185",4624,"CP-AKT-002907",Negotiate,1156,"2025-03-26T05:26:57.5415963Z",5,Advapi,SYSTEM
"Mar 26, 2025 @ 11:10:30.185",4624,"CP-AKT-002907",Negotiate,1156,"2025-03-26T05:26:57.5415963Z",5,Advapi,SYSTEM
"Mar 26, 2025 @ 11:10:30.044",4624,"CP-AKT-002907",Negotiate,1156,"2025-03-26T05:25:31.8342488Z",5,Advapi,SYSTEM
"Mar 26, 2025 @ 11:10:30.044",4624,"CP-AKT-002907",Negotiate,1156,"2025-03-26T05:25:31.8342488Z",5,Advapi,SYSTEM
"Mar 26, 2025 @ 11:10:30.012",4624,"CP-AKT-002907",Negotiate,1156,"2025-03-26T05:25:31.6928606Z",5,Advapi,SYSTEM
"Mar 26, 2025 @ 11:10:30.012",4624,"CP-AKT-002907",Negotiate,1156,"2025-03-26T05:25:31.6928606Z",5,Advapi,SYSTEM
"Mar 26, 2025 @ 11:10:29.981",4624,"CP-AKT-002907",Negotiate,1156,"2025-03-26T05:25:31.1530313Z",5,Advapi,SYSTEM
"Mar 26, 2025 @ 11:10:29.981",4624,"CP-AKT-002907",Negotiate,1156,"2025-03-26T05:25:31.1530313Z",5,Advapi,SYSTEM
"Mar 26, 2025 @ 11:10:29.919",4624,"CP-AKT-002907",Negotiate,1156,"2025-03-26T05:25:26.7178402Z",5,Advapi,SYSTEM
"Mar 26, 2025 @ 11:10:29.919",4624,"CP-AKT-002907",Negotiate,1156,"2025-03-26T05:25:26.7178402Z",5,Advapi,SYSTEM
"Mar 26, 2025 @ 11:10:29.888",4624,"CP-AKT-002907",Negotiate,1156,"2025-03-26T05:25:17.5608577Z",5,Advapi,SYSTEM
"Mar 26, 2025 @ 11:10:29.888",4624,"CP-AKT-002907",Negotiate,1156,"2025-03-26T05:25:17.5608577Z",5,Advapi,SYSTEM
"Mar 26, 2025 @ 11:10:29.856",4624,"CP-AKT-002907",Negotiate,1156,"2025-03-26T05:24:20.2537333Z",5,Advapi,SYSTEM
"Mar 26, 2025 @ 11:10:29.856",4624,"CP-AKT-002907",Negotiate,1156,"2025-03-26T05:24:20.2537333Z",5,Advapi,SYSTEM
"Mar 26, 2025 @ 11:10:29.575",4624,"CP-AKT-002907",Negotiate,1156,"2025-03-26T05:23:53.3272438Z",5,Advapi,SYSTEM
"Mar 26, 2025 @ 11:10:29.575",4624,"CP-AKT-002907",Negotiate,1156,"2025-03-26T05:23:53.3272438Z",5,Advapi,SYSTEM
"Mar 26, 2025 @ 11:10:29.403",4624,"CP-AKT-002907",Negotiate,1156,"2025-03-26T05:23:48.3827568Z",5,Advapi,SYSTEM
"Mar 26, 2025 @ 11:10:29.403",4624,"CP-AKT-002907",Negotiate,1156,"2025-03-26T05:23:48.3827568Z",5,Advapi,SYSTEM
"Mar 26, 2025 @ 11:10:29.324",4624,"CP-AKT-002931",Negotiate,1040,"2025-03-22T17:31:27.9912483Z",5,Advapi,SYSTEM
"Mar 26, 2025 @ 11:10:29.324",4624,"CP-AKT-002931",Negotiate,1040,"2025-03-22T17:31:27.9912483Z",5,Advapi,SYSTEM
"Mar 26, 2025 @ 11:10:29.091",4624,"CP-AKT-002907",Negotiate,1156,"2025-03-26T05:23:44.3132723Z",5,Advapi,SYSTEM
"Mar 26, 2025 @ 11:10:29.091",4624,"CP-AKT-002907",Negotiate,1156,"2025-03-26T05:23:44.3132723Z",5,Advapi,SYSTEM
"Mar 26, 2025 @ 11:10:29.059",4624,"CP-AKT-002907",Negotiate,1156,"2025-03-26T05:23:42.1820996Z",5,Advapi,SYSTEM
"Mar 26, 2025 @ 11:10:29.059",4624,"CP-AKT-002907",Negotiate,1156,"2025-03-26T05:23:42.1820996Z",5,Advapi,SYSTEM
"Mar 26, 2025 @ 11:10:29.042",4624,"CP-AKT-002931",Negotiate,1040,"2025-03-22T17:31:27.1832703Z",5,Advapi,SYSTEM
"Mar 26, 2025 @ 11:10:29.042",4624,"CP-AKT-002931",Negotiate,1040,"2025-03-22T17:31:27.1832703Z",5,Advapi,SYSTEM
"Mar 26, 2025 @ 11:10:28.887",4624,"CP-AKT-002907",Negotiate,1156,"2025-03-26T05:23:36.7147636Z",5,Advapi,SYSTEM
"Mar 26, 2025 @ 11:10:28.887",4624,"CP-AKT-002907",Negotiate,1156,"2025-03-26T05:23:36.7147636Z",5,Advapi,SYSTEM
"Mar 26, 2025 @ 11:10:28.605",4624,"CP-AKT-002931",Negotiate,1040,"2025-03-22T17:31:25.8828637Z",11,User32,"acuk.student"
"Mar 26, 2025 @ 11:10:28.605",4624,"CP-AKT-002931",Negotiate,1040,"2025-03-22T17:31:25.8828637Z",11,User32,"acuk.student"
"Mar 26, 2025 @ 11:10:28.434",4624,"CP-AKT-002931",Negotiate,1040,"2025-03-22T17:31:19.6188295Z",5,Advapi,SYSTEM
"Mar 26, 2025 @ 11:10:28.434",4624,"CP-AKT-002931",Negotiate,1040,"2025-03-22T17:31:19.6188295Z",5,Advapi,SYSTEM
"Mar 26, 2025 @ 11:10:28.340",4624,"CP-AKT-002931",Negotiate,1040,"2025-03-22T17:31:19.5901353Z",5,Advapi,SYSTEM
"Mar 26, 2025 @ 11:10:28.340",4624,"CP-AKT-002931",Negotiate,1040,"2025-03-22T17:31:19.5901353Z",5,Advapi,SYSTEM
"Mar 26, 2025 @ 11:10:28.230",4624,"CP-AKT-002931",Negotiate,1040,"2025-03-22T17:31:19.5275040Z",5,Advapi,SYSTEM
"Mar 26, 2025 @ 11:10:28.230",4624,"CP-AKT-002931",Negotiate,1040,"2025-03-22T17:31:19.5275040Z",5,Advapi,SYSTEM
"Mar 26, 2025 @ 11:10:28.121",4624,"CP-AKT-002931",Negotiate,1040,"2025-03-22T17:31:19.4340341Z",5,Advapi,SYSTEM
"Mar 26, 2025 @ 11:10:28.121",4624,"CP-AKT-002931",Negotiate,1040,"2025-03-22T17:31:19.4340341Z",5,Advapi,SYSTEM
"Mar 26, 2025 @ 11:10:28.012",4624,"CP-AKT-002931",Negotiate,1040,"2025-03-22T17:31:19.3716790Z",5,Advapi,SYSTEM
"Mar 26, 2025 @ 11:10:28.012",4624,"CP-AKT-002931",Negotiate,1040,"2025-03-22T17:31:19.3716790Z",5,Advapi,SYSTEM
"Mar 26, 2025 @ 11:10:27.918",4624,"CP-AKT-002931",Negotiate,1040,"2025-03-22T17:31:19.3715979Z",5,Advapi,SYSTEM
"Mar 26, 2025 @ 11:10:27.918",4624,"CP-AKT-002931",Negotiate,1040,"2025-03-22T17:31:19.3715979Z",5,Advapi,SYSTEM
"Mar 26, 2025 @ 11:10:27.856",4624,"CP-AKT-002907",Negotiate,1156,"2025-03-26T05:23:34.7372916Z",5,Advapi,SYSTEM
"Mar 26, 2025 @ 11:10:27.856",4624,"CP-AKT-002907",Negotiate,1156,"2025-03-26T05:23:34.7372916Z",5,Advapi,SYSTEM
"Mar 26, 2025 @ 11:10:27.809",4624,"CP-AKT-002931",Negotiate,1040,"2025-03-22T17:31:19.3712668Z",5,Advapi,SYSTEM
"Mar 26, 2025 @ 11:10:27.809",4624,"CP-AKT-002931",Negotiate,1040,"2025-03-22T17:31:19.3712668Z",5,Advapi,SYSTEM
"Mar 26, 2025 @ 11:10:27.512",4624,"CP-AKT-002907",Negotiate,1156,"2025-03-26T05:23:34.2832716Z",5,Advapi,SYSTEM
"Mar 26, 2025 @ 11:10:27.512",4624,"CP-AKT-002907",Negotiate,1156,"2025-03-26T05:23:34.2832716Z",5,Advapi,SYSTEM
"Mar 26, 2025 @ 11:10:27.481",4624,"CP-AKT-002907",Negotiate,1156,"2025-03-26T05:23:34.1736795Z",5,Advapi,SYSTEM
"Mar 26, 2025 @ 11:10:27.481",4624,"CP-AKT-002907",Negotiate,1156,"2025-03-26T05:23:34.1736795Z",5,Advapi,SYSTEM
"Mar 26, 2025 @ 11:10:27.450",4624,"CP-AKT-002907",Negotiate,1156,"2025-03-26T05:23:34.0005839Z",5,Advapi,SYSTEM
"Mar 26, 2025 @ 11:10:27.450",4624,"CP-AKT-002907",Negotiate,1156,"2025-03-26T05:23:34.0005839Z",5,Advapi,SYSTEM
"Mar 26, 2025 @ 11:10:27.419",4624,"CP-AKT-002907",Negotiate,1156,"2025-03-26T05:23:33.9695470Z",5,Advapi,SYSTEM
"Mar 26, 2025 @ 11:10:27.419",4624,"CP-AKT-002907",Negotiate,1156,"2025-03-26T05:23:33.9695470Z",5,Advapi,SYSTEM
"Mar 26, 2025 @ 11:10:27.388",4624,"CP-AKT-002907",Negotiate,1156,"2025-03-26T05:23:33.8116630Z",5,Advapi,SYSTEM
"Mar 26, 2025 @ 11:10:27.388",4624,"CP-AKT-002907",Negotiate,1156,"2025-03-26T05:23:33.8116630Z",5,Advapi,SYSTEM
"Mar 26, 2025 @ 11:10:27.277",4624,"CP-AKT-002931",Negotiate,1040,"2025-03-22T17:30:49.4559942Z",5,Advapi,SYSTEM
"Mar 26, 2025 @ 11:10:27.277",4624,"CP-AKT-002931",Negotiate,1040,"2025-03-22T17:30:49.4559942Z",5,Advapi,SYSTEM
"Mar 26, 2025 @ 11:10:27.262",4624,"CP-AKT-002907",Negotiate,1156,"2025-03-26T05:23:33.4394347Z",5,Advapi,SYSTEM
"Mar 26, 2025 @ 11:10:27.262",4624,"CP-AKT-002907",Negotiate,1156,"2025-03-26T05:23:33.4394347Z",5,Advapi,SYSTEM
"Mar 26, 2025 @ 11:10:27.231",4624,"CP-AKT-002907",Negotiate,1156,"2025-03-26T05:23:33.0731389Z",11,User32,"acuk.student"
"Mar 26, 2025 @ 11:10:27.231",4624,"CP-AKT-002907",Negotiate,1156,"2025-03-26T05:23:33.0731389Z",11,User32,"acuk.student"
"Mar 26, 2025 @ 11:10:27.169",4624,"CP-AKT-002907",Negotiate,1156,"2025-03-26T05:23:27.6624175Z",5,Advapi,SYSTEM
"Mar 26, 2025 @ 11:10:27.169",4624,"CP-AKT-002907",Negotiate,1156,"2025-03-26T05:23:27.6624175Z",5,Advapi,SYSTEM
"Mar 26, 2025 @ 11:10:27.091",4624,"CP-AKT-002931",Negotiate,1040,"2025-03-22T17:30:49.3308293Z",5,Advapi,SYSTEM
"Mar 26, 2025 @ 11:10:27.091",4624,"CP-AKT-002931",Negotiate,1040,"2025-03-22T17:30:49.3308293Z",5,Advapi,SYSTEM
"Mar 26, 2025 @ 11:10:27.012",4624,"CP-AKT-002907",Negotiate,1156,"2025-03-26T05:23:27.0915266Z",5,Advapi,SYSTEM
"Mar 26, 2025 @ 11:10:27.012",4624,"CP-AKT-002907",Negotiate,1156,"2025-03-26T05:23:27.0915266Z",5,Advapi,SYSTEM
"Mar 26, 2025 @ 11:10:26.762",4624,"CP-AKT-002931",Negotiate,1040,"2025-03-22T17:30:49.3052922Z",5,Advapi,SYSTEM
"Mar 26, 2025 @ 11:10:26.762",4624,"CP-AKT-002931",Negotiate,1040,"2025-03-22T17:30:49.3052922Z",5,Advapi,SYSTEM
"Mar 26, 2025 @ 11:10:26.653",4624,"CP-AKT-002931",Negotiate,1040,"2025-03-22T17:30:49.2704304Z",5,Advapi,SYSTEM
"Mar 26, 2025 @ 11:10:26.653",4624,"CP-AKT-002931",Negotiate,1040,"2025-03-22T17:30:49.2704304Z",5,Advapi,SYSTEM
"Mar 26, 2025 @ 11:10:26.528",4624,"CP-AKT-002931",Negotiate,1040,"2025-03-22T17:30:49.2682777Z",5,Advapi,SYSTEM
"Mar 26, 2025 @ 11:10:26.528",4624,"CP-AKT-002931",Negotiate,1040,"2025-03-22T17:30:49.2682777Z",5,Advapi,SYSTEM
"Mar 26, 2025 @ 11:10:26.434",4624,"CP-AKT-002931",Negotiate,1040,"2025-03-22T17:30:49.2677728Z",5,Advapi,SYSTEM
"Mar 26, 2025 @ 11:10:26.434",4624,"CP-AKT-002931",Negotiate,1040,"2025-03-22T17:30:49.2677728Z",5,Advapi,SYSTEM
"Mar 26, 2025 @ 11:10:26.325",4624,"CP-AKT-002931",Negotiate,1040,"2025-03-22T17:30:49.2674659Z",5,Advapi,SYSTEM
"Mar 26, 2025 @ 11:10:26.325",4624,"CP-AKT-002931",Negotiate,1040,"2025-03-22T17:30:49.2674659Z",5,Advapi,SYSTEM
"Mar 26, 2025 @ 11:10:26.262",4624,"CP-AKT-002931",Negotiate,1040,"2025-03-22T17:30:49.2668792Z",5,Advapi,SYSTEM
"Mar 26, 2025 @ 11:10:26.262",4624,"CP-AKT-002931",Negotiate,1040,"2025-03-22T17:30:49.2668792Z",5,Advapi,SYSTEM
"Mar 26, 2025 @ 11:10:26.185",4624,"CP-AKT-002931",Negotiate,1040,"2025-03-22T17:30:49.2665688Z",5,Advapi,SYSTEM
"Mar 26, 2025 @ 11:10:26.185",4624,"CP-AKT-002931",Negotiate,1040,"2025-03-22T17:30:49.2665688Z",5,Advapi,SYSTEM
"Mar 26, 2025 @ 11:10:26.106",4624,"CP-AKT-002931",Negotiate,1040,"2025-03-22T17:30:49.2663588Z",5,Advapi,SYSTEM
"Mar 26, 2025 @ 11:10:26.106",4624,"CP-AKT-002931",Negotiate,1040,"2025-03-22T17:30:49.2663588Z",5,Advapi,SYSTEM
"Mar 26, 2025 @ 11:10:26.028",4624,"CP-AKT-002931",Negotiate,1040,"2025-03-22T17:30:49.2660989Z",5,Advapi,SYSTEM
"Mar 26, 2025 @ 11:10:26.028",4624,"CP-AKT-002931",Negotiate,1040,"2025-03-22T17:30:49.2660989Z",5,Advapi,SYSTEM
"Mar 26, 2025 @ 11:10:25.935",4624,"CP-AKT-002931",Negotiate,1040,"2025-03-22T17:30:49.2100122Z",5,Advapi,SYSTEM
"Mar 26, 2025 @ 11:10:25.935",4624,"CP-AKT-002931",Negotiate,1040,"2025-03-22T17:30:49.2100122Z",5,Advapi,SYSTEM
"Mar 26, 2025 @ 11:10:25.794",4624,"CP-AKT-002931",Negotiate,1040,"2025-03-22T17:30:49.1792328Z",5,Advapi,SYSTEM
"Mar 26, 2025 @ 11:10:25.794",4624,"CP-AKT-002931",Negotiate,1040,"2025-03-22T17:30:49.1792328Z",5,Advapi,SYSTEM
"Mar 26, 2025 @ 11:10:25.700",4624,"CP-AKT-002931",Negotiate,1040,"2025-03-22T17:30:49.1715174Z",5,Advapi,SYSTEM
"Mar 26, 2025 @ 11:10:25.700",4624,"CP-AKT-002931",Negotiate,1040,"2025-03-22T17:30:49.1715174Z",5,Advapi,SYSTEM
"Mar 26, 2025 @ 11:10:25.591",4624,"CP-AKT-002931",Negotiate,1040,"2025-03-22T17:30:49.0960097Z",5,Advapi,SYSTEM
"Mar 26, 2025 @ 11:10:25.591",4624,"CP-AKT-002931",Negotiate,1040,"2025-03-22T17:30:49.0960097Z",5,Advapi,SYSTEM
"Mar 26, 2025 @ 11:10:25.482",4624,"CP-AKT-002931",Negotiate,1040,"2025-03-22T17:30:49.0806763Z",5,Advapi,SYSTEM
"Mar 26, 2025 @ 11:10:25.482",4624,"CP-AKT-002931",Negotiate,1040,"2025-03-22T17:30:49.0806763Z",5,Advapi,SYSTEM
"Mar 26, 2025 @ 11:10:01.440",4624,"DESKTOP-5JEIKFF",Negotiate,1016,"2025-03-26T06:09:55.6672999Z",5,Advapi,SYSTEM
"Mar 26, 2025 @ 11:10:01.440",4624,"DESKTOP-5JEIKFF",Negotiate,1016,"2025-03-26T06:09:55.6672999Z",5,Advapi,SYSTEM
"Mar 26, 2025 @ 11:10:01.302",4624,"DESKTOP-5JEIKFF",Negotiate,1016,"2025-03-26T06:09:53.1409852Z",2,User32,Project
"Mar 26, 2025 @ 11:10:01.302",4624,"DESKTOP-5JEIKFF",Negotiate,1016,"2025-03-26T06:09:53.1409852Z",2,User32,Project
"Mar 26, 2025 @ 11:10:01.296",4624,"DESKTOP-5JEIKFF",Negotiate,1016,"2025-03-26T06:09:53.1409775Z",2,User32,Project
"Mar 26, 2025 @ 11:10:01.296",4624,"DESKTOP-5JEIKFF",Negotiate,1016,"2025-03-26T06:09:53.1409775Z",2,User32,Project
"Mar 26, 2025 @ 11:10:01.201",4624,"DESKTOP-5JEIKFF",Negotiate,1016,"2025-03-26T06:09:49.5033526Z",5,Advapi,SYSTEM
"Mar 26, 2025 @ 11:10:01.201",4624,"DESKTOP-5JEIKFF",Negotiate,1016,"2025-03-26T06:09:49.5033526Z",5,Advapi,SYSTEM
"Mar 26, 2025 @ 11:10:00.982",4624,"DESKTOP-5JEIKFF",Negotiate,1016,"2025-03-26T06:09:46.0990154Z",5,Advapi,SYSTEM
"Mar 26, 2025 @ 11:10:00.982",4624,"DESKTOP-5JEIKFF",Negotiate,1016,"2025-03-26T06:09:46.0990154Z",5,Advapi,SYSTEM
"Mar 26, 2025 @ 11:10:00.749",4624,"DESKTOP-5JEIKFF",Negotiate,1016,"2025-03-26T06:09:44.5200900Z",5,Advapi,SYSTEM
"Mar 26, 2025 @ 11:10:00.749",4624,"DESKTOP-5JEIKFF",Negotiate,1016,"2025-03-26T06:09:44.5200900Z",5,Advapi,SYSTEM
"Mar 25, 2025 @ 23:09:50.499",4624,"DESKTOP-5JEIKFF",Negotiate,1016,"2025-03-25T18:09:49.3650091Z",5,Advapi,SYSTEM
"Mar 25, 2025 @ 23:06:51.545",4624,"CP-AKT-002912",Negotiate,1140,"2025-03-25T18:06:50.7240670Z",5,Advapi,SYSTEM
"Mar 25, 2025 @ 23:06:51.528",4624,"CP-AKT-002912",Negotiate,1140,"2025-03-25T18:06:50.4911396Z",5,Advapi,SYSTEM
"Mar 25, 2025 @ 23:06:08.833",4624,"DESKTOP-5JEIKFF",Negotiate,1016,"2025-03-25T18:06:07.6977707Z",5,Advapi,SYSTEM
"Mar 25, 2025 @ 23:01:39.735",4624,"CP-AKT-002912",Negotiate,1140,"2025-03-25T18:01:38.6868797Z",5,Advapi,SYSTEM
"Mar 25, 2025 @ 23:00:30.195",4624,"DESKTOP-5JEIKFF",Negotiate,1016,"2025-03-25T18:00:29.0655246Z",5,Advapi,SYSTEM
"Mar 25, 2025 @ 22:59:58.744",4624,"CP-AKT-002912",Negotiate,1140,"2025-03-25T17:59:56.4265802Z",5,Advapi,SYSTEM
"Mar 25, 2025 @ 22:59:58.743",4624,"CP-AKT-002912",Negotiate,1140,"2025-03-25T17:59:55.6529090Z",5,Advapi,SYSTEM
"Mar 25, 2025 @ 22:59:58.740",4624,"CP-AKT-002912",Negotiate,1140,"2025-03-25T17:59:55.5444813Z",5,Advapi,SYSTEM
"Mar 25, 2025 @ 22:59:58.740",4624,"CP-AKT-002912",Negotiate,1140,"2025-03-25T17:59:55.5789147Z",5,Advapi,SYSTEM
"Mar 25, 2025 @ 22:58:57.533",4624,"CP-AKT-002912",Negotiate,1140,"2025-03-25T17:58:56.4927609Z",5,Advapi,SYSTEM
"Mar 25, 2025 @ 22:58:40.838",4624,"CP-AKT-002912",Negotiate,1140,"2025-03-25T17:58:39.8764610Z",5,Advapi,"SQLTELEMETRY$SQLEXPRESS"
"Mar 25, 2025 @ 22:58:40.775",4624,"CP-AKT-002912",Negotiate,1140,"2025-03-25T17:58:39.6257711Z",5,Advapi,SQLTELEMETRY
"Mar 25, 2025 @ 22:58:39.041",4624,"CP-AKT-002912",Negotiate,1140,"2025-03-25T17:58:38.0142341Z",5,Advapi,MSSQLSERVER
"Mar 25, 2025 @ 22:58:37.665",4624,"CP-AKT-002912",Negotiate,1140,"2025-03-25T17:58:36.6168552Z",5,Advapi,"MSSQL$SQLEXPRESS"
"Mar 25, 2025 @ 22:58:24.427",4624,"CP-AKT-002912",Negotiate,1140,"2025-03-25T17:58:23.3915975Z",5,Advapi,SYSTEM
"Mar 25, 2025 @ 22:58:08.608",4624,"CP-AKT-002912",Negotiate,1140,"2025-03-25T17:58:07.5590329Z",5,Advapi,SYSTEM
"Mar 25, 2025 @ 22:57:44.488",4624,"CP-AKT-002912",Negotiate,1140,"2025-03-25T17:57:43.5565992Z",5,Advapi,SYSTEM
"Mar 25, 2025 @ 22:57:44.474",4624,"CP-AKT-002912",Negotiate,1140,"2025-03-25T17:57:43.4408000Z",5,Advapi,SYSTEM
"Mar 25, 2025 @ 22:57:43.288",4624,"CP-AKT-002912",Negotiate,1140,"2025-03-25T17:57:42.7117961Z",5,Advapi,SYSTEM
"Mar 25, 2025 @ 22:57:43.257",4624,"CP-AKT-002912",Negotiate,1140,"2025-03-25T17:57:42.6916402Z",5,Advapi,SYSTEM
"Mar 25, 2025 @ 22:57:43.239",4624,"CP-AKT-002912",Negotiate,1140,"2025-03-25T17:57:42.6803724Z",5,Advapi,SYSTEM
"Mar 25, 2025 @ 22:57:43.189",4624,"CP-AKT-002912",Negotiate,1140,"2025-03-25T17:57:42.5654948Z",5,Advapi,SYSTEM
"Mar 25, 2025 @ 22:57:38.506",4624,"CP-AKT-002912",Negotiate,1140,"2025-03-25T17:57:38.0072582Z",5,Advapi,SYSTEM
"Mar 25, 2025 @ 22:57:38.442",4624,"CP-AKT-002912",Negotiate,1140,"2025-03-25T17:57:37.8176856Z",5,Advapi,SYSTEM
"Mar 25, 2025 @ 22:57:38.409",4624,"CP-AKT-002912",Negotiate,1140,"2025-03-25T17:57:37.7715318Z",5,Advapi,SYSTEM
"Mar 25, 2025 @ 22:57:38.333",4624,"CP-AKT-002912",Negotiate,1140,"2025-03-25T17:57:37.6937221Z",5,Advapi,SYSTEM
"Mar 25, 2025 @ 22:57:38.300",4624,"CP-AKT-002912",Negotiate,1140,"2025-03-25T17:57:37.6847280Z",5,Advapi,SYSTEM
"Mar 25, 2025 @ 22:57:32.043",4624,"CP-AKT-002912",Negotiate,1140,"2025-03-18T12:07:24.3689176Z",5,Advapi,SYSTEM
"Mar 25, 2025 @ 22:57:29.319",4624,"CP-AKT-002912",Negotiate,1140,"2025-03-18T12:07:21.6704579Z",5,Advapi,SYSTEM
"Mar 25, 2025 @ 22:57:29.116",4624,"CP-AKT-002912",Negotiate,1140,"2025-03-18T12:07:20.2824406Z",5,Advapi,SYSTEM
"Mar 25, 2025 @ 22:57:28.600",4624,"CP-AKT-002912",Negotiate,1140,"2025-03-18T12:07:19.9517063Z",5,Advapi,SYSTEM
"Mar 25, 2025 @ 22:57:28.476",4624,"CP-AKT-002912",Negotiate,1140,"2025-03-18T12:07:19.2427238Z",11,User32,"acuk.student"
"Mar 25, 2025 @ 22:57:18.976",4624,"CP-AKT-002912",Negotiate,1140,"2025-03-18T12:07:00.0118276Z",5,Advapi,SYSTEM
"Mar 25, 2025 @ 22:57:18.945",4624,"CP-AKT-002912",Negotiate,1140,"2025-03-18T12:06:59.9779208Z",5,Advapi,SYSTEM
"Mar 25, 2025 @ 22:57:18.913",4624,"CP-AKT-002912",Negotiate,1140,"2025-03-18T12:06:59.9154558Z",5,Advapi,SYSTEM
"Mar 25, 2025 @ 22:57:18.882",4624,"CP-AKT-002912",Negotiate,1140,"2025-03-18T12:06:59.7973721Z",5,Advapi,SYSTEM
"Mar 25, 2025 @ 22:57:18.851",4624,"CP-AKT-002912",Negotiate,1140,"2025-03-18T12:06:59.7130216Z",5,Advapi,SYSTEM
"Mar 25, 2025 @ 22:57:18.805",4624,"CP-AKT-002912",Negotiate,1140,"2025-03-18T12:06:59.7129723Z",5,Advapi,SYSTEM
"Mar 25, 2025 @ 22:57:18.772",4624,"CP-AKT-002912",Negotiate,1140,"2025-03-18T12:06:59.7129230Z",5,Advapi,SYSTEM
"Mar 25, 2025 @ 22:57:18.694",4624,"CP-AKT-002912",Negotiate,1140,"2025-03-18T12:06:31.7959446Z",5,Advapi,"2193E8EA-4E70-44B2-B568-3C1CA36C59F6"
"Mar 25, 2025 @ 22:57:18.647",4624,"CP-AKT-002912",Negotiate,1140,"2025-03-18T12:06:31.7180965Z",5,Advapi,SYSTEM
"Mar 25, 2025 @ 22:57:18.491",4624,"CP-AKT-002912",Negotiate,1140,"2025-03-18T12:06:30.6404328Z",5,Advapi,SYSTEM
"Mar 25, 2025 @ 22:56:01.807",4624,"DESKTOP-5JEIKFF",Negotiate,1016,"2025-03-25T17:56:00.6835977Z",5,Advapi,SYSTEM
"Mar 25, 2025 @ 22:12:59.089",4624,"CP-AKT-002911",Negotiate,1112,"2025-03-25T17:12:58.0036879Z",5,Advapi,SYSTEM
"Mar 25, 2025 @ 22:09:50.404",4624,"DESKTOP-5JEIKFF",Negotiate,1016,"2025-03-25T17:09:49.2967505Z",5,Advapi,SYSTEM
"Mar 25, 2025 @ 22:08:13.065",4624,"CP-AKT-002907",Negotiate,1192,"2025-03-25T17:08:12.0432738Z",5,Advapi,SYSTEM
"Mar 25, 2025 @ 22:06:08.814",4624,"DESKTOP-5JEIKFF",Negotiate,1016,"2025-03-25T17:06:07.6993367Z",5,Advapi,SYSTEM
"Mar 25, 2025 @ 22:01:01.444",4624,"CP-AKT-002931",Negotiate,1080,"2025-03-25T09:11:20.2337327Z",5,Advapi,SYSTEM
"Mar 25, 2025 @ 22:00:25.523",4624,"CP-AKT-002931",Negotiate,1080,"2025-03-25T09:10:44.3110458Z",5,Advapi,SYSTEM
"Mar 25, 2025 @ 21:59:48.223",4624,"CP-AKT-002931",Negotiate,1080,"2025-03-25T09:10:07.0196086Z",5,Advapi,SYSTEM
"Mar 25, 2025 @ 21:59:46.302",4624,"CP-AKT-002931",Negotiate,1080,"2025-03-25T09:10:05.0850627Z",5,Advapi,SYSTEM
"Mar 25, 2025 @ 21:56:35.265",4624,"CP-AKT-002912",Negotiate,1184,"2025-03-25T16:56:34.1663530Z",5,Advapi,SYSTEM
"Mar 25, 2025 @ 21:55:44.650",4625,"CP-AKT-002911",NTLM,1112,"2025-03-25T16:55:43.5173014Z",3,NtLmSsp,Administrator
"Mar 25, 2025 @ 21:55:43.641",4625,"CP-AKT-002911",NTLM,1112,"2025-03-25T16:55:42.5032419Z",3,NtLmSsp,Administrator
"Mar 25, 2025 @ 21:55:42.597",4625,"CP-AKT-002911",NTLM,1112,"2025-03-25T16:55:41.4634110Z",3,NtLmSsp,Administrator
"Mar 25, 2025 @ 21:54:39.699",4625,"CP-AKT-002907",NTLM,1192,"2025-03-25T16:54:38.6677625Z",3,NtLmSsp,Administrator
"Mar 25, 2025 @ 21:54:38.667",4625,"CP-AKT-002907",NTLM,1192,"2025-03-25T16:54:37.6418493Z",3,NtLmSsp,Administrator
"Mar 25, 2025 @ 21:54:37.651",4625,"CP-AKT-002907",NTLM,1192,"2025-03-25T16:54:36.6165323Z",3,NtLmSsp,Administrator
"Mar 25, 2025 @ 21:52:29.139",4625,"CP-AKT-002912",NTLM,1184,"2025-03-25T16:52:28.0325603Z",3,NtLmSsp,Administrator
"Mar 25, 2025 @ 21:52:28.115",4625,"CP-AKT-002912",NTLM,1184,"2025-03-25T16:52:27.0148929Z",3,NtLmSsp,Administrator
"Mar 25, 2025 @ 21:52:27.094",4625,"CP-AKT-002912",NTLM,1184,"2025-03-25T16:52:25.9944366Z",3,NtLmSsp,Administrator
"Mar 25, 2025 @ 21:51:40.381",4624,"CP-AKT-002931",Negotiate,1080,"2025-03-25T09:01:59.1716105Z",5,Advapi,SYSTEM
"Mar 25, 2025 @ 21:48:59.060",4624,"CP-AKT-002912",Negotiate,1184,"2025-03-25T16:48:57.9613711Z",5,Advapi,SYSTEM
"Mar 25, 2025 @ 21:48:05.561",4624,"CP-AKT-002911",Negotiate,1112,"2025-03-25T16:48:04.4256939Z",5,Advapi,SYSTEM
"Mar 25, 2025 @ 21:48:01.354",4624,"CP-AKT-002911",Negotiate,1112,"2025-03-25T16:48:00.2254097Z",5,Advapi,SYSTEM
"Mar 25, 2025 @ 21:36:23.998",4624,"DESKTOP-5JEIKFF",Negotiate,1016,"2025-03-25T16:36:22.9203354Z",5,Advapi,SYSTEM
"Mar 25, 2025 @ 21:36:15.839",4624,"CP-AKT-002912",Negotiate,1184,"2025-03-25T16:36:14.7568871Z",5,Advapi,SYSTEM
"Mar 25, 2025 @ 21:31:06.240",4624,"CP-AKT-002911",Negotiate,1112,"2025-03-25T16:31:05.1343177Z",5,Advapi,SYSTEM
"Mar 25, 2025 @ 21:31:02.529",4624,"CP-AKT-002911",Negotiate,1112,"2025-03-25T16:31:01.4356504Z",5,Advapi,SYSTEM
"Mar 25, 2025 @ 21:30:28.923",4624,"CP-AKT-002931",Negotiate,1080,"2025-03-25T08:40:47.7542463Z",5,Advapi,SYSTEM
"Mar 25, 2025 @ 21:26:16.118",4624,"CP-AKT-002912",Negotiate,1184,"2025-03-25T16:26:15.1736512Z",5,Advapi,SYSTEM
"Mar 25, 2025 @ 21:26:16.078",4624,"CP-AKT-002912",Negotiate,1184,"2025-03-25T16:26:15.0064463Z",5,Advapi,SYSTEM
"Mar 25, 2025 @ 21:25:42.869",4624,"CP-AKT-002907",Negotiate,1192,"2025-03-25T16:25:41.8713486Z",5,Advapi,SYSTEM
"Mar 25, 2025 @ 21:21:40.048",4624,"CP-AKT-002931",Negotiate,1080,"2025-03-25T08:31:58.8692596Z",5,Advapi,SYSTEM
"Mar 25, 2025 @ 21:10:18.243",4624,"CP-AKT-002931",Negotiate,1080,"2025-03-25T08:20:37.0856702Z",5,Advapi,SYSTEM
"Mar 25, 2025 @ 21:09:50.349",4624,"DESKTOP-5JEIKFF",Negotiate,1016,"2025-03-25T16:09:49.3000836Z",5,Advapi,SYSTEM
"Mar 25, 2025 @ 21:08:39.703",4624,"CP-AKT-002912",Negotiate,1184,"2025-03-25T16:08:38.6552839Z",5,Advapi,SYSTEM
"Mar 25, 2025 @ 21:07:57.823",4624,"DESKTOP-5JEIKFF",Negotiate,1016,"2025-03-25T16:07:56.8835048Z",5,Advapi,SYSTEM
"Mar 25, 2025 @ 21:07:52.373",4624,"CP-AKT-002907",Negotiate,1192,"2025-03-25T16:07:51.3769583Z",5,Advapi,SYSTEM
"Mar 25, 2025 @ 21:06:10.379",4624,"DESKTOP-5JEIKFF",Negotiate,1016,"2025-03-25T16:06:09.3402250Z",5,Advapi,SYSTEM
"Mar 25, 2025 @ 21:04:40.088",4624,"CP-AKT-002931",Negotiate,1080,"2025-03-25T08:14:58.9425203Z",5,Advapi,SYSTEM
"Mar 25, 2025 @ 21:03:13.631",4624,"DESKTOP-5JEIKFF",Negotiate,1016,"2025-03-25T16:03:12.5951112Z",5,Advapi,SYSTEM
"Mar 25, 2025 @ 21:02:17.558",4624,"DESKTOP-5JEIKFF",Negotiate,1016,"2025-03-25T16:02:16.6002730Z",5,Advapi,SYSTEM
"Mar 25, 2025 @ 21:01:00.578",4624,"CP-AKT-002931",Negotiate,1080,"2025-03-25T08:11:19.4243804Z",5,Advapi,SYSTEM
"Mar 25, 2025 @ 21:01:00.573",4624,"CP-AKT-002931",Negotiate,1080,"2025-03-25T08:11:19.4189538Z",5,Advapi,SYSTEM
"Mar 25, 2025 @ 21:00:25.447",4624,"CP-AKT-002931",Negotiate,1080,"2025-03-25T08:10:44.3088947Z",5,Advapi,SYSTEM
"Mar 25, 2025 @ 21:00:11.356",4624,"DESKTOP-5JEIKFF",Negotiate,1016,"2025-03-25T16:00:10.3311383Z",5,Advapi,SYSTEM
"Mar 25, 2025 @ 20:55:43.958",4624,"CP-AKT-002931",Negotiate,1080,"2025-03-25T08:06:02.8164888Z",5,Advapi,SYSTEM
"Mar 25, 2025 @ 20:54:29.563",4625,"CP-AKT-002911",NTLM,1112,"2025-03-25T15:54:28.4757617Z",3,NtLmSsp,Administrator
"Mar 25, 2025 @ 20:54:28.511",4625,"CP-AKT-002911",NTLM,1112,"2025-03-25T15:54:27.4198116Z",3,NtLmSsp,Administrator
"Mar 25, 2025 @ 20:54:27.478",4625,"CP-AKT-002911",NTLM,1112,"2025-03-25T15:54:26.3976890Z",3,NtLmSsp,Administrator
"Mar 25, 2025 @ 20:54:25.550",4624,"CP-AKT-002907",Negotiate,1192,"2025-03-25T15:54:25.1850547Z",5,Advapi,SYSTEM
"Mar 25, 2025 @ 20:54:25.538",4624,"CP-AKT-002907",Negotiate,1192,"2025-03-25T15:54:24.5561947Z",5,Advapi,SYSTEM
"Mar 25, 2025 @ 20:54:24.738",4624,"CP-AKT-002907",Negotiate,1192,"2025-03-25T15:54:24.5041445Z",5,Advapi,SYSTEM
"Mar 25, 2025 @ 20:54:24.519",4624,"CP-AKT-002907",Negotiate,1192,"2025-03-25T15:54:23.5759059Z",5,Advapi,SYSTEM
"Mar 25, 2025 @ 20:54:24.507",4624,"CP-AKT-002907",Negotiate,1192,"2025-03-25T15:54:23.4977332Z",5,Advapi,SYSTEM
"Mar 25, 2025 @ 20:53:34.620",4625,"CP-AKT-002907",NTLM,1192,"2025-03-25T15:53:33.6300712Z",3,NtLmSsp,Administrator
"Mar 25, 2025 @ 20:53:33.571",4625,"CP-AKT-002907",NTLM,1192,"2025-03-25T15:53:32.5904170Z",3,NtLmSsp,Administrator
"Mar 25, 2025 @ 20:53:33.323",4624,"DESKTOP-5JEIKFF",Negotiate,1016,"2025-03-25T15:53:32.2793548Z",5,Advapi,SYSTEM
"Mar 25, 2025 @ 20:53:33.282",4624,"DESKTOP-5JEIKFF",Negotiate,1016,"2025-03-25T15:53:32.2357462Z",5,Advapi,SYSTEM
"Mar 25, 2025 @ 20:53:32.555",4625,"CP-AKT-002907",NTLM,1192,"2025-03-25T15:53:31.5608473Z",3,NtLmSsp,Administrator
"Mar 25, 2025 @ 20:51:39.721",4624,"CP-AKT-002931",Negotiate,1080,"2025-03-25T08:01:58.5789352Z",5,Advapi,SYSTEM
"Mar 25, 2025 @ 20:51:09.030",4625,"CP-AKT-002912",NTLM,1184,"2025-03-25T15:51:07.9983759Z",3,NtLmSsp,Administrator
"Mar 25, 2025 @ 20:51:08.013",4625,"CP-AKT-002912",NTLM,1184,"2025-03-25T15:51:06.9814010Z",3,NtLmSsp,Administrator
"Mar 25, 2025 @ 20:51:07.003",4625,"CP-AKT-002912",NTLM,1184,"2025-03-25T15:51:05.9571335Z",3,NtLmSsp,Administrator
"Mar 25, 2025 @ 20:47:33.414",4624,"DESKTOP-5JEIKFF",Negotiate,1016,"2025-03-25T15:47:32.3931314Z",5,Advapi,SYSTEM
"Mar 25, 2025 @ 20:47:25.838",4624,"CP-AKT-002931",Negotiate,1080,"2025-03-25T07:57:44.7029815Z",5,Advapi,SYSTEM
"Mar 25, 2025 @ 20:42:08.685",4624,"CP-AKT-002931",Negotiate,1080,"2025-03-25T07:52:27.5552351Z",5,Advapi,SYSTEM
"Mar 25, 2025 @ 20:39:10.791",4624,"CP-AKT-002911",Negotiate,1112,"2025-03-25T15:39:09.6910653Z",5,Advapi,SYSTEM
"Mar 25, 2025 @ 20:37:26.726",4624,"DESKTOP-5JEIKFF",Negotiate,1016,"2025-03-25T15:37:26.3415588Z",5,Advapi,SYSTEM
"Mar 25, 2025 @ 20:37:26.720",4624,"DESKTOP-5JEIKFF",Negotiate,1016,"2025-03-25T15:37:25.8373326Z",5,Advapi,SYSTEM
"Mar 25, 2025 @ 20:37:26.714",4624,"DESKTOP-5JEIKFF",Negotiate,1016,"2025-03-25T15:37:25.6994715Z",5,Advapi,SYSTEM
"Mar 25, 2025 @ 20:36:23.888",4624,"DESKTOP-5JEIKFF",Negotiate,1016,"2025-03-25T15:36:22.8656918Z",5,Advapi,SYSTEM
"Mar 25, 2025 @ 20:34:22.071",4624,"CP-AKT-002912",Negotiate,1184,"2025-03-25T15:34:21.0134184Z",5,Advapi,SYSTEM
"Mar 25, 2025 @ 20:34:07.262",4624,"CP-AKT-002931",Negotiate,1080,"2025-03-25T07:44:26.1267786Z",5,Advapi,SYSTEM
"Mar 25, 2025 @ 20:30:28.542",4624,"CP-AKT-002931",Negotiate,1080,"2025-03-25T07:40:47.3898361Z",5,Advapi,SYSTEM
"Mar 25, 2025 @ 20:28:40.506",4624,"DESKTOP-5JEIKFF",Negotiate,1016,"2025-03-25T15:28:39.4822395Z",5,Advapi,SYSTEM
"Mar 25, 2025 @ 20:25:42.831",4624,"CP-AKT-002907",Negotiate,1192,"2025-03-25T15:25:41.8260616Z",5,Advapi,SYSTEM
"Mar 25, 2025 @ 20:25:28.164",4624,"CP-AKT-002907",Negotiate,1192,"2025-03-25T15:25:27.1487785Z",5,Advapi,SYSTEM
"Mar 25, 2025 @ 20:24:35.596",4624,"CP-AKT-002931",Negotiate,1080,"2025-03-25T07:34:54.4474728Z",5,Advapi,SYSTEM
"Mar 25, 2025 @ 20:21:39.453",4624,"CP-AKT-002931",Negotiate,1080,"2025-03-25T07:31:58.3052484Z",5,Advapi,SYSTEM
"Mar 25, 2025 @ 20:20:07.480",4624,"CP-AKT-002931",Negotiate,1080,"2025-03-25T07:30:26.3325845Z",5,Advapi,SYSTEM
"Mar 25, 2025 @ 20:18:13.297",4624,"DESKTOP-5JEIKFF",Negotiate,1016,"2025-03-25T15:18:12.2785062Z",5,Advapi,SYSTEM
"Mar 25, 2025 @ 20:16:38.051",4624,"DESKTOP-5JEIKFF",Negotiate,1016,"2025-03-25T15:16:37.0281692Z",5,Advapi,SYSTEM
"Mar 25, 2025 @ 20:15:33.763",4624,"DESKTOP-5JEIKFF",Negotiate,1016,"2025-03-25T15:15:32.7424694Z",5,Advapi,SYSTEM
"Mar 25, 2025 @ 20:15:14.005",4624,"CP-AKT-002931",Negotiate,1080,"2025-03-25T07:25:32.8554363Z",5,Advapi,SYSTEM
"Mar 25, 2025 @ 20:14:04.768",4624,"CP-AKT-002931",Negotiate,1080,"2025-03-25T07:24:23.6202263Z",5,Advapi,SYSTEM
"Mar 25, 2025 @ 20:13:03.597",4624,"CP-AKT-002931",Negotiate,1080,"2025-03-25T07:23:22.4543787Z",5,Advapi,SYSTEM
"Mar 25, 2025 @ 20:09:06.434",4624,"DESKTOP-5JEIKFF",Negotiate,1016,"2025-03-25T15:09:05.4209655Z",5,Advapi,SYSTEM
"Mar 25, 2025 @ 20:08:43.297",4624,"DESKTOP-5JEIKFF",Negotiate,1016,"2025-03-25T15:08:42.5199498Z",5,Advapi,SYSTEM
"Mar 25, 2025 @ 20:07:25.514",4624,"CP-AKT-002907",Negotiate,1192,"2025-03-25T15:07:24.4882137Z",5,Advapi,SYSTEM
"Mar 25, 2025 @ 20:00:59.973",4624,"CP-AKT-002931",Negotiate,1080,"2025-03-25T07:11:18.8284802Z",5,Advapi,SYSTEM
"Mar 25, 2025 @ 20:00:25.448",4624,"CP-AKT-002931",Negotiate,1080,"2025-03-25T07:10:44.3005441Z",5,Advapi,SYSTEM
"Mar 25, 2025 @ 19:59:01.554",4624,"DESKTOP-5JEIKFF",Negotiate,1016,"2025-03-25T14:59:00.5505836Z",5,Advapi,SYSTEM
"Mar 25, 2025 @ 19:53:09.838",4625,"CP-AKT-002911",NTLM,1112,"2025-03-25T14:53:08.7388515Z",3,NtLmSsp,Administrator
"Mar 25, 2025 @ 19:53:08.800",4625,"CP-AKT-002911",NTLM,1112,"2025-03-25T14:53:07.7076420Z",3,NtLmSsp,Administrator
"Mar 25, 2025 @ 19:53:07.769",4625,"CP-AKT-002911",NTLM,1112,"2025-03-25T14:53:06.6743701Z",3,NtLmSsp,Administrator
"Mar 25, 2025 @ 19:52:21.894",4624,"CP-AKT-002931",Negotiate,1080,"2025-03-25T07:02:40.7701138Z",5,Advapi,SYSTEM
"Mar 25, 2025 @ 19:52:09.805",4625,"CP-AKT-002907",NTLM,1192,"2025-03-25T14:52:08.8025189Z",3,NtLmSsp,Administrator
"Mar 25, 2025 @ 19:52:08.789",4625,"CP-AKT-002907",NTLM,1192,"2025-03-25T14:52:07.7895694Z",3,NtLmSsp,Administrator
"Mar 25, 2025 @ 19:52:07.776",4625,"CP-AKT-002907",NTLM,1192,"2025-03-25T14:52:06.7670702Z",3,NtLmSsp,Administrator
"Mar 25, 2025 @ 19:50:59.344",4625,"CP-AKT-002912",NTLM,1184,"2025-03-25T14:50:58.3138064Z",3,NtLmSsp,Administrator
"Mar 25, 2025 @ 19:50:58.328",4625,"CP-AKT-002912",NTLM,1184,"2025-03-25T14:50:57.2851554Z",3,NtLmSsp,Administrator
"Mar 25, 2025 @ 19:50:57.316",4625,"CP-AKT-002912",NTLM,1184,"2025-03-25T14:50:56.2664580Z",3,NtLmSsp,Administrator
"Mar 25, 2025 @ 19:49:42.503",4624,"CP-AKT-002931",Negotiate,1080,"2025-03-25T07:00:01.3844885Z",5,Advapi,SYSTEM
"Mar 25, 2025 @ 19:46:24.481",4624,"CP-AKT-002931",Negotiate,1080,"2025-03-25T06:56:43.3932920Z",5,Advapi,SYSTEM
"Mar 25, 2025 @ 19:42:39.053",4624,"DESKTOP-5JEIKFF",Negotiate,1016,"2025-03-25T14:42:38.0791318Z",5,Advapi,SYSTEM
"Mar 25, 2025 @ 19:42:37.855",4624,"DESKTOP-5JEIKFF",Negotiate,1016,"2025-03-25T14:42:36.8763155Z",5,Advapi,SYSTEM
"Mar 25, 2025 @ 19:40:36.490",4624,"CP-AKT-002931",Negotiate,1080,"2025-03-25T06:50:55.3822465Z",5,Advapi,SYSTEM
"Mar 25, 2025 @ 19:39:39.017",4624,"DESKTOP-5JEIKFF",Negotiate,1016,"2025-03-25T14:39:38.0343755Z",5,Advapi,SYSTEM
"Mar 25, 2025 @ 19:37:36.371",4624,"DESKTOP-5JEIKFF",Negotiate,1016,"2025-03-25T14:37:35.3921270Z",5,Advapi,SYSTEM
"Mar 25, 2025 @ 19:36:35.582",4624,"CP-AKT-002931",Negotiate,1080,"2025-03-25T06:46:54.4685212Z",5,Advapi,SYSTEM
"Mar 25, 2025 @ 19:34:22.048",4624,"CP-AKT-002912",Negotiate,1184,"2025-03-25T14:34:20.9985151Z",5,Advapi,SYSTEM
"Mar 25, 2025 @ 19:30:36.213",4624,"CP-AKT-002931",Negotiate,1080,"2025-03-25T06:40:55.0957761Z",5,Advapi,SYSTEM
"Mar 25, 2025 @ 19:30:28.556",4624,"CP-AKT-002931",Negotiate,1080,"2025-03-25T06:40:47.4344090Z",5,Advapi,SYSTEM
"Mar 25, 2025 @ 19:30:11.199",4624,"DESKTOP-5JEIKFF",Negotiate,1016,"2025-03-25T14:30:11.1423420Z",5,Advapi,SYSTEM
"Mar 25, 2025 @ 19:29:18.898",4624,"DESKTOP-5JEIKFF",Negotiate,1016,"2025-03-25T14:29:17.9054141Z",5,Advapi,SYSTEM
"Mar 25, 2025 @ 19:25:59.765",4624,"CP-AKT-002931",Negotiate,1080,"2025-03-25T06:36:18.6443705Z",5,Advapi,SYSTEM
"Mar 25, 2025 @ 19:25:42.566",4624,"CP-AKT-002907",Negotiate,1192,"2025-03-25T14:25:41.5553553Z",5,Advapi,SYSTEM
"Mar 25, 2025 @ 19:25:27.919",4624,"CP-AKT-002907",Negotiate,1192,"2025-03-25T14:25:26.8786677Z",5,Advapi,SYSTEM
"Mar 25, 2025 @ 19:23:45.478",4624,"DESKTOP-5JEIKFF",Negotiate,1016,"2025-03-25T14:23:44.5378865Z",5,Advapi,SYSTEM
"Mar 25, 2025 @ 19:21:38.806",4624,"CP-AKT-002931",Negotiate,1080,"2025-03-25T06:31:57.7353391Z",5,Advapi,SYSTEM
"Mar 25, 2025 @ 19:19:53.873",4624,"CP-AKT-002912",Negotiate,1184,"2025-03-25T14:19:52.8488922Z",5,Advapi,SYSTEM
"Mar 25, 2025 @ 19:15:53.529",4624,"CP-AKT-002912",Negotiate,1184,"2025-03-25T14:15:52.8032963Z",5,Advapi,SYSTEM
"Mar 25, 2025 @ 19:15:53.498",4624,"CP-AKT-002912",Negotiate,1184,"2025-03-25T14:15:52.5308384Z",5,Advapi,SYSTEM
"Mar 25, 2025 @ 19:15:53.484",4624,"CP-AKT-002912",Negotiate,1184,"2025-03-25T14:15:52.4362574Z",5,Advapi,SYSTEM
"Mar 25, 2025 @ 19:13:42.621",4624,"CP-AKT-002907",Negotiate,1192,"2025-03-25T14:13:41.5801033Z",5,Advapi,SYSTEM
"Mar 25, 2025 @ 19:12:29.326",4624,"CP-AKT-002931",Negotiate,1080,"2025-03-25T06:22:48.2205181Z",5,Advapi,SYSTEM
"Mar 25, 2025 @ 19:11:10.657",4624,"CP-AKT-002907",Negotiate,1192,"2025-03-25T14:11:09.9083582Z",5,Advapi,SYSTEM
"Mar 25, 2025 @ 19:11:10.645",4624,"CP-AKT-002907",Negotiate,1192,"2025-03-25T14:11:09.6324881Z",5,Advapi,SYSTEM
"Mar 25, 2025 @ 19:09:08.889",4624,"DESKTOP-5JEIKFF",Negotiate,1016,"2025-03-25T14:09:07.9358805Z",5,Advapi,SYSTEM
"Mar 25, 2025 @ 19:09:05.167",4624,"DESKTOP-5JEIKFF",Negotiate,1016,"2025-03-25T14:09:04.2146453Z",5,Advapi,SYSTEM
"Mar 25, 2025 @ 19:07:26.207",4624,"DESKTOP-5JEIKFF",Negotiate,1016,"2025-03-25T14:07:25.2751492Z",5,Advapi,SYSTEM
"Mar 25, 2025 @ 19:07:08.803",4624,"CP-AKT-002907",Negotiate,1192,"2025-03-25T14:06:56.9326528Z",5,Advapi,SYSTEM
"Mar 25, 2025 @ 19:07:08.784",4624,"CP-AKT-002907",Negotiate,1192,"2025-03-25T13:52:44.4521181Z",5,Advapi,SYSTEM
"Mar 25, 2025 @ 19:07:08.760",4624,"CP-AKT-002907",Negotiate,1192,"2025-03-25T13:52:43.9647671Z",5,Advapi,SYSTEM
"Mar 25, 2025 @ 19:07:08.753",4624,"CP-AKT-002907",Negotiate,1192,"2025-03-25T13:52:26.0183416Z",5,Advapi,SYSTEM
"Mar 25, 2025 @ 19:07:08.751",4624,"CP-AKT-002907",Negotiate,1192,"2025-03-25T13:52:26.0035999Z",11,User32,"acuk.student"
"Mar 25, 2025 @ 19:07:08.744",4625,"CP-AKT-002907",Negotiate,1192,"2025-03-25T13:52:08.6010513Z",2,User32,"acuk.student"
"Mar 25, 2025 @ 19:07:08.744",4625,"CP-AKT-002907",NTLM,1192,"2025-03-25T13:51:08.7413862Z",3,NtLmSsp,Administrator
"Mar 25, 2025 @ 19:07:08.735",4625,"CP-AKT-002907",NTLM,1192,"2025-03-25T13:51:06.7059231Z",3,NtLmSsp,Administrator
"Mar 25, 2025 @ 19:07:08.735",4625,"CP-AKT-002907",NTLM,1192,"2025-03-25T13:51:07.7294636Z",3,NtLmSsp,Administrator
"Mar 25, 2025 @ 19:07:08.674",4624,"CP-AKT-002931",Negotiate,1080,"2025-03-25T06:10:44.3070928Z",5,Advapi,SYSTEM
"Mar 25, 2025 @ 19:07:08.649",4624,"CP-AKT-002931",Negotiate,1080,"2025-03-25T05:34:15.9982543Z",5,Advapi,SYSTEM
"Mar 25, 2025 @ 19:07:08.631",4624,"CP-AKT-002931",Negotiate,1080,"2025-03-25T06:01:57.4470829Z",5,Advapi,SYSTEM
"Mar 25, 2025 @ 19:07:08.630",4624,"CP-AKT-002931",Negotiate,1080,"2025-03-25T05:52:50.7985477Z",5,Advapi,SYSTEM
"Mar 25, 2025 @ 19:07:08.583",4624,"CP-AKT-002931",Negotiate,1080,"2025-03-25T05:40:55.0648306Z",5,Advapi,SYSTEM
"Mar 25, 2025 @ 19:07:08.545",4624,"CP-AKT-002931",Negotiate,1080,"2025-03-25T05:40:47.1993337Z",5,Advapi,SYSTEM
"Mar 25, 2025 @ 19:07:08.449",4624,"CP-AKT-002931",Negotiate,1080,"2025-03-25T05:31:57.2086560Z",5,Advapi,SYSTEM
"Mar 25, 2025 @ 19:07:08.362",4624,"CP-AKT-002931",Negotiate,1080,"2025-03-25T05:29:58.1723427Z",5,Advapi,SYSTEM
"Mar 25, 2025 @ 19:07:08.361",4624,"CP-AKT-002931",Negotiate,1080,"2025-03-25T05:23:29.6988002Z",5,Advapi,SYSTEM
"Mar 25, 2025 @ 19:07:08.361",4624,"CP-AKT-002931",Negotiate,1080,"2025-03-25T05:16:36.7087239Z",5,Advapi,SYSTEM
"Mar 25, 2025 @ 19:07:07.469",4625,"CP-AKT-002911",NTLM,1112,"2025-03-25T13:52:08.6023870Z",3,NtLmSsp,Administrator
"Mar 25, 2025 @ 19:07:07.268",4625,"CP-AKT-002911",NTLM,1112,"2025-03-25T13:52:07.5647357Z",3,NtLmSsp,Administrator
"Mar 25, 2025 @ 19:07:06.962",4625,"CP-AKT-002911",NTLM,1112,"2025-03-25T13:52:06.5444214Z",3,NtLmSsp,Administrator
"Mar 25, 2025 @ 19:07:06.805",4624,"CP-AKT-002931",Negotiate,1080,"2025-03-25T05:10:44.2751962Z",5,Advapi,SYSTEM
"Mar 25, 2025 @ 19:07:06.798",4624,"CP-AKT-002911",Negotiate,1112,"2025-03-25T13:17:25.0059895Z",5,Advapi,SYSTEM
"Mar 25, 2025 @ 19:07:06.797",4624,"CP-AKT-002911",Negotiate,1112,"2025-03-25T13:17:20.8254868Z",5,Advapi,SYSTEM
"Mar 25, 2025 @ 19:07:06.786",4625,"CP-AKT-002911",NTLM,1112,"2025-03-25T12:49:57.1900861Z",3,NtLmSsp,Administrator
"Mar 25, 2025 @ 19:07:06.786",4625,"CP-AKT-002911",NTLM,1112,"2025-03-25T12:49:58.2208197Z",3,NtLmSsp,Administrator
"Mar 25, 2025 @ 19:07:06.783",4625,"CP-AKT-002911",NTLM,1112,"2025-03-25T12:49:56.1647325Z",3,NtLmSsp,Administrator
"Mar 25, 2025 @ 19:07:06.545",4625,"CP-AKT-002911",NTLM,1112,"2025-03-25T11:49:07.2262009Z",3,NtLmSsp,Administrator
"Mar 25, 2025 @ 19:07:06.545",4625,"CP-AKT-002911",NTLM,1112,"2025-03-25T11:49:08.2546400Z",3,NtLmSsp,Administrator
"Mar 25, 2025 @ 19:07:06.544",4625,"CP-AKT-002911",NTLM,1112,"2025-03-25T11:49:06.1990662Z",3,NtLmSsp,Administrator
"Mar 25, 2025 @ 19:07:06.439",4624,"CP-AKT-002931",Negotiate,1080,"2025-03-25T04:56:03.1457832Z",5,Advapi,SYSTEM
"Mar 25, 2025 @ 19:07:06.439",4624,"CP-AKT-002931",Negotiate,1080,"2025-03-25T05:01:56.8809107Z",5,Advapi,SYSTEM
"Mar 25, 2025 @ 19:07:06.438",4624,"CP-AKT-002931",Negotiate,1080,"2025-03-25T04:40:56.7812126Z",5,Advapi,SYSTEM
"Mar 25, 2025 @ 19:07:06.318",4624,"CP-AKT-002931",Negotiate,1080,"2025-03-25T04:40:56.0753108Z",5,Advapi,SYSTEM
"Mar 25, 2025 @ 19:07:06.315",4624,"CP-AKT-002911",Negotiate,1112,"2025-03-25T11:39:23.8712114Z",5,Advapi,SYSTEM
"Mar 25, 2025 @ 19:07:06.131",4624,"CP-AKT-002911",Negotiate,1112,"2025-03-25T11:25:59.6725536Z",5,Advapi,SYSTEM
"Mar 25, 2025 @ 19:07:05.990",4624,"CP-AKT-002931",Negotiate,1080,"2025-03-25T04:40:46.9601085Z",5,Advapi,SYSTEM
"Mar 25, 2025 @ 19:07:05.842",4624,"CP-AKT-002911",Negotiate,1112,"2025-03-25T11:25:18.1482332Z",5,Advapi,SYSTEM
"Mar 25, 2025 @ 19:07:05.842",4624,"CP-AKT-002911",Negotiate,1112,"2025-03-25T11:25:58.9136767Z",5,Advapi,SYSTEM
"Mar 25, 2025 @ 19:07:05.521",4624,"CP-AKT-002931",Negotiate,1080,"2025-03-25T04:18:51.9918523Z",5,Advapi,SYSTEM
"Mar 25, 2025 @ 19:07:05.521",4624,"CP-AKT-002911",Negotiate,1112,"2025-03-25T11:17:56.2601171Z",5,Advapi,SYSTEM
"Mar 25, 2025 @ 19:07:05.521",4624,"CP-AKT-002931",Negotiate,1080,"2025-03-25T04:31:56.5134953Z",5,Advapi,SYSTEM
"Mar 25, 2025 @ 19:07:04.301",4624,"CP-AKT-002911",Negotiate,1112,"2025-03-25T11:17:55.9619045Z",5,Advapi,SYSTEM
"Mar 25, 2025 @ 19:07:04.300",4625,"CP-AKT-002911",NTLM,1112,"2025-03-25T10:48:02.2684422Z",3,NtLmSsp,Administrator
"Mar 25, 2025 @ 19:07:04.300",4625,"CP-AKT-002911",NTLM,1112,"2025-03-25T10:48:03.2987639Z",3,NtLmSsp,Administrator
"Mar 25, 2025 @ 19:07:04.300",4624,"CP-AKT-002911",Negotiate,1112,"2025-03-25T11:17:23.7915162Z",5,Advapi,SYSTEM
"Mar 25, 2025 @ 19:07:04.300",4625,"CP-AKT-002911",NTLM,1112,"2025-03-25T10:48:01.2325843Z",3,NtLmSsp,Administrator
"Mar 25, 2025 @ 19:06:58.331",4624,"CP-AKT-002931",Negotiate,1080,"2025-03-25T04:10:44.2884606Z",5,Advapi,SYSTEM
"Mar 25, 2025 @ 19:06:58.329",4624,"CP-AKT-002931",Negotiate,1080,"2025-03-25T04:01:56.2250411Z",5,Advapi,SYSTEM
"Mar 25, 2025 @ 19:06:58.328",4624,"CP-AKT-002931",Negotiate,1080,"2025-03-25T03:40:57.3106250Z",5,Advapi,SYSTEM
"Mar 25, 2025 @ 19:06:58.328",4624,"CP-AKT-002931",Negotiate,1080,"2025-03-25T03:41:57.7656320Z",5,Advapi,SYSTEM
"Mar 25, 2025 @ 19:06:57.398",4624,"CP-AKT-002931",Negotiate,1080,"2025-03-25T03:25:27.4033299Z",5,Advapi,SYSTEM
"Mar 25, 2025 @ 19:06:57.386",4624,"CP-AKT-002931",Negotiate,1080,"2025-03-25T03:40:46.7741166Z",5,Advapi,SYSTEM
"Mar 25, 2025 @ 19:06:57.176",4624,"CP-AKT-002931",Negotiate,1080,"2025-03-25T03:31:55.9446378Z",5,Advapi,SYSTEM
"Mar 25, 2025 @ 19:06:57.171",4625,"CP-AKT-002907",NTLM,1192,"2025-03-25T11:48:47.4157885Z",3,NtLmSsp,Administrator
"Mar 25, 2025 @ 19:06:57.171",4624,"CP-AKT-002931",Negotiate,1080,"2025-03-25T03:30:57.3628839Z",5,Advapi,SYSTEM
"Mar 25, 2025 @ 19:06:57.167",4624,"CP-AKT-002931",Negotiate,1080,"2025-03-25T03:30:45.3161698Z",5,Advapi,SYSTEM
"Mar 25, 2025 @ 19:06:57.152",4624,"CP-AKT-002907",Negotiate,1192,"2025-03-25T10:53:26.3101699Z",5,Advapi,SYSTEM
"Mar 25, 2025 @ 19:06:57.142",4624,"CP-AKT-002907",Negotiate,1192,"2025-03-25T13:25:26.8929706Z",5,Advapi,SYSTEM
"Mar 25, 2025 @ 19:06:57.140",4624,"CP-AKT-002907",Negotiate,1192,"2025-03-25T12:53:26.3986366Z",5,Advapi,SYSTEM
"Mar 25, 2025 @ 19:06:57.140",4624,"CP-AKT-002907",Negotiate,1192,"2025-03-25T13:25:26.6116210Z",5,Advapi,SYSTEM
"Mar 25, 2025 @ 19:06:56.874",4625,"CP-AKT-002907",NTLM,1192,"2025-03-25T12:48:58.3453147Z",3,NtLmSsp,Administrator
"Mar 25, 2025 @ 19:06:56.874",4625,"CP-AKT-002907",NTLM,1192,"2025-03-25T12:48:57.3229228Z",3,NtLmSsp,Administrator
"Mar 25, 2025 @ 19:06:56.839",4625,"CP-AKT-002907",NTLM,1192,"2025-03-25T10:47:43.4623815Z",3,NtLmSsp,Administrator
"Mar 25, 2025 @ 19:06:56.835",4625,"CP-AKT-002907",NTLM,1192,"2025-03-25T12:48:56.2964099Z",3,NtLmSsp,Administrator
"Mar 25, 2025 @ 19:06:56.834",4625,"CP-AKT-002907",NTLM,1192,"2025-03-25T11:48:48.4312625Z",3,NtLmSsp,Administrator
"Mar 25, 2025 @ 19:06:56.834",4624,"CP-AKT-002907",Negotiate,1192,"2025-03-25T11:53:26.3518694Z",5,Advapi,SYSTEM
"Mar 25, 2025 @ 19:06:56.817",4625,"CP-AKT-002907",NTLM,1192,"2025-03-25T11:48:46.3873177Z",3,NtLmSsp,Administrator
"Mar 25, 2025 @ 19:06:56.795",4624,"CP-AKT-002907",Negotiate,1192,"2025-03-25T11:25:26.2398095Z",5,Advapi,SYSTEM
"Mar 25, 2025 @ 19:06:56.335",4625,"CP-AKT-002907",NTLM,1192,"2025-03-25T10:47:41.4117125Z",3,NtLmSsp,Administrator
"Mar 25, 2025 @ 19:06:56.335",4625,"CP-AKT-002907",NTLM,1192,"2025-03-25T10:47:42.4372552Z",3,NtLmSsp,Administrator
"Mar 25, 2025 @ 19:06:56.305",4624,"CP-AKT-002931",Negotiate,1080,"2025-03-25T03:10:44.1836526Z",5,Advapi,SYSTEM
"Mar 25, 2025 @ 19:06:56.278",4624,"CP-AKT-002931",Negotiate,1080,"2025-03-25T03:08:16.8496691Z",5,Advapi,SYSTEM
"Mar 25, 2025 @ 19:06:56.179",4624,"CP-AKT-002931",Negotiate,1080,"2025-03-25T03:02:47.7061559Z",5,Advapi,SYSTEM
"Mar 25, 2025 @ 19:06:55.867",4624,"CP-AKT-002931",Negotiate,1080,"2025-03-25T03:01:55.7051021Z",5,Advapi,SYSTEM
"Mar 25, 2025 @ 19:06:54.951",4624,"CP-AKT-002931",Negotiate,1080,"2025-03-25T02:52:07.5160075Z",5,Advapi,SYSTEM
"Mar 25, 2025 @ 19:06:54.920",4624,"CP-AKT-002931",Negotiate,1080,"2025-03-25T02:40:55.0660837Z",5,Advapi,SYSTEM
"Mar 25, 2025 @ 19:06:54.686",4624,"CP-AKT-002931",Negotiate,1080,"2025-03-25T02:40:46.5810572Z",5,Advapi,SYSTEM
"Mar 25, 2025 @ 19:06:54.656",4624,"CP-AKT-002931",Negotiate,1080,"2025-03-25T02:39:57.5690107Z",5,Advapi,SYSTEM
"Mar 25, 2025 @ 19:06:52.678",4624,"CP-AKT-002912",Negotiate,1184,"2025-03-25T13:56:26.4964022Z",5,Advapi,SYSTEM
"Mar 25, 2025 @ 19:06:51.832",4624,"CP-AKT-002912",Negotiate,1184,"2025-03-25T13:56:25.3001252Z",5,Advapi,SYSTEM
"Mar 25, 2025 @ 19:06:51.802",4624,"CP-AKT-002912",Negotiate,1184,"2025-03-25T13:55:34.1892226Z",5,Advapi,SYSTEM
"Mar 25, 2025 @ 19:06:51.769",4624,"CP-AKT-002912",Negotiate,1184,"2025-03-25T13:55:26.1964094Z",5,Advapi,SYSTEM
"Mar 25, 2025 @ 19:06:51.737",4624,"CP-AKT-002912",Negotiate,1184,"2025-03-25T13:55:05.5752613Z",5,Advapi,SYSTEM
"Mar 25, 2025 @ 19:06:51.713",4624,"CP-AKT-002912",Negotiate,1184,"2025-03-25T13:55:04.3217317Z",5,Advapi,SYSTEM
"Mar 25, 2025 @ 19:06:51.684",4624,"CP-AKT-002912",Negotiate,1184,"2025-03-25T13:54:18.4574223Z",5,Advapi,SYSTEM
"Mar 25, 2025 @ 19:06:51.663",4624,"CP-AKT-002912",Negotiate,1184,"2025-03-25T13:54:08.0227960Z",5,Advapi,SYSTEM
"Mar 25, 2025 @ 19:06:51.653",4625,"CP-AKT-002912",NTLM,1184,"2025-03-25T13:48:47.9645621Z",3,NtLmSsp,Administrator
"Mar 25, 2025 @ 19:06:51.632",4625,"CP-AKT-002912",NTLM,1184,"2025-03-25T13:48:46.9350894Z",3,NtLmSsp,Administrator
"Mar 25, 2025 @ 19:06:51.616",4625,"CP-AKT-002912",NTLM,1184,"2025-03-25T13:48:45.8905296Z",3,NtLmSsp,Administrator
"Mar 25, 2025 @ 19:06:51.585",4624,"CP-AKT-002912",Negotiate,1184,"2025-03-25T13:41:09.6818100Z",5,Advapi,SYSTEM
"Mar 25, 2025 @ 19:06:51.551",4624,"CP-AKT-002912",Negotiate,1184,"2025-03-25T13:41:06.4638980Z",5,Advapi,SYSTEM
"Mar 25, 2025 @ 19:06:51.516",4624,"CP-AKT-002912",Negotiate,1184,"2025-03-25T13:34:20.7038168Z",5,Advapi,SYSTEM
"Mar 25, 2025 @ 19:06:51.453",4624,"CP-AKT-002912",Negotiate,1184,"2025-03-25T13:08:18.3854789Z",5,Advapi,SYSTEM
"Mar 25, 2025 @ 19:06:51.418",4624,"CP-AKT-002912",Negotiate,1184,"2025-03-25T13:08:14.1187365Z",5,Advapi,SYSTEM
"Mar 25, 2025 @ 19:06:51.403",4625,"CP-AKT-002912",NTLM,1184,"2025-03-25T12:47:37.8842049Z",3,NtLmSsp,Administrator
"Mar 25, 2025 @ 19:06:51.386",4625,"CP-AKT-002912",NTLM,1184,"2025-03-25T12:47:36.8664726Z",3,NtLmSsp,Administrator
"Mar 25, 2025 @ 19:06:51.371",4625,"CP-AKT-002912",NTLM,1184,"2025-03-25T12:47:35.8431774Z",3,NtLmSsp,Administrator
"Mar 25, 2025 @ 19:06:51.336",4624,"CP-AKT-002912",Negotiate,1184,"2025-03-25T12:34:20.6308475Z",5,Advapi,SYSTEM
"Mar 25, 2025 @ 19:06:51.320",4625,"CP-AKT-002912",NTLM,1184,"2025-03-25T11:47:38.0273691Z",3,NtLmSsp,Administrator
"Mar 25, 2025 @ 19:06:51.304",4625,"CP-AKT-002912",NTLM,1184,"2025-03-25T11:47:36.9902431Z",3,NtLmSsp,Administrator
"Mar 25, 2025 @ 19:06:51.295",4625,"CP-AKT-002912",NTLM,1184,"2025-03-25T11:47:35.9615598Z",3,NtLmSsp,Administrator
"Mar 25, 2025 @ 19:06:51.055",4624,"CP-AKT-002912",Negotiate,1184,"2025-03-25T11:35:41.4309237Z",5,Advapi,SYSTEM
"Mar 25, 2025 @ 19:06:51.038",4624,"CP-AKT-002912",Negotiate,1184,"2025-03-25T11:34:20.6153054Z",5,Advapi,SYSTEM
"Mar 25, 2025 @ 19:06:51.004",4624,"CP-AKT-002912",Negotiate,1184,"2025-03-25T11:34:20.6089619Z",5,Advapi,SYSTEM
"Mar 25, 2025 @ 19:06:50.973",4624,"CP-AKT-002912",Negotiate,1184,"2025-03-25T11:17:14.2487696Z",5,Advapi,SYSTEM
"Mar 25, 2025 @ 19:06:50.968",4624,"CP-AKT-002912",Negotiate,1184,"2025-03-25T11:17:10.7558080Z",5,Advapi,SYSTEM
"Mar 25, 2025 @ 19:06:50.752",4624,"CP-AKT-002912",Negotiate,1184,"2025-03-25T11:17:09.2543342Z",5,Advapi,SYSTEM
"Mar 25, 2025 @ 19:06:50.720",4624,"CP-AKT-002912",Negotiate,1184,"2025-03-25T11:17:09.0977599Z",5,Advapi,SYSTEM
"Mar 25, 2025 @ 19:06:50.660",4624,"CP-AKT-002912",Negotiate,1184,"2025-03-25T10:59:49.2108015Z",5,Advapi,SYSTEM
"Mar 25, 2025 @ 19:06:50.629",4624,"CP-AKT-002912",Negotiate,1184,"2025-03-25T10:55:47.6396602Z",5,Advapi,SYSTEM
"Mar 25, 2025 @ 19:06:50.614",4625,"CP-AKT-002912",NTLM,1184,"2025-03-25T10:46:22.9933355Z",3,NtLmSsp,Administrator
"Mar 25, 2025 @ 19:06:50.606",4625,"CP-AKT-002912",NTLM,1184,"2025-03-25T10:46:21.9588823Z",3,NtLmSsp,Administrator
"Mar 25, 2025 @ 19:06:50.604",4625,"CP-AKT-002912",NTLM,1184,"2025-03-25T10:46:20.9402890Z",3,NtLmSsp,Administrator
"Mar 25, 2025 @ 19:06:50.599",4624,"CP-AKT-002912",Negotiate,1184,"2025-03-25T10:34:20.5375793Z",5,Advapi,SYSTEM
"Mar 25, 2025 @ 19:06:34.308",4624,"DESKTOP-5JEIKFF",Negotiate,1016,"2025-03-25T14:06:33.3145965Z",2,User32,Project
"Mar 25, 2025 @ 19:06:34.306",4624,"DESKTOP-5JEIKFF",Negotiate,1016,"2025-03-25T14:06:33.3145885Z",2,User32,Project
"Mar 25, 2025 @ 19:06:16.284",4624,"DESKTOP-5JEIKFF",Negotiate,1016,"2025-03-25T14:06:13.4520471Z",5,Advapi,SYSTEM
"Mar 25, 2025 @ 19:06:15.507",4624,"DESKTOP-5JEIKFF",Negotiate,1016,"2025-03-25T14:06:12.1235506Z",5,Advapi,SYSTEM
"Mar 25, 2025 @ 19:06:15.502",4624,"DESKTOP-5JEIKFF",Negotiate,1016,"2025-03-25T14:06:08.5038801Z",5,Advapi,SYSTEM
"Mar 25, 2025 @ 19:06:15.500",4624,"DESKTOP-5JEIKFF",Negotiate,1016,"2025-03-25T14:06:08.0491525Z",5,Advapi,SYSTEM
"Mar 25, 2025 @ 15:24:35.533",4624,"CP-AKT-002931",Negotiate,1080,"2025-03-25T02:34:54.5476898Z",5,Advapi,SYSTEM
"Mar 25, 2025 @ 15:24:35.449",4624,"DESKTOP-5JEIKFF",Negotiate,1016,"2025-03-25T10:24:34.4373950Z",5,Advapi,SYSTEM
"Mar 25, 2025 @ 15:24:16.383",4624,"DESKTOP-5JEIKFF",Negotiate,1016,"2025-03-25T10:24:15.4643864Z",5,Advapi,SYSTEM
"Mar 25, 2025 @ 15:24:16.372",4624,"DESKTOP-5JEIKFF",Negotiate,1016,"2025-03-25T10:24:15.3592442Z",5,Advapi,SYSTEM
"Mar 25, 2025 @ 15:23:26.453",4624,"CP-AKT-002912",Negotiate,1184,"2025-03-25T10:23:25.4008738Z",5,Advapi,SYSTEM
"Mar 25, 2025 @ 15:21:36.332",4624,"CP-AKT-002931",Negotiate,1080,"2025-03-25T02:31:55.3510694Z",5,Advapi,SYSTEM
"Mar 25, 2025 @ 15:21:10.517",4624,"CP-AKT-002907",Negotiate,1192,"2025-03-25T10:21:09.4970330Z",5,Advapi,SYSTEM
"Mar 25, 2025 @ 15:20:27.831",4624,"DESKTOP-5JEIKFF",Negotiate,1016,"2025-03-25T10:20:26.8222434Z",5,Advapi,SYSTEM
"Mar 25, 2025 @ 15:19:25.257",4624,"CP-AKT-002912",Negotiate,1184,"2025-03-25T10:19:24.1900765Z",5,Advapi,SYSTEM
"Mar 25, 2025 @ 15:19:02.966",4624,"DESKTOP-5JEIKFF",Negotiate,1016,"2025-03-25T10:19:01.9576242Z",5,Advapi,SYSTEM
"Mar 25, 2025 @ 15:15:28.794",4624,"DESKTOP-5JEIKFF",Negotiate,1016,"2025-03-25T10:15:27.7933647Z",5,Advapi,SYSTEM
"Mar 25, 2025 @ 15:15:21.235",4624,"CP-AKT-002931",Negotiate,1080,"2025-03-25T02:25:40.2601049Z",5,Advapi,SYSTEM
"Mar 25, 2025 @ 15:14:53.331",4624,"DESKTOP-5JEIKFF",Negotiate,1016,"2025-03-25T10:14:52.3230608Z",5,Advapi,SYSTEM
"Mar 25, 2025 @ 15:14:10.701",4624,"DESKTOP-5JEIKFF",Negotiate,1016,"2025-03-25T10:14:10.9065238Z",5,Advapi,SYSTEM
"Mar 25, 2025 @ 15:14:09.556",4624,"DESKTOP-5JEIKFF",Negotiate,1016,"2025-03-25T10:14:09.7683522Z",5,Advapi,SYSTEM
"Mar 25, 2025 @ 15:12:38.588",4624,"CP-AKT-002912",Negotiate,1184,"2025-03-25T10:12:37.5212192Z",5,Advapi,SYSTEM
"Mar 25, 2025 @ 15:11:42.146",4624,"CP-AKT-002931",Negotiate,1080,"2025-03-25T02:22:01.1713575Z",5,Advapi,SYSTEM
"Mar 25, 2025 @ 15:09:40.540",4624,"CP-AKT-002931",Negotiate,1080,"2025-03-25T02:19:59.5641528Z",5,Advapi,SYSTEM
"Mar 25, 2025 @ 15:08:34.062",4624,"DESKTOP-5JEIKFF",Negotiate,1016,"2025-03-25T10:08:34.2747475Z",5,Advapi,SYSTEM
"Mar 25, 2025 @ 15:07:45.652",4624,"DESKTOP-5JEIKFF",Negotiate,1016,"2025-03-25T10:07:45.8604434Z",5,Advapi,SYSTEM
"Mar 25, 2025 @ 15:07:19.829",4624,"CP-AKT-002907",Negotiate,1192,"2025-03-25T10:07:18.7478696Z",5,Advapi,SYSTEM
"Mar 25, 2025 @ 15:07:01.543",4624,"CP-AKT-002907",Negotiate,1192,"2025-03-25T10:07:00.4151947Z",5,Advapi,SYSTEM
"Mar 25, 2025 @ 15:06:56.469",4624,"CP-AKT-002907",Negotiate,1192,"2025-03-25T10:06:55.4246814Z",5,Advapi,SYSTEM
"Mar 25, 2025 @ 15:06:00.393",4624,"DESKTOP-5JEIKFF",Negotiate,1016,"2025-03-25T10:06:00.5999378Z",5,Advapi,SYSTEM
"Mar 25, 2025 @ 15:05:42.495",4624,"DESKTOP-5JEIKFF",Negotiate,1016,"2025-03-25T10:05:42.6982712Z",5,Advapi,SYSTEM
"Mar 25, 2025 @ 15:05:35.202",4624,"DESKTOP-5JEIKFF",Negotiate,1016,"2025-03-25T10:05:35.4064383Z",5,Advapi,SYSTEM
"Mar 25, 2025 @ 15:05:30.665",4624,"CP-AKT-002912",Negotiate,1184,"2025-03-25T10:05:29.5959150Z",5,Advapi,SYSTEM
"Mar 25, 2025 @ 15:05:28.347",4624,"DESKTOP-5JEIKFF",Negotiate,1016,"2025-03-25T10:05:28.5515768Z",5,Advapi,SYSTEM
"Mar 25, 2025 @ 15:05:26.910",4624,"CP-AKT-002907",Negotiate,1192,"2025-03-25T10:05:25.8659925Z",5,Advapi,SYSTEM
"Mar 25, 2025 @ 15:04:59.932",4624,"DESKTOP-5JEIKFF",Negotiate,1016,"2025-03-25T10:05:00.1265613Z",5,Advapi,SYSTEM
"Mar 25, 2025 @ 15:02:50.977",4624,"CP-AKT-002907",Negotiate,1192,"2025-03-25T10:02:42.3589520Z",5,Advapi,SYSTEM
"Mar 25, 2025 @ 15:01:36.034",4624,"DESKTOP-5JEIKFF",Negotiate,1016,"2025-03-25T10:01:18.4246641Z",5,Advapi,SYSTEM
"Mar 25, 2025 @ 15:01:05.244",4624,"DESKTOP-5JEIKFF",Negotiate,1016,"2025-03-25T10:00:48.1021091Z",5,Advapi,SYSTEM
"Mar 25, 2025 @ 15:01:05.201",4624,"CP-AKT-002912",Negotiate,1184,"2025-03-25T10:00:00.3606530Z",5,Advapi,SYSTEM
"Mar 25, 2025 @ 15:01:01.818",4624,"CP-AKT-002931",Negotiate,1080,"2025-03-25T02:10:44.2289276Z",5,Advapi,SYSTEM
"Mar 25, 2025 @ 15:01:01.126",4624,"DESKTOP-5JEIKFF",Negotiate,1016,"2025-03-25T10:00:38.3683698Z",5,Advapi,SYSTEM
"Mar 25, 2025 @ 14:58:50.949",4624,"CP-AKT-002912",Negotiate,1184,"2025-03-25T09:58:35.9789019Z",5,Advapi,SYSTEM
"Mar 25, 2025 @ 14:58:50.051",4624,"CP-AKT-002912",Negotiate,1184,"2025-03-25T09:58:35.5863921Z",5,Advapi,SYSTEM
"Mar 25, 2025 @ 14:58:50.050",4624,"DESKTOP-5JEIKFF",Negotiate,1016,"2025-03-25T09:58:10.8441230Z",5,Advapi,SYSTEM
"Mar 25, 2025 @ 14:58:26.400",4624,"DESKTOP-5JEIKFF",Negotiate,1016,"2025-03-25T09:55:02.8584478Z",5,Advapi,SYSTEM
"Mar 25, 2025 @ 14:57:07.969",4624,"CP-AKT-002907",Negotiate,1192,"2025-03-24T19:56:40.3338668Z",5,Advapi,SYSTEM
"Mar 25, 2025 @ 14:57:07.969",4624,"CP-AKT-002907",Negotiate,1192,"2025-03-24T20:30:53.4321902Z",5,Advapi,SYSTEM
"Mar 25, 2025 @ 14:57:07.969",4625,"CP-AKT-002907",NTLM,1192,"2025-03-24T20:31:11.1945669Z",3,NtLmSsp,Administrator
"Mar 25, 2025 @ 14:57:07.969",4625,"CP-AKT-002907",NTLM,1192,"2025-03-24T20:31:13.2446839Z",3,NtLmSsp,Administrator
"Mar 25, 2025 @ 14:57:07.969",4625,"CP-AKT-002907",NTLM,1192,"2025-03-24T20:31:12.2133266Z",3,NtLmSsp,Administrator
"Mar 25, 2025 @ 14:57:07.968",4624,"CP-AKT-002907",Negotiate,1192,"2025-03-24T19:30:43.2774961Z",5,Advapi,SYSTEM
"Mar 25, 2025 @ 14:57:07.968",4625,"CP-AKT-002907",NTLM,1192,"2025-03-24T19:29:58.1360495Z",3,NtLmSsp,Administrator
"Mar 25, 2025 @ 14:57:07.968",4624,"CP-AKT-002907",Negotiate,1192,"2025-03-24T19:08:32.9716752Z",5,Advapi,SYSTEM
"Mar 25, 2025 @ 14:57:07.968",4624,"CP-AKT-002907",Negotiate,1192,"2025-03-24T19:25:22.1705919Z",5,Advapi,SYSTEM
"Mar 25, 2025 @ 14:57:07.968",4625,"CP-AKT-002907",NTLM,1192,"2025-03-24T19:29:56.0776731Z",3,NtLmSsp,Administrator
"Mar 25, 2025 @ 14:57:07.968",4625,"CP-AKT-002907",NTLM,1192,"2025-03-24T19:29:57.1155146Z",3,NtLmSsp,Administrator
"Mar 25, 2025 @ 00:04:19.442",4624,"DESKTOP-5JEIKFF",Negotiate,1016,"2025-03-24T19:04:19.0397897Z",5,Advapi,SYSTEM
"Mar 25, 2025 @ 00:00:24.330",4624,"CP-AKT-002931",Negotiate,1080,"2025-03-24T11:10:43.7827170Z",5,Advapi,SYSTEM
"Mar 24, 2025 @ 23:58:16.678",4624,"CP-AKT-002907",Negotiate,1192,"2025-03-24T18:58:15.5798467Z",5,Advapi,SYSTEM
"Mar 24, 2025 @ 23:58:04.418",4624,"CP-AKT-002907",Negotiate,1192,"2025-03-24T18:58:03.2874090Z",5,Advapi,SYSTEM
"Mar 24, 2025 @ 23:58:02.360",4624,"CP-AKT-002931",Negotiate,1080,"2025-03-24T11:08:21.8039876Z",5,Advapi,SYSTEM
"Mar 24, 2025 @ 23:58:01.364",4624,"CP-AKT-002907",Negotiate,1192,"2025-03-24T18:58:00.2487419Z",5,Advapi,SYSTEM
"Mar 24, 2025 @ 23:57:54.642",4624,"CP-AKT-002907",Negotiate,1192,"2025-03-24T18:57:53.6277281Z",5,Advapi,SYSTEM
"Mar 24, 2025 @ 23:57:54.595",4624,"CP-AKT-002907",Negotiate,1192,"2025-03-24T18:57:53.4874680Z",5,Advapi,SYSTEM
"Mar 24, 2025 @ 23:56:41.380",4624,"CP-AKT-002907",Negotiate,1192,"2025-03-24T18:56:40.2709586Z",5,Advapi,SYSTEM
"Mar 24, 2025 @ 23:51:27.768",4624,"CP-AKT-002931",Negotiate,1080,"2025-03-24T11:01:47.2056543Z",5,Advapi,SYSTEM
"Mar 24, 2025 @ 23:51:12.891",4624,"DESKTOP-5JEIKFF",Negotiate,1016,"2025-03-24T18:51:12.4734654Z",5,Advapi,SYSTEM
"Mar 24, 2025 @ 23:48:12.585",4624,"DESKTOP-5JEIKFF",Negotiate,1016,"2025-03-24T18:48:12.1815771Z",5,Advapi,SYSTEM
"Mar 24, 2025 @ 23:48:11.419",4624,"DESKTOP-5JEIKFF",Negotiate,1016,"2025-03-24T18:48:11.2372052Z",5,Advapi,SYSTEM
"Mar 24, 2025 @ 23:48:11.417",4624,"DESKTOP-5JEIKFF",Negotiate,1016,"2025-03-24T18:48:11.0137073Z",5,Advapi,SYSTEM
"Mar 24, 2025 @ 23:42:08.073",4624,"DESKTOP-5JEIKFF",Negotiate,1016,"2025-03-24T18:42:07.6714773Z",5,Advapi,SYSTEM
"Mar 24, 2025 @ 23:35:04.992",4624,"DESKTOP-5JEIKFF",Negotiate,1016,"2025-03-24T18:35:04.9165494Z",5,Advapi,SYSTEM
"Mar 24, 2025 @ 23:35:04.989",4624,"DESKTOP-5JEIKFF",Negotiate,1016,"2025-03-24T18:35:04.6627462Z",5,Advapi,SYSTEM
"Mar 24, 2025 @ 23:35:04.984",4624,"DESKTOP-5JEIKFF",Negotiate,1016,"2025-03-24T18:35:04.6066544Z",5,Advapi,SYSTEM
"Mar 24, 2025 @ 23:34:08.746",4624,"DESKTOP-5JEIKFF",Negotiate,1016,"2025-03-24T18:34:08.3810682Z",5,Advapi,SYSTEM
"Mar 24, 2025 @ 23:34:08.699",4624,"DESKTOP-5JEIKFF",Negotiate,1016,"2025-03-24T18:34:08.3352112Z",5,Advapi,SYSTEM
"Mar 24, 2025 @ 23:32:54.146",4624,"CP-AKT-002911",Negotiate,1112,"2025-03-24T18:32:53.0505944Z",5,Advapi,SYSTEM
"Mar 24, 2025 @ 23:31:53.870",4624,"DESKTOP-5JEIKFF",Negotiate,1016,"2025-03-24T18:31:53.5304173Z",5,Advapi,SYSTEM
"Mar 24, 2025 @ 23:30:34.305",4624,"CP-AKT-002907",Negotiate,1192,"2025-03-24T18:30:33.1507247Z",5,Advapi,SYSTEM
"Mar 24, 2025 @ 23:30:29.902",4624,"CP-AKT-002931",Negotiate,1080,"2025-03-24T10:40:49.4550338Z",5,Advapi,SYSTEM
"Mar 24, 2025 @ 23:29:49.112",4625,"CP-AKT-002911",NTLM,1112,"2025-03-24T18:29:48.0857630Z",3,NtLmSsp,Administrator
"Mar 24, 2025 @ 23:29:48.093",4625,"CP-AKT-002911",NTLM,1112,"2025-03-24T18:29:47.0585194Z",3,NtLmSsp,Administrator
"Mar 24, 2025 @ 23:29:47.063",4625,"CP-AKT-002911",NTLM,1112,"2025-03-24T18:29:46.0275536Z",3,NtLmSsp,Administrator
"Mar 24, 2025 @ 23:28:57.802",4624,"CP-AKT-002931",Negotiate,1080,"2025-03-24T10:39:17.3678067Z",5,Advapi,SYSTEM
"Mar 24, 2025 @ 23:28:54.970",4624,"CP-AKT-002931",Negotiate,1080,"2025-03-24T10:39:14.4964802Z",5,Advapi,SYSTEM
"Mar 24, 2025 @ 23:28:54.149",4625,"CP-AKT-002907",NTLM,1192,"2025-03-24T18:28:53.1525311Z",3,NtLmSsp,Administrator
"Mar 24, 2025 @ 23:28:53.132",4625,"CP-AKT-002907",NTLM,1192,"2025-03-24T18:28:52.1246061Z",3,NtLmSsp,Administrator
"Mar 24, 2025 @ 23:28:52.104",4625,"CP-AKT-002907",NTLM,1192,"2025-03-24T18:28:51.1059921Z",3,NtLmSsp,Administrator
"Mar 24, 2025 @ 23:27:38.639",4625,"CP-AKT-002912",NTLM,1184,"2025-03-24T18:27:37.6291682Z",3,NtLmSsp,Administrator
"Mar 24, 2025 @ 23:27:37.622",4625,"CP-AKT-002912",NTLM,1184,"2025-03-24T18:27:36.6157592Z",3,NtLmSsp,Administrator
"Mar 24, 2025 @ 23:27:36.612",4625,"CP-AKT-002912",NTLM,1184,"2025-03-24T18:27:35.5960255Z",3,NtLmSsp,Administrator
"Mar 24, 2025 @ 23:23:01.428",4624,"DESKTOP-5JEIKFF",Negotiate,1016,"2025-03-24T18:23:01.0749490Z",5,Advapi,SYSTEM
"Mar 24, 2025 @ 23:22:25.485",4624,"CP-AKT-002931",Negotiate,1080,"2025-03-24T10:32:44.9791154Z",5,Advapi,SYSTEM
"Mar 24, 2025 @ 23:21:27.502",4624,"CP-AKT-002931",Negotiate,1080,"2025-03-24T10:31:46.9619602Z",5,Advapi,SYSTEM
"Mar 24, 2025 @ 23:21:12.848",4624,"DESKTOP-5JEIKFF",Negotiate,1016,"2025-03-24T18:21:12.4611752Z",5,Advapi,SYSTEM
"Mar 24, 2025 @ 23:17:42.035",4624,"CP-AKT-002911",Negotiate,1112,"2025-03-24T18:17:40.9041970Z",5,Advapi,SYSTEM
"Mar 24, 2025 @ 23:17:17.845",4624,"DESKTOP-5JEIKFF",Negotiate,1016,"2025-03-24T18:17:17.4866147Z",5,Advapi,SYSTEM
"Mar 24, 2025 @ 23:14:40.931",4624,"CP-AKT-002907",Negotiate,1192,"2025-03-24T18:14:39.9037164Z",5,Advapi,SYSTEM
"Mar 24, 2025 @ 23:13:43.080",4624,"DESKTOP-5JEIKFF",Negotiate,1016,"2025-03-24T18:13:43.4032661Z",5,Advapi,SYSTEM
"Mar 24, 2025 @ 23:13:42.744",4624,"DESKTOP-5JEIKFF",Negotiate,1016,"2025-03-24T18:13:42.4926411Z",5,Advapi,SYSTEM
"Mar 24, 2025 @ 23:11:37.937",4624,"CP-AKT-002931",Negotiate,1080,"2025-03-24T10:21:57.4538224Z",5,Advapi,SYSTEM
"Mar 24, 2025 @ 23:06:24.024",4624,"CP-AKT-002912",Negotiate,1184,"2025-03-24T18:06:23.0184618Z",5,Advapi,SYSTEM
"Mar 24, 2025 @ 23:04:19.310",4624,"DESKTOP-5JEIKFF",Negotiate,1016,"2025-03-24T18:04:19.0455785Z",5,Advapi,SYSTEM
"Mar 24, 2025 @ 23:00:24.197",4624,"CP-AKT-002931",Negotiate,1080,"2025-03-24T10:10:43.7780150Z",5,Advapi,SYSTEM
"Mar 24, 2025 @ 22:57:14.331",4624,"CP-AKT-002912",Negotiate,1184,"2025-03-24T17:57:13.3115228Z",5,Advapi,SYSTEM
"Mar 24, 2025 @ 22:56:41.221",4624,"CP-AKT-002907",Negotiate,1192,"2025-03-24T17:56:40.2215099Z",5,Advapi,SYSTEM
"Mar 24, 2025 @ 22:54:42.123",4624,"CP-AKT-002907",Negotiate,1192,"2025-03-24T17:54:41.1354730Z",5,Advapi,SYSTEM
"Mar 24, 2025 @ 22:54:42.110",4624,"CP-AKT-002907",Negotiate,1192,"2025-03-24T17:54:41.1081912Z",5,Advapi,SYSTEM
"Mar 24, 2025 @ 22:51:27.146",4624,"CP-AKT-002931",Negotiate,1080,"2025-03-24T10:01:46.6971261Z",5,Advapi,SYSTEM
"Mar 24, 2025 @ 22:51:05.974",4624,"DESKTOP-5JEIKFF",Negotiate,1016,"2025-03-24T17:51:05.6834425Z",5,Advapi,SYSTEM
"Mar 24, 2025 @ 22:39:10.607",4624,"CP-AKT-002911",Negotiate,1112,"2025-03-24T17:39:09.5201540Z",5,Advapi,SYSTEM
"Mar 24, 2025 @ 22:35:21.525",4624,"DESKTOP-5JEIKFF",Negotiate,1016,"2025-03-24T17:35:21.2194489Z",5,Advapi,SYSTEM
"Mar 24, 2025 @ 22:35:18.515",4624,"DESKTOP-5JEIKFF",Negotiate,1016,"2025-03-24T17:35:18.2010729Z",5,Advapi,SYSTEM
"Mar 24, 2025 @ 22:35:18.466",4624,"DESKTOP-5JEIKFF",Negotiate,1016,"2025-03-24T17:35:18.1621599Z",5,Advapi,SYSTEM
"Mar 24, 2025 @ 22:33:31.186",4624,"DESKTOP-5JEIKFF",Negotiate,1016,"2025-03-24T17:33:30.8770483Z",5,Advapi,SYSTEM
"Mar 24, 2025 @ 22:30:29.835",4624,"CP-AKT-002907",Negotiate,1192,"2025-03-24T17:30:28.7630043Z",5,Advapi,SYSTEM
"Mar 24, 2025 @ 22:30:27.270",4624,"CP-AKT-002931",Negotiate,1080,"2025-03-24T09:40:46.7972597Z",5,Advapi,SYSTEM
"Mar 24, 2025 @ 22:29:18.102",4624,"DESKTOP-5JEIKFF",Negotiate,1016,"2025-03-24T17:29:18.0127828Z",5,Advapi,SYSTEM
"Mar 24, 2025 @ 22:29:18.101",4624,"DESKTOP-5JEIKFF",Negotiate,1016,"2025-03-24T17:29:17.7599924Z",5,Advapi,SYSTEM
"Mar 24, 2025 @ 22:29:18.006",4624,"DESKTOP-5JEIKFF",Negotiate,1016,"2025-03-24T17:29:17.7048781Z",5,Advapi,SYSTEM
"Mar 24, 2025 @ 22:28:39.174",4625,"CP-AKT-002911",NTLM,1112,"2025-03-24T17:28:38.0967656Z",3,NtLmSsp,Administrator
"Mar 24, 2025 @ 22:28:38.141",4625,"CP-AKT-002911",NTLM,1112,"2025-03-24T17:28:37.0641231Z",3,NtLmSsp,Administrator
"Mar 24, 2025 @ 22:28:37.092",4625,"CP-AKT-002911",NTLM,1112,"2025-03-24T17:28:36.0246614Z",3,NtLmSsp,Administrator
"Mar 24, 2025 @ 22:27:44.131",4625,"CP-AKT-002907",NTLM,1192,"2025-03-24T17:27:43.0802545Z",3,NtLmSsp,Administrator
"Mar 24, 2025 @ 22:27:43.116",4625,"CP-AKT-002907",NTLM,1192,"2025-03-24T17:27:42.0628070Z",3,NtLmSsp,Administrator
"Mar 24, 2025 @ 22:27:42.101",4625,"CP-AKT-002907",NTLM,1192,"2025-03-24T17:27:41.0483702Z",3,NtLmSsp,Administrator
"Mar 24, 2025 @ 22:25:34.413",4624,"CP-AKT-002931",Negotiate,1080,"2025-03-24T09:35:53.9496675Z",5,Advapi,SYSTEM
"Mar 24, 2025 @ 22:25:23.409",4625,"CP-AKT-002912",NTLM,1184,"2025-03-24T17:25:22.3308058Z",3,NtLmSsp,Administrator
"Mar 24, 2025 @ 22:25:22.856",4624,"CP-AKT-002907",Negotiate,1192,"2025-03-24T17:25:21.7951271Z",5,Advapi,SYSTEM
"Mar 24, 2025 @ 22:25:22.395",4625,"CP-AKT-002912",NTLM,1184,"2025-03-24T17:25:21.3149880Z",3,NtLmSsp,Administrator
"Mar 24, 2025 @ 22:25:21.371",4625,"CP-AKT-002912",NTLM,1184,"2025-03-24T17:25:20.2903629Z",3,NtLmSsp,Administrator
"Mar 24, 2025 @ 22:25:06.470",4624,"DESKTOP-5JEIKFF",Negotiate,1016,"2025-03-24T17:25:06.1657950Z",5,Advapi,SYSTEM
"Mar 24, 2025 @ 22:22:25.525",4624,"CP-AKT-002931",Negotiate,1080,"2025-03-24T09:32:45.0329223Z",5,Advapi,SYSTEM
"Mar 24, 2025 @ 22:21:26.888",4624,"CP-AKT-002931",Negotiate,1080,"2025-03-24T09:31:46.3863038Z",5,Advapi,SYSTEM
"Mar 24, 2025 @ 22:21:12.801",4624,"DESKTOP-5JEIKFF",Negotiate,1016,"2025-03-24T17:21:12.4674484Z",5,Advapi,SYSTEM
"Mar 24, 2025 @ 22:21:07.163",4624,"DESKTOP-5JEIKFF",Negotiate,1016,"2025-03-24T17:21:06.8259077Z",5,Advapi,SYSTEM
"Mar 24, 2025 @ 22:17:25.346",4624,"CP-AKT-002911",Negotiate,1112,"2025-03-24T17:17:24.2524267Z",5,Advapi,SYSTEM
"Mar 24, 2025 @ 22:17:20.968",4624,"CP-AKT-002911",Negotiate,1112,"2025-03-24T17:17:19.8671399Z",5,Advapi,SYSTEM
"Mar 24, 2025 @ 22:15:13.042",4624,"DESKTOP-5JEIKFF",Negotiate,1016,"2025-03-24T17:15:12.7385893Z",5,Advapi,SYSTEM
"Mar 24, 2025 @ 22:14:26.538",4624,"CP-AKT-002907",Negotiate,1192,"2025-03-24T17:14:25.4784598Z",5,Advapi,SYSTEM
"Mar 24, 2025 @ 22:08:36.847",4624,"DESKTOP-5JEIKFF",Negotiate,1016,"2025-03-24T17:08:37.0593094Z",5,Advapi,SYSTEM
"Mar 24, 2025 @ 22:08:19.005",4624,"CP-AKT-002912",Negotiate,1184,"2025-03-24T17:08:17.9374698Z",5,Advapi,SYSTEM
"Mar 24, 2025 @ 22:08:14.818",4624,"CP-AKT-002912",Negotiate,1184,"2025-03-24T17:08:13.7564187Z",5,Advapi,SYSTEM
"Mar 24, 2025 @ 22:06:24.012",4624,"CP-AKT-002912",Negotiate,1184,"2025-03-24T17:06:22.9826590Z",5,Advapi,SYSTEM
"Mar 24, 2025 @ 22:04:49.644",4624,"CP-AKT-002931",Negotiate,1080,"2025-03-24T09:15:09.2132257Z",5,Advapi,SYSTEM
"Mar 24, 2025 @ 22:04:19.325",4624,"DESKTOP-5JEIKFF",Negotiate,1016,"2025-03-24T17:04:19.0575040Z",5,Advapi,SYSTEM
"Mar 24, 2025 @ 21:55:33.388",4624,"CP-AKT-002912",Negotiate,1184,"2025-03-24T17:01:36.4254483Z",5,Advapi,SYSTEM
"Mar 24, 2025 @ 21:55:20.089",4624,"CP-AKT-002931",Negotiate,1080,"2025-03-24T09:11:43.7722596Z",5,Advapi,SYSTEM
"Mar 24, 2025 @ 21:54:20.070",4624,"CP-AKT-002931",Negotiate,1080,"2025-03-24T09:10:43.7473012Z",5,Advapi,SYSTEM
"Mar 24, 2025 @ 21:52:10.216",4624,"DESKTOP-5JEIKFF",Negotiate,1016,"2025-03-24T16:58:14.5425894Z",5,Advapi,SYSTEM
"Mar 24, 2025 @ 21:52:10.214",4624,"DESKTOP-5JEIKFF",Negotiate,1016,"2025-03-24T16:58:14.0668037Z",5,Advapi,SYSTEM
"Mar 24, 2025 @ 21:51:56.524",4624,"DESKTOP-5JEIKFF",Negotiate,1016,"2025-03-24T16:58:00.3747372Z",5,Advapi,SYSTEM
"Mar 24, 2025 @ 21:50:37.093",4624,"CP-AKT-002907",Negotiate,1192,"2025-03-24T16:56:40.1779588Z",5,Advapi,SYSTEM
"Mar 24, 2025 @ 21:49:48.738",4624,"DESKTOP-5JEIKFF",Negotiate,1016,"2025-03-24T16:55:52.5438314Z",5,Advapi,SYSTEM
"Mar 24, 2025 @ 21:45:22.457",4624,"CP-AKT-002931",Negotiate,1080,"2025-03-24T09:01:46.1339979Z",5,Advapi,SYSTEM
"Mar 24, 2025 @ 21:44:47.265",4624,"CP-AKT-002931",Negotiate,1080,"2025-03-24T08:59:15.8021536Z",5,Advapi,SYSTEM
"Mar 24, 2025 @ 21:44:41.381",4624,"DESKTOP-5JEIKFF",Negotiate,1016,"2025-03-24T16:50:35.3158625Z",5,Advapi,SYSTEM
"Mar 24, 2025 @ 21:44:41.378",4624,"DESKTOP-5JEIKFF",Negotiate,1016,"2025-03-24T16:50:35.2388065Z",5,Advapi,SYSTEM
"Mar 24, 2025 @ 21:44:07.613",4624,"DESKTOP-5JEIKFF",Negotiate,1016,"2025-03-24T16:50:11.4739836Z",2,User32,Project
"Mar 24, 2025 @ 21:44:07.612",4624,"DESKTOP-5JEIKFF",Negotiate,1016,"2025-03-24T16:50:11.4739752Z",2,User32,Project
"Mar 24, 2025 @ 21:44:07.238",4624,"DESKTOP-5JEIKFF",Negotiate,1016,"2025-03-24T16:50:07.7025324Z",5,Advapi,SYSTEM
"Mar 24, 2025 @ 21:44:07.232",4624,"DESKTOP-5JEIKFF",Negotiate,1016,"2025-03-24T16:50:05.5016717Z",5,Advapi,SYSTEM
"Mar 24, 2025 @ 21:44:07.226",4624,"DESKTOP-5JEIKFF",Negotiate,1016,"2025-03-24T16:50:04.6737932Z",5,Advapi,SYSTEM
"Mar 24, 2025 @ 21:43:26.388",4624,"CP-AKT-002911",Negotiate,1112,"2025-03-24T16:43:25.3091955Z",5,Advapi,SYSTEM
"Mar 24, 2025 @ 21:42:08.308",4624,"DESKTOP-5JEIKFF",Negotiate,1016,"2025-03-24T16:42:07.7160858Z",5,Advapi,SYSTEM
"Mar 24, 2025 @ 21:38:44.975",4624,"DESKTOP-5JEIKFF",Negotiate,1016,"2025-03-24T16:38:44.3896281Z",5,Advapi,SYSTEM
"Mar 24, 2025 @ 21:34:22.258",4624,"CP-AKT-002931",Negotiate,1080,"2025-03-24T08:44:41.8124258Z",5,Advapi,SYSTEM
"Mar 24, 2025 @ 21:32:55.971",4624,"CP-AKT-002908",Negotiate,1032,"2025-03-24T16:32:54.9116665Z",5,Advapi,SYSTEM
"Mar 24, 2025 @ 21:30:29.523",4624,"CP-AKT-002931",Negotiate,1080,"2025-03-24T08:40:49.0816078Z",5,Advapi,SYSTEM
"Mar 24, 2025 @ 21:30:19.723",4624,"CP-AKT-002907",Negotiate,1192,"2025-03-24T16:30:18.6492171Z",5,Advapi,SYSTEM
"Mar 24, 2025 @ 21:29:23.806",4624,"CP-AKT-002911",Negotiate,1112,"2025-03-24T16:29:22.7345620Z",5,Advapi,SYSTEM
"Mar 24, 2025 @ 21:25:48.803",4625,"CP-AKT-002911",NTLM,1112,"2025-03-24T16:25:47.7336855Z",3,NtLmSsp,Administrator
"Mar 24, 2025 @ 21:25:47.768",4625,"CP-AKT-002911",NTLM,1112,"2025-03-24T16:25:46.7004132Z",3,NtLmSsp,Administrator
"Mar 24, 2025 @ 21:25:46.736",4625,"CP-AKT-002911",NTLM,1112,"2025-03-24T16:25:45.6677613Z",3,NtLmSsp,Administrator
"Mar 24, 2025 @ 21:25:18.861",4625,"CP-AKT-002907",NTLM,1192,"2025-03-24T16:25:17.8213542Z",3,NtLmSsp,Administrator
"Mar 24, 2025 @ 21:25:17.843",4625,"CP-AKT-002907",NTLM,1192,"2025-03-24T16:25:16.8059458Z",3,NtLmSsp,Administrator
"Mar 24, 2025 @ 21:25:16.828",4625,"CP-AKT-002907",NTLM,1192,"2025-03-24T16:25:15.7875765Z",3,NtLmSsp,Administrator
"Mar 24, 2025 @ 21:24:18.389",4625,"CP-AKT-002912",NTLM,1184,"2025-03-24T16:24:17.3194905Z",3,NtLmSsp,Administrator
"Mar 24, 2025 @ 21:24:17.373",4625,"CP-AKT-002912",NTLM,1184,"2025-03-24T16:24:16.3079369Z",3,NtLmSsp,Administrator
"Mar 24, 2025 @ 21:24:16.361",4625,"CP-AKT-002912",NTLM,1184,"2025-03-24T16:24:15.2910027Z",3,NtLmSsp,Administrator
"Mar 24, 2025 @ 21:23:17.478",4624,"DESKTOP-5JEIKFF",Negotiate,1016,"2025-03-24T16:23:17.0327480Z",5,Advapi,SYSTEM
"Mar 24, 2025 @ 21:22:25.325",4624,"CP-AKT-002931",Negotiate,1080,"2025-03-24T08:32:44.9046252Z",5,Advapi,SYSTEM
"Mar 24, 2025 @ 21:22:09.871",4624,"DESKTOP-5JEIKFF",Negotiate,1016,"2025-03-24T16:22:09.3282623Z",5,Advapi,SYSTEM
"Mar 24, 2025 @ 21:22:08.744",4624,"DESKTOP-5JEIKFF",Negotiate,1016,"2025-03-24T16:22:08.9329799Z",5,Advapi,SYSTEM
"Mar 24, 2025 @ 21:22:08.737",4624,"DESKTOP-5JEIKFF",Negotiate,1016,"2025-03-24T16:22:08.1888871Z",5,Advapi,SYSTEM
"Mar 24, 2025 @ 21:21:26.283",4624,"CP-AKT-002931",Negotiate,1080,"2025-03-24T08:31:45.8460278Z",5,Advapi,SYSTEM
"Mar 24, 2025 @ 21:18:08.380",4624,"CP-AKT-002908",Negotiate,1032,"2025-03-24T16:18:07.3317548Z",5,Advapi,SYSTEM
"Mar 24, 2025 @ 21:17:46.187",4624,"DESKTOP-5JEIKFF",Negotiate,1016,"2025-03-24T16:17:44.8372089Z",5,Advapi,SYSTEM
"Mar 24, 2025 @ 21:17:29.396",4624,"CP-AKT-002911",Negotiate,1112,"2025-03-24T16:17:28.3220014Z",5,Advapi,SYSTEM
"Mar 24, 2025 @ 21:17:18.728",4624,"DESKTOP-5JEIKFF",Negotiate,1016,"2025-03-24T16:17:18.1880705Z",5,Advapi,SYSTEM
"Mar 24, 2025 @ 21:17:16.935",4624,"DESKTOP-5JEIKFF",Negotiate,1016,"2025-03-24T16:17:16.6604727Z",5,Advapi,SYSTEM
"Mar 24, 2025 @ 21:17:16.930",4624,"DESKTOP-5JEIKFF",Negotiate,1016,"2025-03-24T16:17:16.4419666Z",5,Advapi,SYSTEM
"Mar 24, 2025 @ 21:17:16.886",4624,"DESKTOP-5JEIKFF",Negotiate,1016,"2025-03-24T16:17:16.4090537Z",5,Advapi,SYSTEM
"Mar 24, 2025 @ 21:17:16.880",4624,"DESKTOP-5JEIKFF",Negotiate,1016,"2025-03-24T16:17:16.3903598Z",5,Advapi,SYSTEM
"Mar 24, 2025 @ 21:17:16.877",4624,"DESKTOP-5JEIKFF",Negotiate,1016,"2025-03-24T16:17:16.3371756Z",5,Advapi,SYSTEM
"Mar 24, 2025 @ 21:14:03.691",4624,"CP-AKT-002907",Negotiate,1192,"2025-03-24T16:14:02.6533014Z",5,Advapi,SYSTEM
"Mar 24, 2025 @ 21:11:49.393",4624,"CP-AKT-002907",Negotiate,1192,"2025-03-24T16:11:48.3433739Z",5,Advapi,SYSTEM
"Mar 24, 2025 @ 21:10:18.618",4624,"CP-AKT-002931",Negotiate,1080,"2025-03-24T08:20:38.1940419Z",5,Advapi,SYSTEM
"Mar 24, 2025 @ 21:06:24.061",4624,"CP-AKT-002912",Negotiate,1184,"2025-03-24T16:06:22.9886665Z",5,Advapi,SYSTEM
"Mar 24, 2025 @ 21:06:24.058",4624,"CP-AKT-002912",Negotiate,1184,"2025-03-24T16:06:22.9828479Z",5,Advapi,SYSTEM
"Mar 24, 2025 @ 21:04:19.582",4624,"DESKTOP-5JEIKFF",Negotiate,1016,"2025-03-24T16:04:19.0445428Z",5,Advapi,SYSTEM
"Mar 24, 2025 @ 21:03:08.131",4624,"CP-AKT-002908",Negotiate,1032,"2025-03-24T16:03:07.0519182Z",5,Advapi,SYSTEM
"Mar 24, 2025 @ 21:01:19.713",4624,"DESKTOP-5JEIKFF",Negotiate,1016,"2025-03-24T16:01:19.1703555Z",5,Advapi,SYSTEM
"Mar 24, 2025 @ 21:00:24.163",4624,"CP-AKT-002931",Negotiate,1080,"2025-03-24T08:10:43.7367631Z",5,Advapi,SYSTEM
"Mar 24, 2025 @ 20:58:03.666",4624,"DESKTOP-5JEIKFF",Negotiate,1016,"2025-03-24T15:58:03.1187181Z",5,Advapi,SYSTEM
"Mar 24, 2025 @ 20:56:44.938",4624,"DESKTOP-5JEIKFF",Negotiate,1016,"2025-03-24T15:56:44.3862221Z",5,Advapi,SYSTEM
"Mar 24, 2025 @ 20:56:41.190",4624,"CP-AKT-002907",Negotiate,1192,"2025-03-24T15:56:40.1274746Z",5,Advapi,SYSTEM
"Mar 24, 2025 @ 20:51:54.155",4624,"CP-AKT-002931",Negotiate,1080,"2025-03-24T08:02:13.7001086Z",5,Advapi,SYSTEM
"Mar 24, 2025 @ 20:51:26.043",4624,"CP-AKT-002931",Negotiate,1080,"2025-03-24T08:01:45.5702150Z",5,Advapi,SYSTEM
"Mar 24, 2025 @ 20:47:30.909",4624,"DESKTOP-5JEIKFF",Negotiate,1016,"2025-03-24T15:47:30.3214171Z",5,Advapi,SYSTEM
"Mar 24, 2025 @ 20:47:01.094",4624,"CP-AKT-002907",Negotiate,1192,"2025-03-24T15:46:59.9859348Z",5,Advapi,SYSTEM
"Mar 24, 2025 @ 20:46:59.889",4624,"CP-AKT-002907",Negotiate,1192,"2025-03-24T15:46:59.4732712Z",5,Advapi,SYSTEM
"Mar 24, 2025 @ 20:46:59.876",4624,"CP-AKT-002907",Negotiate,1192,"2025-03-24T15:46:58.7516363Z",5,Advapi,SYSTEM
"Mar 24, 2025 @ 20:46:25.012",4624,"CP-AKT-002907",Negotiate,1192,"2025-03-24T15:46:23.9160748Z",5,Advapi,SYSTEM
"Mar 24, 2025 @ 20:40:50.994",4624,"DESKTOP-5JEIKFF",Negotiate,1016,"2025-03-24T15:40:50.4192865Z",5,Advapi,SYSTEM
"Mar 24, 2025 @ 20:39:10.651",4624,"CP-AKT-002911",Negotiate,1112,"2025-03-24T15:39:09.4967902Z",5,Advapi,SYSTEM
"Mar 24, 2025 @ 20:37:04.338",4624,"CP-AKT-002907",Negotiate,1192,"2025-03-24T15:37:03.2383845Z",5,Advapi,SYSTEM
"Mar 24, 2025 @ 20:35:40.231",4624,"CP-AKT-002931",Negotiate,1080,"2025-03-24T07:45:59.7764139Z",5,Advapi,SYSTEM
"Mar 24, 2025 @ 20:35:32.192",4624,"DESKTOP-5JEIKFF",Negotiate,1016,"2025-03-24T15:35:31.6312692Z",5,Advapi,SYSTEM
"Mar 24, 2025 @ 20:35:01.842",4624,"DESKTOP-5JEIKFF",Negotiate,1016,"2025-03-24T15:35:01.2845124Z",5,Advapi,SYSTEM
"Mar 24, 2025 @ 20:34:15.991",4624,"DESKTOP-5JEIKFF",Negotiate,1016,"2025-03-24T15:34:15.4337666Z",5,Advapi,SYSTEM
"Mar 24, 2025 @ 20:30:27.248",4624,"CP-AKT-002931",Negotiate,1080,"2025-03-24T07:40:46.7954387Z",5,Advapi,SYSTEM
"Mar 24, 2025 @ 20:30:16.110",4624,"DESKTOP-5JEIKFF",Negotiate,1016,"2025-03-24T15:30:15.5553630Z",5,Advapi,SYSTEM
"Mar 24, 2025 @ 20:28:58.919",4624,"CP-AKT-002907",Negotiate,1192,"2025-03-24T15:28:57.8291438Z",5,Advapi,SYSTEM
"Mar 24, 2025 @ 20:26:19.050",4625,"CP-AKT-002911",NTLM,1112,"2025-03-24T15:26:17.9332430Z",3,NtLmSsp,Administrator
"Mar 24, 2025 @ 20:26:18.015",4625,"CP-AKT-002911",NTLM,1112,"2025-03-24T15:26:16.8997205Z",3,NtLmSsp,Administrator
"Mar 24, 2025 @ 20:26:16.983",4625,"CP-AKT-002911",NTLM,1112,"2025-03-24T15:26:15.8698892Z",3,NtLmSsp,Administrator
"Mar 24, 2025 @ 20:26:14.421",4624,"DESKTOP-5JEIKFF",Negotiate,1016,"2025-03-24T15:26:13.8653882Z",5,Advapi,SYSTEM
"Mar 24, 2025 @ 20:25:24.048",4625,"CP-AKT-002907",NTLM,1192,"2025-03-24T15:25:22.9626782Z",3,NtLmSsp,Administrator
"Mar 24, 2025 @ 20:25:23.032",4625,"CP-AKT-002907",NTLM,1192,"2025-03-24T15:25:21.9453364Z",3,NtLmSsp,Administrator
"Mar 24, 2025 @ 20:25:22.023",4624,"CP-AKT-002907",Negotiate,1192,"2025-03-24T15:25:21.1949118Z",5,Advapi,SYSTEM
"Mar 24, 2025 @ 20:25:22.021",4625,"CP-AKT-002907",NTLM,1192,"2025-03-24T15:25:20.9322144Z",3,NtLmSsp,Administrator
"Mar 24, 2025 @ 20:24:08.597",4625,"CP-AKT-002912",NTLM,1184,"2025-03-24T15:24:07.5008405Z",3,NtLmSsp,Administrator
"Mar 24, 2025 @ 20:24:07.579",4625,"CP-AKT-002912",NTLM,1184,"2025-03-24T15:24:06.4712186Z",3,NtLmSsp,Administrator
"Mar 24, 2025 @ 20:24:06.550",4625,"CP-AKT-002912",NTLM,1184,"2025-03-24T15:24:05.4492787Z",3,NtLmSsp,Administrator
"Mar 24, 2025 @ 20:22:45.787",4624,"CP-AKT-002931",Negotiate,1080,"2025-03-24T07:33:05.3459629Z",5,Advapi,SYSTEM
"Mar 24, 2025 @ 20:22:25.217",4624,"CP-AKT-002931",Negotiate,1080,"2025-03-24T07:32:44.7818262Z",5,Advapi,SYSTEM
"Mar 24, 2025 @ 20:21:25.801",4624,"CP-AKT-002931",Negotiate,1080,"2025-03-24T07:31:45.3614944Z",5,Advapi,SYSTEM
"Mar 24, 2025 @ 20:18:08.214",4624,"CP-AKT-002907",Negotiate,1192,"2025-03-24T15:18:07.1235241Z",5,Advapi,SYSTEM
"Mar 24, 2025 @ 20:17:19.268",4624,"CP-AKT-002911",Negotiate,1112,"2025-03-24T15:17:18.1123405Z",5,Advapi,SYSTEM
"Mar 24, 2025 @ 20:16:11.940",4624,"CP-AKT-002907",Negotiate,1192,"2025-03-24T15:16:10.8318973Z",5,Advapi,SYSTEM
"Mar 24, 2025 @ 20:13:40.312",4624,"CP-AKT-002907",Negotiate,1192,"2025-03-24T15:13:39.2312169Z",5,Advapi,SYSTEM
"Mar 24, 2025 @ 20:12:04.724",4624,"DESKTOP-5JEIKFF",Negotiate,1016,"2025-03-24T15:12:04.1823551Z",5,Advapi,SYSTEM
"Mar 24, 2025 @ 20:09:55.543",4624,"DESKTOP-5JEIKFF",Negotiate,1016,"2025-03-24T15:09:55.0099531Z",5,Advapi,SYSTEM
"Mar 24, 2025 @ 20:06:24.069",4624,"CP-AKT-002912",Negotiate,1184,"2025-03-24T15:06:22.9723176Z",5,Advapi,SYSTEM
"Mar 24, 2025 @ 20:04:19.566",4624,"DESKTOP-5JEIKFF",Negotiate,1016,"2025-03-24T15:04:19.0441421Z",5,Advapi,SYSTEM
"Mar 24, 2025 @ 20:04:08.468",4624,"CP-AKT-002931",Negotiate,1080,"2025-03-24T07:14:28.0649628Z",5,Advapi,SYSTEM
"Mar 24, 2025 @ 20:00:24.141",4624,"CP-AKT-002931",Negotiate,1080,"2025-03-24T07:10:43.7354590Z",5,Advapi,SYSTEM
"Mar 24, 2025 @ 19:57:54.091",4624,"CP-AKT-002931",Negotiate,1080,"2025-03-24T07:08:13.6946126Z",5,Advapi,SYSTEM
"Mar 24, 2025 @ 19:56:39.997",4624,"CP-AKT-002907",Negotiate,1192,"2025-03-24T14:56:38.9578842Z",5,Advapi,SYSTEM
"Mar 24, 2025 @ 19:53:44.884",4624,"DESKTOP-5JEIKFF",Negotiate,1016,"2025-03-24T14:53:44.3875679Z",5,Advapi,SYSTEM
"Mar 24, 2025 @ 19:52:38.553",4624,"CP-AKT-002931",Negotiate,1080,"2025-03-24T07:02:58.1535082Z",5,Advapi,SYSTEM
"Mar 24, 2025 @ 19:52:08.691",4624,"CP-AKT-002907",Negotiate,1192,"2025-03-24T14:52:04.6261074Z",5,Advapi,SYSTEM
"Mar 24, 2025 @ 19:52:08.678",4624,"CP-AKT-002907",Negotiate,1192,"2025-03-24T14:52:02.5933720Z",5,Advapi,SYSTEM
"Mar 24, 2025 @ 19:49:41.787",4624,"CP-AKT-002931",Negotiate,1080,"2025-03-24T07:00:01.3443814Z",5,Advapi,SYSTEM
"Mar 24, 2025 @ 19:48:15.935",4624,"CP-AKT-002912",Negotiate,1184,"2025-03-24T14:48:14.8259797Z",5,Advapi,SYSTEM
"Mar 24, 2025 @ 19:44:15.378",4624,"CP-AKT-002912",Negotiate,1184,"2025-03-24T14:44:14.2859597Z",5,Advapi,SYSTEM
"Mar 24, 2025 @ 19:42:46.166",4624,"CP-AKT-002908",Negotiate,1032,"2025-03-24T14:42:45.1040195Z",5,Advapi,SYSTEM
"Mar 24, 2025 @ 19:41:37.308",4624,"CP-AKT-002908",Negotiate,1032,"2025-03-24T14:41:36.2505026Z",5,Advapi,SYSTEM
"Mar 24, 2025 @ 19:40:43.143",4624,"CP-AKT-002908",Negotiate,1032,"2025-03-24T14:40:42.0883023Z",5,Advapi,SYSTEM
"Mar 24, 2025 @ 19:40:40.416",4624,"CP-AKT-002908",Negotiate,1032,"2025-03-24T14:40:39.3674978Z",5,Advapi,SYSTEM
"Mar 24, 2025 @ 19:40:34.476",4624,"CP-AKT-002908",Negotiate,1032,"2025-03-24T14:40:33.4223296Z",5,Advapi,SYSTEM
"Mar 24, 2025 @ 19:40:31.246",4624,"CP-AKT-002912",Negotiate,1184,"2025-03-24T14:40:30.1782775Z",5,Advapi,SYSTEM
"Mar 24, 2025 @ 19:39:41.054",4624,"DESKTOP-5JEIKFF",Negotiate,1016,"2025-03-24T14:39:40.5845957Z",5,Advapi,SYSTEM
"Mar 24, 2025 @ 19:39:38.501",4624,"DESKTOP-5JEIKFF",Negotiate,1016,"2025-03-24T14:39:38.0284425Z",5,Advapi,SYSTEM
"Mar 24, 2025 @ 19:38:54.791",4624,"CP-AKT-002931",Negotiate,1080,"2025-03-24T06:49:14.4391317Z",5,Advapi,SYSTEM
"Mar 24, 2025 @ 19:36:46.520",4624,"CP-AKT-002912",Negotiate,1184,"2025-03-24T14:36:45.5259875Z",5,Advapi,SYSTEM
"Mar 24, 2025 @ 19:32:44.829",4624,"DESKTOP-5JEIKFF",Negotiate,1016,"2025-03-24T14:32:44.3847227Z",5,Advapi,SYSTEM
"Mar 24, 2025 @ 19:30:29.345",4624,"CP-AKT-002912",Negotiate,1184,"2025-03-24T14:30:28.2905415Z",5,Advapi,SYSTEM
"Mar 24, 2025 @ 19:30:29.086",4624,"CP-AKT-002931",Negotiate,1080,"2025-03-24T06:40:48.7157051Z",5,Advapi,SYSTEM
"Mar 24, 2025 @ 19:29:59.501",4624,"CP-AKT-002907",Negotiate,1192,"2025-03-24T14:29:58.4645883Z",5,Advapi,SYSTEM
"Mar 24, 2025 @ 19:27:11.488",4624,"DESKTOP-5JEIKFF",Negotiate,1016,"2025-03-24T14:27:10.5780406Z",5,Advapi,SYSTEM
"Mar 24, 2025 @ 19:26:31.885",4624,"CP-AKT-002931",Negotiate,1080,"2025-03-24T06:36:51.0826108Z",5,Advapi,SYSTEM
"Mar 24, 2025 @ 19:25:22.487",4624,"CP-AKT-002907",Negotiate,1192,"2025-03-24T14:25:21.0077392Z",5,Advapi,SYSTEM
"Mar 24, 2025 @ 19:24:39.395",4625,"CP-AKT-002911",NTLM,1112,"2025-03-24T14:24:37.7669814Z",3,NtLmSsp,Administrator
"Mar 24, 2025 @ 19:24:38.361",4625,"CP-AKT-002911",NTLM,1112,"2025-03-24T14:24:36.7360695Z",3,NtLmSsp,Administrator
"Mar 24, 2025 @ 19:24:37.331",4625,"CP-AKT-002911",NTLM,1112,"2025-03-24T14:24:35.6960660Z",3,NtLmSsp,Administrator
"Mar 24, 2025 @ 19:24:35.227",4624,"CP-AKT-002931",Negotiate,1080,"2025-03-24T06:34:54.4076932Z",5,Advapi,SYSTEM
"Mar 24, 2025 @ 19:24:19.456",4625,"CP-AKT-002907",NTLM,1192,"2025-03-24T14:24:17.9760814Z",3,NtLmSsp,Administrator
"Mar 24, 2025 @ 19:24:18.454",4625,"CP-AKT-002907",NTLM,1192,"2025-03-24T14:24:16.9621775Z",3,NtLmSsp,Administrator
"Mar 24, 2025 @ 19:24:17.424",4625,"CP-AKT-002907",NTLM,1192,"2025-03-24T14:24:15.9465071Z",3,NtLmSsp,Administrator
"Mar 24, 2025 @ 19:22:22.472",4624,"DESKTOP-5JEIKFF",Negotiate,1016,"2025-03-24T14:22:21.5671362Z",5,Advapi,SYSTEM
"Mar 24, 2025 @ 19:21:53.778",4625,"CP-AKT-002912",NTLM,1184,"2025-03-24T14:21:52.2779581Z",3,NtLmSsp,Administrator
"Mar 24, 2025 @ 19:21:52.761",4625,"CP-AKT-002912",NTLM,1184,"2025-03-24T14:21:51.2604921Z",3,NtLmSsp,Administrator
"Mar 24, 2025 @ 19:21:51.735",4625,"CP-AKT-002912",NTLM,1184,"2025-03-24T14:21:50.2315152Z",3,NtLmSsp,Administrator
"Mar 24, 2025 @ 19:21:25.717",4624,"CP-AKT-002931",Negotiate,1080,"2025-03-24T06:31:44.9061818Z",5,Advapi,SYSTEM
"Mar 24, 2025 @ 19:20:28.288",4624,"DESKTOP-5JEIKFF",Negotiate,1016,"2025-03-24T14:20:27.3882356Z",5,Advapi,SYSTEM
"Mar 24, 2025 @ 19:20:26.971",4624,"DESKTOP-5JEIKFF",Negotiate,1016,"2025-03-24T14:20:26.0680818Z",5,Advapi,SYSTEM
"Mar 24, 2025 @ 19:19:56.249",4624,"DESKTOP-5JEIKFF",Negotiate,1016,"2025-03-24T14:19:55.7400926Z",5,Advapi,SYSTEM
"Mar 24, 2025 @ 19:19:56.243",4624,"DESKTOP-5JEIKFF",Negotiate,1016,"2025-03-24T14:19:55.7359210Z",5,Advapi,SYSTEM
"Mar 24, 2025 @ 19:19:56.237",4624,"DESKTOP-5JEIKFF",Negotiate,1016,"2025-03-24T14:19:55.7355192Z",5,Advapi,SYSTEM
"Mar 24, 2025 @ 19:19:56.231",4624,"DESKTOP-5JEIKFF",Negotiate,1016,"2025-03-24T14:19:55.7345416Z",5,Advapi,SYSTEM
"Mar 24, 2025 @ 19:19:56.226",4624,"DESKTOP-5JEIKFF",Negotiate,1016,"2025-03-24T14:19:55.7341644Z",5,Advapi,SYSTEM
"Mar 24, 2025 @ 19:19:56.221",4624,"DESKTOP-5JEIKFF",Negotiate,1016,"2025-03-24T14:19:55.7332719Z",5,Advapi,SYSTEM
"Mar 24, 2025 @ 19:19:56.219",4624,"DESKTOP-5JEIKFF",Negotiate,1016,"2025-03-24T14:19:55.3055847Z",5,Advapi,SYSTEM
"Mar 24, 2025 @ 19:19:45.727",4624,"DESKTOP-5JEIKFF",Negotiate,1016,"2025-03-24T14:19:44.8126859Z",5,Advapi,SYSTEM
"Mar 24, 2025 @ 19:19:35.089",4624,"DESKTOP-5JEIKFF",Negotiate,1016,"2025-03-24T14:19:34.1931956Z",5,Advapi,SYSTEM
"Mar 24, 2025 @ 19:19:35.083",4624,"DESKTOP-5JEIKFF",Negotiate,1016,"2025-03-24T14:19:34.1640021Z",5,Advapi,SYSTEM
"Mar 24, 2025 @ 19:19:35.078",4624,"DESKTOP-5JEIKFF",Negotiate,1016,"2025-03-24T14:19:34.1636271Z",5,Advapi,SYSTEM
"Mar 24, 2025 @ 19:19:35.072",4624,"DESKTOP-5JEIKFF",Negotiate,1016,"2025-03-24T14:19:34.1623675Z",5,Advapi,SYSTEM
"Mar 24, 2025 @ 19:19:35.066",4624,"DESKTOP-5JEIKFF",Negotiate,1016,"2025-03-24T14:19:34.1619673Z",5,Advapi,SYSTEM
"Mar 24, 2025 @ 19:19:35.061",4624,"DESKTOP-5JEIKFF",Negotiate,1016,"2025-03-24T14:19:34.1599374Z",5,Advapi,SYSTEM
"Mar 24, 2025 @ 19:19:30.947",4624,"DESKTOP-5JEIKFF",Negotiate,1016,"2025-03-24T14:19:30.0350341Z",5,Advapi,SYSTEM
"Mar 24, 2025 @ 19:17:49.825",4624,"CP-AKT-002931",Negotiate,1080,"2025-03-24T06:28:09.0216497Z",5,Advapi,SYSTEM
"Mar 24, 2025 @ 19:17:48.485",4624,"DESKTOP-5JEIKFF",Negotiate,1016,"2025-03-24T14:17:47.5730117Z",2,User32,Project
"Mar 24, 2025 @ 19:17:48.484",4624,"DESKTOP-5JEIKFF",Negotiate,1016,"2025-03-24T14:17:47.5730041Z",2,User32,Project
"Mar 24, 2025 @ 19:17:43.328",4624,"DESKTOP-5JEIKFF",Negotiate,1016,"2025-03-24T14:17:42.4185824Z",5,Advapi,SYSTEM
"Mar 24, 2025 @ 19:17:09.433",4624,"CP-AKT-002911",Negotiate,1112,"2025-03-24T14:17:07.7557993Z",5,Advapi,SYSTEM
"Mar 24, 2025 @ 19:14:50.386",4624,"CP-AKT-002907",Negotiate,1192,"2025-03-24T14:14:48.8752984Z",5,Advapi,SYSTEM
"Mar 24, 2025 @ 19:14:46.886",4624,"DESKTOP-5JEIKFF",Negotiate,1016,"2025-03-24T14:14:45.9479818Z",5,Advapi,SYSTEM
"Mar 24, 2025 @ 19:13:22.909",4624,"CP-AKT-002908",Negotiate,1032,"2025-03-24T14:06:41.5568617Z",5,Advapi,SYSTEM
"Mar 24, 2025 @ 19:13:22.784",4624,"CP-AKT-002908",Negotiate,1032,"2025-03-24T14:06:37.1370043Z",5,Advapi,SYSTEM
"Mar 24, 2025 @ 19:13:22.722",4624,"CP-AKT-002908",Negotiate,1032,"2025-03-24T14:06:37.1111899Z",5,Advapi,SYSTEM
"Mar 24, 2025 @ 19:13:22.190",4624,"CP-AKT-002908",Negotiate,1032,"2025-03-24T14:06:21.1041610Z",5,Advapi,SYSTEM
"Mar 24, 2025 @ 19:13:22.018",4624,"CP-AKT-002908",Negotiate,1032,"2025-03-24T14:06:21.0571992Z",5,Advapi,SYSTEM
"Mar 24, 2025 @ 19:13:21.986",4624,"CP-AKT-002908",Negotiate,1032,"2025-03-24T14:06:20.7763925Z",5,Advapi,SYSTEM
"Mar 24, 2025 @ 19:13:21.955",4624,"CP-AKT-002908",Negotiate,1032,"2025-03-24T14:06:20.7602154Z",5,Advapi,SYSTEM
"Mar 24, 2025 @ 19:13:21.909",4624,"CP-AKT-002908",Negotiate,1032,"2025-03-24T14:06:20.7291139Z",5,Advapi,SYSTEM
"Mar 24, 2025 @ 19:13:21.893",4624,"CP-AKT-002908",Negotiate,1032,"2025-03-24T14:06:20.7291095Z",5,Advapi,SYSTEM
"Mar 24, 2025 @ 19:13:21.861",4624,"CP-AKT-002908",Negotiate,1032,"2025-03-24T14:00:36.0624483Z",5,Advapi,SYSTEM
"Mar 24, 2025 @ 19:13:21.831",4624,"CP-AKT-002908",Negotiate,1032,"2025-03-24T10:15:20.4149558Z",5,Advapi,SYSTEM
"Mar 24, 2025 @ 19:13:21.597",4624,"CP-AKT-002908",Negotiate,1032,"2025-03-24T10:15:19.3956169Z",5,Advapi,SYSTEM
"Mar 24, 2025 @ 19:13:21.566",4624,"CP-AKT-002908",Negotiate,1032,"2025-03-24T10:14:30.9823797Z",5,Advapi,SYSTEM
"Mar 24, 2025 @ 19:13:21.519",4624,"CP-AKT-002908",Negotiate,1032,"2025-03-24T10:06:59.6918040Z",5,Advapi,SYSTEM
"Mar 24, 2025 @ 19:13:21.488",4624,"CP-AKT-002908",Negotiate,1032,"2025-03-24T10:06:59.6169932Z",5,Advapi,SYSTEM
"Mar 24, 2025 @ 19:13:21.457",4624,"CP-AKT-002908",Negotiate,1032,"2025-03-24T10:05:24.7364568Z",5,Advapi,SYSTEM
"Mar 24, 2025 @ 19:13:21.222",4624,"CP-AKT-002908",Negotiate,1032,"2025-03-24T10:05:23.7979153Z",5,Advapi,SYSTEM
"Mar 24, 2025 @ 19:13:21.211",4624,"CP-AKT-002907",Negotiate,1192,"2025-03-24T14:13:12.5392849Z",5,Advapi,SYSTEM
"Mar 24, 2025 @ 19:13:21.191",4624,"CP-AKT-002908",Negotiate,1032,"2025-03-24T10:04:50.9111392Z",5,Advapi,SYSTEM
"Mar 24, 2025 @ 19:13:21.181",4624,"CP-AKT-002908",Negotiate,1032,"2025-03-24T09:48:02.3493430Z",5,Advapi,SYSTEM
"Mar 24, 2025 @ 19:13:21.180",4624,"CP-AKT-002907",Negotiate,1192,"2025-03-24T13:56:27.8720297Z",5,Advapi,SYSTEM
"Mar 24, 2025 @ 19:13:19.133",4624,"CP-AKT-002931",Negotiate,1080,"2025-03-24T06:10:43.7646687Z",5,Advapi,SYSTEM
"Mar 24, 2025 @ 19:13:18.936",4624,"CP-AKT-002931",Negotiate,1080,"2025-03-24T06:01:44.6165981Z",5,Advapi,SYSTEM
"Mar 24, 2025 @ 19:13:18.925",4624,"CP-AKT-002931",Negotiate,1080,"2025-03-24T05:59:18.6959949Z",5,Advapi,SYSTEM
"Mar 24, 2025 @ 19:13:18.902",4624,"CP-AKT-002931",Negotiate,1080,"2025-03-24T05:58:45.2689510Z",5,Advapi,SYSTEM
"Mar 24, 2025 @ 19:13:18.869",4624,"CP-AKT-002931",Negotiate,1080,"2025-03-24T05:58:45.2666464Z",5,Advapi,SYSTEM
"Mar 24, 2025 @ 19:13:18.852",4624,"CP-AKT-002931",Negotiate,1080,"2025-03-24T05:58:45.0905015Z",5,Advapi,SYSTEM
"Mar 24, 2025 @ 19:13:18.821",4624,"CP-AKT-002931",Negotiate,1080,"2025-03-24T05:51:55.6656451Z",5,Advapi,SYSTEM
"Mar 24, 2025 @ 19:13:18.618",4624,"CP-AKT-002931",Negotiate,1080,"2025-03-24T05:40:46.7697574Z",5,Advapi,SYSTEM
"Mar 24, 2025 @ 19:13:18.586",4624,"CP-AKT-002931",Negotiate,1080,"2025-03-24T05:35:53.9849754Z",5,Advapi,SYSTEM
"Mar 24, 2025 @ 19:13:18.301",4624,"CP-AKT-002931",Negotiate,1080,"2025-03-24T05:30:49.7786002Z",5,Advapi,SYSTEM
"Mar 24, 2025 @ 19:13:18.268",4624,"CP-AKT-002931",Negotiate,1080,"2025-03-24T05:30:48.8562600Z",5,Advapi,SYSTEM
"Mar 24, 2025 @ 19:13:18.135",4624,"CP-AKT-002931",Negotiate,1080,"2025-03-24T05:30:44.2627631Z",5,Advapi,SYSTEM
"Mar 24, 2025 @ 19:13:18.102",4624,"CP-AKT-002931",Negotiate,1080,"2025-03-24T05:29:56.8563146Z",5,Advapi,SYSTEM
"Mar 24, 2025 @ 19:13:18.083",4624,"CP-AKT-002931",Negotiate,1080,"2025-03-24T05:23:55.3187403Z",5,Advapi,SYSTEM
"Mar 24, 2025 @ 19:13:18.052",4624,"CP-AKT-002931",Negotiate,1080,"2025-03-24T05:16:39.9820625Z",5,Advapi,SYSTEM
"Mar 24, 2025 @ 19:13:18.001",4624,"CP-AKT-002931",Negotiate,1080,"2025-03-24T05:15:23.4726170Z",5,Advapi,SYSTEM
"Mar 24, 2025 @ 19:13:17.435",4624,"CP-AKT-002931",Negotiate,1080,"2025-03-24T05:10:43.6940770Z",5,Advapi,SYSTEM
"Mar 24, 2025 @ 19:13:17.218",4624,"CP-AKT-002931",Negotiate,1080,"2025-03-24T05:01:44.1697327Z",5,Advapi,SYSTEM
"Mar 24, 2025 @ 19:13:17.185",4624,"CP-AKT-002931",Negotiate,1080,"2025-03-24T05:01:40.8405189Z",5,Advapi,SYSTEM
"Mar 24, 2025 @ 19:13:17.168",4624,"CP-AKT-002931",Negotiate,1080,"2025-03-24T04:48:24.4609697Z",5,Advapi,SYSTEM
"Mar 24, 2025 @ 19:13:17.035",4624,"CP-AKT-002931",Negotiate,1080,"2025-03-24T04:40:34.5707872Z",5,Advapi,SYSTEM
"Mar 24, 2025 @ 19:13:16.852",4624,"CP-AKT-002931",Negotiate,1080,"2025-03-24T04:39:43.7409373Z",5,Advapi,SYSTEM
"Mar 24, 2025 @ 19:13:16.820",4624,"CP-AKT-002931",Negotiate,1080,"2025-03-24T04:37:33.7552756Z",5,Advapi,SYSTEM
"Mar 24, 2025 @ 19:13:16.619",4624,"CP-AKT-002931",Negotiate,1080,"2025-03-24T04:31:43.8467185Z",5,Advapi,SYSTEM
"Mar 24, 2025 @ 19:13:16.586",4624,"CP-AKT-002931",Negotiate,1080,"2025-03-24T04:29:47.7204511Z",5,Advapi,SYSTEM
"Mar 24, 2025 @ 19:13:16.554",4624,"CP-AKT-002931",Negotiate,1080,"2025-03-24T04:29:10.4182776Z",5,Advapi,SYSTEM
"Mar 24, 2025 @ 19:13:16.536",4624,"CP-AKT-002931",Negotiate,1080,"2025-03-24T04:27:21.4010435Z",5,Advapi,SYSTEM
"Mar 24, 2025 @ 19:13:16.519",4624,"CP-AKT-002931",Negotiate,1080,"2025-03-24T04:21:45.5800827Z",5,Advapi,SYSTEM
"Mar 24, 2025 @ 19:13:16.488",4624,"CP-AKT-002931",Negotiate,1080,"2025-03-24T04:16:39.7971854Z",5,Advapi,SYSTEM
"Mar 24, 2025 @ 19:13:16.149",4624,"CP-AKT-002907",Negotiate,1192,"2025-03-24T13:25:21.0495629Z",5,Advapi,SYSTEM
"Mar 24, 2025 @ 19:13:16.117",4624,"CP-AKT-002907",Negotiate,1192,"2025-03-24T13:25:20.7678417Z",5,Advapi,SYSTEM
"Mar 24, 2025 @ 19:13:16.101",4625,"CP-AKT-002907",NTLM,1192,"2025-03-24T13:23:03.2398359Z",3,NtLmSsp,Administrator
"Mar 24, 2025 @ 19:13:16.086",4624,"CP-AKT-002931",Negotiate,1080,"2025-03-24T04:09:27.0887103Z",5,Advapi,SYSTEM
"Mar 24, 2025 @ 19:13:16.086",4625,"CP-AKT-002907",NTLM,1192,"2025-03-24T13:23:02.2028305Z",3,NtLmSsp,Administrator
"Mar 24, 2025 @ 19:13:16.070",4625,"CP-AKT-002907",NTLM,1192,"2025-03-24T13:23:01.1812546Z",3,NtLmSsp,Administrator
"Mar 24, 2025 @ 19:13:16.069",4624,"CP-AKT-002931",Negotiate,1080,"2025-03-24T04:09:26.8786783Z",5,Advapi,SYSTEM
"Mar 24, 2025 @ 19:13:16.052",4624,"CP-AKT-002931",Negotiate,1080,"2025-03-24T04:09:26.0145929Z",5,Advapi,SYSTEM
"Mar 24, 2025 @ 19:13:15.836",4624,"CP-AKT-002907",Negotiate,1192,"2025-03-24T13:14:22.3142881Z",5,Advapi,SYSTEM
"Mar 24, 2025 @ 19:13:15.805",4624,"CP-AKT-002907",Negotiate,1192,"2025-03-24T13:14:22.2514340Z",5,Advapi,SYSTEM
"Mar 24, 2025 @ 19:13:15.803",4624,"CP-AKT-002931",Negotiate,1080,"2025-03-24T04:09:18.2013228Z",5,Advapi,SYSTEM
"Mar 24, 2025 @ 19:13:15.773",4624,"CP-AKT-002907",Negotiate,1192,"2025-03-24T13:14:14.7875050Z",5,Advapi,SYSTEM
"Mar 24, 2025 @ 19:13:15.770",4624,"CP-AKT-002931",Negotiate,1080,"2025-03-24T04:09:08.5285120Z",5,Advapi,SYSTEM
"Mar 24, 2025 @ 19:13:15.754",4624,"CP-AKT-002931",Negotiate,1080,"2025-03-24T04:02:54.3386467Z",5,Advapi,SYSTEM
"Mar 24, 2025 @ 19:13:15.742",4624,"CP-AKT-002907",Negotiate,1192,"2025-03-24T13:01:56.6549281Z",5,Advapi,SYSTEM
"Mar 24, 2025 @ 19:13:15.711",4624,"CP-AKT-002907",Negotiate,1192,"2025-03-24T12:56:27.8215738Z",5,Advapi,SYSTEM
"Mar 24, 2025 @ 19:13:15.680",4624,"CP-AKT-002907",Negotiate,1192,"2025-03-24T12:29:38.2772716Z",5,Advapi,SYSTEM
"Mar 24, 2025 @ 19:13:15.648",4624,"CP-AKT-002907",Negotiate,1192,"2025-03-24T12:21:41.5866956Z",5,Advapi,SYSTEM
"Mar 24, 2025 @ 19:13:15.633",4625,"CP-AKT-002907",NTLM,1192,"2025-03-24T12:20:42.7117797Z",3,NtLmSsp,Administrator
"Mar 24, 2025 @ 19:13:15.617",4625,"CP-AKT-002907",NTLM,1192,"2025-03-24T12:20:41.6867069Z",3,NtLmSsp,Administrator
"Mar 24, 2025 @ 19:13:15.601",4625,"CP-AKT-002907",NTLM,1192,"2025-03-24T12:20:40.6578609Z",3,NtLmSsp,Administrator
"Mar 24, 2025 @ 19:13:15.570",4624,"CP-AKT-002907",Negotiate,1192,"2025-03-24T11:56:27.6243690Z",5,Advapi,SYSTEM
"Mar 24, 2025 @ 19:13:15.555",4624,"CP-AKT-002931",Negotiate,1080,"2025-03-24T04:01:43.6157900Z",5,Advapi,SYSTEM
"Mar 24, 2025 @ 19:13:15.536",4624,"CP-AKT-002931",Negotiate,1080,"2025-03-24T03:51:20.3209852Z",5,Advapi,SYSTEM
"Mar 24, 2025 @ 19:13:15.519",4624,"CP-AKT-002931",Negotiate,1080,"2025-03-24T03:50:46.7800160Z",5,Advapi,SYSTEM
"Mar 24, 2025 @ 19:13:15.501",4624,"CP-AKT-002931",Negotiate,1080,"2025-03-24T03:41:18.2068613Z",5,Advapi,SYSTEM
"Mar 24, 2025 @ 19:13:15.469",4624,"CP-AKT-002931",Negotiate,1080,"2025-03-24T03:41:17.4725171Z",5,Advapi,SYSTEM
"Mar 24, 2025 @ 19:13:15.430",4624,"CP-AKT-002907",Negotiate,1192,"2025-03-24T11:25:20.3601257Z",5,Advapi,SYSTEM
"Mar 24, 2025 @ 19:13:15.414",4625,"CP-AKT-002907",NTLM,1192,"2025-03-24T11:19:32.5113329Z",3,NtLmSsp,Administrator
"Mar 24, 2025 @ 19:13:15.399",4625,"CP-AKT-002907",NTLM,1192,"2025-03-24T11:19:31.4955515Z",3,NtLmSsp,Administrator
"Mar 24, 2025 @ 19:13:15.383",4625,"CP-AKT-002907",NTLM,1192,"2025-03-24T11:19:30.4694204Z",3,NtLmSsp,Administrator
"Mar 24, 2025 @ 19:13:15.352",4624,"CP-AKT-002907",Negotiate,1192,"2025-03-24T11:18:42.3260686Z",5,Advapi,SYSTEM
"Mar 24, 2025 @ 19:13:15.320",4624,"CP-AKT-002907",Negotiate,1192,"2025-03-24T11:05:03.3750654Z",5,Advapi,SYSTEM
"Mar 24, 2025 @ 19:13:15.289",4624,"CP-AKT-002907",Negotiate,1192,"2025-03-24T11:00:54.9153561Z",5,Advapi,SYSTEM
"Mar 24, 2025 @ 19:13:15.286",4624,"CP-AKT-002931",Negotiate,1080,"2025-03-24T03:40:48.2795288Z",5,Advapi,SYSTEM
"Mar 24, 2025 @ 19:13:15.270",4624,"CP-AKT-002931",Negotiate,1080,"2025-03-24T03:33:07.2233509Z",5,Advapi,SYSTEM
"Mar 24, 2025 @ 19:13:15.101",4624,"CP-AKT-002907",Negotiate,1192,"2025-03-24T10:56:27.3514930Z",5,Advapi,SYSTEM
"Mar 24, 2025 @ 19:13:15.070",4624,"CP-AKT-002907",Negotiate,1192,"2025-03-24T10:29:18.0208983Z",5,Advapi,SYSTEM
"Mar 24, 2025 @ 19:13:15.054",4624,"CP-AKT-002931",Negotiate,1080,"2025-03-24T03:31:43.3748496Z",5,Advapi,SYSTEM
"Mar 24, 2025 @ 19:13:15.039",4624,"CP-AKT-002907",Negotiate,1192,"2025-03-24T10:21:08.4443307Z",5,Advapi,SYSTEM
"Mar 24, 2025 @ 19:13:15.024",4625,"CP-AKT-002907",NTLM,1192,"2025-03-24T10:19:32.4859738Z",3,NtLmSsp,Administrator
"Mar 24, 2025 @ 19:13:15.008",4625,"CP-AKT-002907",NTLM,1192,"2025-03-24T10:19:31.4720753Z",3,NtLmSsp,Administrator
"Mar 24, 2025 @ 19:13:15.005",4624,"CP-AKT-002931",Negotiate,1080,"2025-03-24T03:25:27.4246013Z",5,Advapi,SYSTEM
"Mar 24, 2025 @ 19:13:14.992",4625,"CP-AKT-002907",NTLM,1192,"2025-03-24T10:19:30.4534437Z",3,NtLmSsp,Administrator
"Mar 24, 2025 @ 19:13:14.978",4624,"CP-AKT-002907",Negotiate,1192,"2025-03-24T09:56:27.2614302Z",5,Advapi,SYSTEM
"Mar 24, 2025 @ 19:13:14.804",4624,"CP-AKT-002931",Negotiate,1080,"2025-03-24T03:15:43.5200395Z",5,Advapi,SYSTEM
"Mar 24, 2025 @ 19:13:14.787",4624,"CP-AKT-002931",Negotiate,1080,"2025-03-24T03:13:01.4268068Z",5,Advapi,SYSTEM
"Mar 24, 2025 @ 19:13:14.769",4624,"CP-AKT-002931",Negotiate,1080,"2025-03-24T03:11:59.3584648Z",5,Advapi,SYSTEM
"Mar 24, 2025 @ 19:13:14.087",4624,"CP-AKT-002931",Negotiate,1080,"2025-03-24T03:10:43.4545198Z",5,Advapi,SYSTEM
"Mar 24, 2025 @ 19:13:14.071",4624,"CP-AKT-002931",Negotiate,1080,"2025-03-24T03:02:17.4589647Z",5,Advapi,SYSTEM
"Mar 24, 2025 @ 19:13:13.697",4624,"CP-AKT-002931",Negotiate,1080,"2025-03-24T03:00:45.7465428Z",5,Advapi,SYSTEM
"Mar 24, 2025 @ 19:13:13.422",4624,"CP-AKT-002931",Negotiate,1080,"2025-03-24T02:40:46.8340260Z",5,Advapi,SYSTEM
"Mar 24, 2025 @ 19:13:13.035",4624,"CP-AKT-002931",Negotiate,1080,"2025-03-24T02:36:03.0330913Z",5,Advapi,SYSTEM
"Mar 24, 2025 @ 19:13:12.983",4624,"CP-AKT-002912",Negotiate,1184,"2025-03-24T14:06:23.4667229Z",5,Advapi,SYSTEM
"Mar 24, 2025 @ 19:13:12.968",4624,"CP-AKT-002912",Negotiate,1184,"2025-03-24T14:06:23.0828312Z",5,Advapi,SYSTEM
"Mar 24, 2025 @ 19:13:12.952",4624,"CP-AKT-002912",Negotiate,1184,"2025-03-24T13:38:49.8242479Z",5,Advapi,SYSTEM
"Mar 24, 2025 @ 19:13:12.937",4625,"CP-AKT-002912",NTLM,1184,"2025-03-24T13:21:46.6018601Z",3,NtLmSsp,Administrator
"Mar 24, 2025 @ 19:13:12.937",4625,"CP-AKT-002912",NTLM,1184,"2025-03-24T13:21:47.6312096Z",3,NtLmSsp,Administrator
"Mar 24, 2025 @ 19:13:12.921",4625,"CP-AKT-002912",NTLM,1184,"2025-03-24T13:21:45.5644347Z",3,NtLmSsp,Administrator
"Mar 24, 2025 @ 19:13:12.905",4624,"CP-AKT-002912",Negotiate,1184,"2025-03-24T13:06:22.9278714Z",5,Advapi,SYSTEM
"Mar 24, 2025 @ 19:13:12.889",4625,"CP-AKT-002912",NTLM,1184,"2025-03-24T12:22:42.8919442Z",3,NtLmSsp,Administrator
"Mar 24, 2025 @ 19:13:12.873",4625,"CP-AKT-002912",NTLM,1184,"2025-03-24T12:22:41.8575076Z",3,NtLmSsp,Administrator
"Mar 24, 2025 @ 19:13:12.870",4624,"CP-AKT-002931",Negotiate,1080,"2025-03-24T02:29:52.7439614Z",5,Advapi,SYSTEM
"Mar 24, 2025 @ 19:13:12.858",4625,"CP-AKT-002912",NTLM,1184,"2025-03-24T12:22:40.8397272Z",3,NtLmSsp,Administrator
"Mar 24, 2025 @ 19:13:12.836",4624,"CP-AKT-002931",Negotiate,1080,"2025-03-24T02:29:14.0198238Z",5,Advapi,SYSTEM
"Mar 24, 2025 @ 19:13:12.795",4624,"CP-AKT-002912",Negotiate,1184,"2025-03-24T12:07:57.3494242Z",5,Advapi,SYSTEM
"Mar 24, 2025 @ 19:13:12.766",4624,"CP-AKT-002912",Negotiate,1184,"2025-03-24T12:07:53.1274168Z",5,Advapi,SYSTEM
"Mar 24, 2025 @ 19:13:12.764",4624,"CP-AKT-002912",Negotiate,1184,"2025-03-24T12:06:22.7207645Z",5,Advapi,SYSTEM
"Mar 24, 2025 @ 19:13:12.733",4624,"CP-AKT-002912",Negotiate,1184,"2025-03-24T11:45:54.7239093Z",5,Advapi,SYSTEM
"Mar 24, 2025 @ 19:13:12.701",4624,"CP-AKT-002912",Negotiate,1184,"2025-03-24T11:45:51.6854311Z",5,Advapi,SYSTEM
"Mar 24, 2025 @ 19:13:12.688",4625,"CP-AKT-002912",NTLM,1184,"2025-03-24T11:19:32.3068042Z",3,NtLmSsp,Administrator
"Mar 24, 2025 @ 19:13:12.687",4625,"CP-AKT-002912",NTLM,1184,"2025-03-24T11:19:31.2896305Z",3,NtLmSsp,Administrator
"Mar 24, 2025 @ 19:13:12.686",4625,"CP-AKT-002912",NTLM,1184,"2025-03-24T11:19:30.2683802Z",3,NtLmSsp,Administrator
"Mar 24, 2025 @ 19:13:12.670",4624,"CP-AKT-002912",Negotiate,1184,"2025-03-24T11:15:51.1559826Z",5,Advapi,SYSTEM
"Mar 24, 2025 @ 19:13:12.624",4624,"CP-AKT-002912",Negotiate,1184,"2025-03-24T10:59:49.3006464Z",5,Advapi,SYSTEM
"Mar 24, 2025 @ 19:13:12.609",4624,"CP-AKT-002912",Negotiate,1184,"2025-03-24T10:58:13.2355206Z",5,Advapi,SYSTEM
"Mar 24, 2025 @ 19:13:12.596",4624,"CP-AKT-002912",Negotiate,1184,"2025-03-24T10:55:01.3341347Z",5,Advapi,SYSTEM
"Mar 24, 2025 @ 19:13:12.577",4624,"CP-AKT-002912",Negotiate,1184,"2025-03-24T10:54:55.9968743Z",5,Advapi,SYSTEM
"Mar 24, 2025 @ 19:13:12.497",4624,"CP-AKT-002931",Negotiate,1080,"2025-03-24T02:28:36.5463023Z",5,Advapi,SYSTEM
"Mar 24, 2025 @ 19:13:12.448",4624,"CP-AKT-002931",Negotiate,1080,"2025-03-24T02:25:34.6857624Z",5,Advapi,SYSTEM
"Mar 24, 2025 @ 19:13:12.423",4624,"CP-AKT-002931",Negotiate,1080,"2025-03-24T02:12:39.3999524Z",5,Advapi,SYSTEM
"Mar 24, 2025 @ 19:13:12.421",4624,"CP-AKT-002912",Negotiate,1184,"2025-03-24T10:54:54.3161901Z",5,Advapi,SYSTEM
"Mar 24, 2025 @ 19:13:12.408",4624,"CP-AKT-002931",Negotiate,1080,"2025-03-24T02:12:17.5543423Z",5,Advapi,SYSTEM
"Mar 24, 2025 @ 19:13:12.390",4624,"CP-AKT-002912",Negotiate,1184,"2025-03-24T10:54:54.0814204Z",5,Advapi,SYSTEM
"Mar 24, 2025 @ 19:13:12.359",4624,"CP-AKT-002912",Negotiate,1184,"2025-03-24T10:54:23.6004160Z",5,Advapi,SYSTEM
"Mar 24, 2025 @ 19:13:12.326",4624,"CP-AKT-002912",Negotiate,1184,"2025-03-24T10:44:48.1054620Z",5,Advapi,SYSTEM
"Mar 24, 2025 @ 19:13:12.311",4625,"CP-AKT-002912",NTLM,1184,"2025-03-24T10:18:27.2120943Z",3,NtLmSsp,Administrator
"Mar 24, 2025 @ 19:13:12.295",4625,"CP-AKT-002912",NTLM,1184,"2025-03-24T10:18:26.1866342Z",3,NtLmSsp,Administrator
"Mar 24, 2025 @ 19:13:12.279",4625,"CP-AKT-002912",NTLM,1184,"2025-03-24T10:18:25.1621487Z",3,NtLmSsp,Administrator
"Mar 24, 2025 @ 19:13:12.248",4624,"CP-AKT-002912",Negotiate,1184,"2025-03-24T10:02:18.9898171Z",5,Advapi,SYSTEM
"Mar 24, 2025 @ 19:13:12.186",4624,"CP-AKT-002912",Negotiate,1184,"2025-03-24T09:59:33.2544846Z",5,Advapi,SYSTEM
"Mar 24, 2025 @ 19:13:12.183",4624,"CP-AKT-002912",Negotiate,1184,"2025-03-24T09:59:28.9606380Z",5,Advapi,SYSTEM
"Mar 24, 2025 @ 19:13:12.172",4624,"CP-AKT-002912",Negotiate,1184,"2025-03-24T09:44:43.9334101Z",5,Advapi,SYSTEM
"Mar 24, 2025 @ 19:13:11.786",4624,"CP-AKT-002931",Negotiate,1080,"2025-03-24T02:10:43.7136726Z",5,Advapi,SYSTEM
"Mar 24, 2025 @ 19:13:11.386",4624,"CP-AKT-002931",Negotiate,1080,"2025-03-24T02:00:45.7120185Z",5,Advapi,SYSTEM
"Mar 24, 2025 @ 19:13:11.375",4624,"CP-AKT-002931",Negotiate,1080,"2025-03-24T01:57:05.5877196Z",5,Advapi,SYSTEM
"Mar 24, 2025 @ 19:13:11.369",4624,"CP-AKT-002931",Negotiate,1080,"2025-03-24T01:55:16.4527844Z",5,Advapi,SYSTEM
"Mar 24, 2025 @ 19:13:11.118",4624,"CP-AKT-002911",Negotiate,1112,"2025-03-24T13:39:09.4655796Z",5,Advapi,SYSTEM
"Mar 24, 2025 @ 19:13:11.102",4625,"CP-AKT-002911",NTLM,1112,"2025-03-24T13:24:02.6918339Z",3,NtLmSsp,Administrator
"Mar 24, 2025 @ 19:13:11.086",4625,"CP-AKT-002911",NTLM,1112,"2025-03-24T13:24:01.6621306Z",3,NtLmSsp,Administrator
"Mar 24, 2025 @ 19:13:11.070",4625,"CP-AKT-002911",NTLM,1112,"2025-03-24T13:24:00.6264436Z",3,NtLmSsp,Administrator
"Mar 24, 2025 @ 19:13:11.039",4624,"CP-AKT-002911",Negotiate,1112,"2025-03-24T13:16:57.3119040Z",5,Advapi,SYSTEM
"Mar 24, 2025 @ 19:13:11.024",4625,"CP-AKT-002911",NTLM,1112,"2025-03-24T12:20:47.1967390Z",3,NtLmSsp,Administrator
"Mar 24, 2025 @ 19:13:11.008",4625,"CP-AKT-002911",NTLM,1112,"2025-03-24T12:20:46.1657025Z",3,NtLmSsp,Administrator
"Mar 24, 2025 @ 19:13:10.993",4625,"CP-AKT-002911",NTLM,1112,"2025-03-24T12:20:45.1367949Z",3,NtLmSsp,Administrator
"Mar 24, 2025 @ 19:13:10.930",4624,"CP-AKT-002911",Negotiate,1112,"2025-03-24T12:17:19.1588600Z",5,Advapi,SYSTEM
"Mar 24, 2025 @ 19:13:10.898",4624,"CP-AKT-002911",Negotiate,1112,"2025-03-24T12:16:47.2150253Z",5,Advapi,SYSTEM
"Mar 24, 2025 @ 19:13:10.868",4624,"CP-AKT-002911",Negotiate,1112,"2025-03-24T11:39:09.4552306Z",5,Advapi,SYSTEM
"Mar 24, 2025 @ 19:13:10.852",4625,"CP-AKT-002911",NTLM,1112,"2025-03-24T11:20:42.1869341Z",3,NtLmSsp,Administrator
"Mar 24, 2025 @ 19:13:10.836",4625,"CP-AKT-002911",NTLM,1112,"2025-03-24T11:20:41.1519223Z",3,NtLmSsp,Administrator
"Mar 24, 2025 @ 19:13:10.821",4625,"CP-AKT-002911",NTLM,1112,"2025-03-24T11:20:40.1172143Z",3,NtLmSsp,Administrator
"Mar 24, 2025 @ 19:13:10.789",4624,"CP-AKT-002911",Negotiate,1112,"2025-03-24T11:16:37.0334917Z",5,Advapi,SYSTEM
"Mar 24, 2025 @ 19:13:10.757",4624,"CP-AKT-002911",Negotiate,1112,"2025-03-24T11:11:33.7436263Z",5,Advapi,SYSTEM
"Mar 24, 2025 @ 19:13:10.742",4625,"CP-AKT-002911",NTLM,1112,"2025-03-24T10:19:52.2281902Z",3,NtLmSsp,Administrator
"Mar 24, 2025 @ 19:13:10.727",4625,"CP-AKT-002911",NTLM,1112,"2025-03-24T10:19:51.2016142Z",3,NtLmSsp,Administrator
"Mar 24, 2025 @ 19:13:10.714",4625,"CP-AKT-002911",NTLM,1112,"2025-03-24T10:19:50.1691830Z",3,NtLmSsp,Administrator
"Mar 24, 2025 @ 19:13:10.702",4624,"CP-AKT-002911",Negotiate,1112,"2025-03-24T10:16:26.8687045Z",5,Advapi,SYSTEM
"Mar 24, 2025 @ 19:12:53.671",4624,"DESKTOP-5JEIKFF",Negotiate,1016,"2025-03-24T14:12:14.9216563Z",5,Advapi,SYSTEM
"Mar 24, 2025 @ 19:12:53.572",4624,"DESKTOP-5JEIKFF",Negotiate,1016,"2025-03-24T14:12:10.0398161Z",2,User32,Project
"Mar 24, 2025 @ 19:12:53.569",4624,"DESKTOP-5JEIKFF",Negotiate,1016,"2025-03-24T14:12:10.0398063Z",2,User32,Project
"Mar 24, 2025 @ 19:12:53.432",4624,"DESKTOP-5JEIKFF",Negotiate,1016,"2025-03-24T14:12:08.5016550Z",5,Advapi,SYSTEM
"Mar 24, 2025 @ 19:12:53.425",4624,"DESKTOP-5JEIKFF",Negotiate,1016,"2025-03-24T14:12:07.8095678Z",5,Advapi,SYSTEM
"Mar 24, 2025 @ 19:12:53.420",4624,"DESKTOP-5JEIKFF",Negotiate,1016,"2025-03-24T14:12:07.8077540Z",5,Advapi,SYSTEM
"Mar 24, 2025 @ 19:12:53.411",4624,"DESKTOP-5JEIKFF",Negotiate,1016,"2025-03-24T14:12:07.8040368Z",5,Advapi,SYSTEM
"Mar 24, 2025 @ 19:12:53.400",4624,"DESKTOP-5JEIKFF",Negotiate,1016,"2025-03-24T14:12:07.3595054Z",5,Advapi,SYSTEM
"Mar 24, 2025 @ 14:40:26.102",4624,"CP-AKT-002912",Negotiate,1184,"2025-03-24T09:40:25.0097287Z",5,Advapi,SYSTEM
"Mar 24, 2025 @ 14:39:10.893",4624,"CP-AKT-002911",Negotiate,1112,"2025-03-24T09:39:09.5560149Z",5,Advapi,SYSTEM
"Mar 24, 2025 @ 14:38:13.193",4624,"CP-AKT-002912",Negotiate,1184,"2025-03-24T09:38:12.0970018Z",5,Advapi,SYSTEM
"Mar 24, 2025 @ 14:32:23.317",4624,"DESKTOP-5JEIKFF",Negotiate,1016,"2025-03-24T09:32:22.4362070Z",5,Advapi,SYSTEM
"Mar 24, 2025 @ 14:30:54.221",4624,"DESKTOP-5JEIKFF",Negotiate,1016,"2025-03-24T09:30:53.3462681Z",5,Advapi,SYSTEM
"Mar 24, 2025 @ 14:30:46.478",4624,"CP-AKT-002931",Negotiate,1080,"2025-03-24T01:41:06.2532617Z",5,Advapi,SYSTEM
"Mar 24, 2025 @ 14:30:28.145",4624,"CP-AKT-002931",Negotiate,1080,"2025-03-24T01:40:47.9269212Z",5,Advapi,SYSTEM
"Mar 24, 2025 @ 14:25:34.351",4624,"CP-AKT-002931",Negotiate,1080,"2025-03-24T01:35:54.1351292Z",5,Advapi,SYSTEM
"Mar 24, 2025 @ 14:25:21.050",4624,"CP-AKT-002907",Negotiate,1192,"2025-03-24T09:25:19.9311297Z",5,Advapi,SYSTEM
"Mar 24, 2025 @ 14:24:34.585",4624,"CP-AKT-002931",Negotiate,1080,"2025-03-24T01:34:54.3804315Z",5,Advapi,SYSTEM
"Mar 24, 2025 @ 14:23:44.175",4624,"CP-AKT-002912",Negotiate,1184,"2025-03-24T09:23:43.1214148Z",5,Advapi,SYSTEM
"Mar 24, 2025 @ 14:23:35.997",4624,"CP-AKT-002912",Negotiate,1184,"2025-03-24T09:23:34.9456093Z",5,Advapi,SYSTEM
"Mar 24, 2025 @ 14:21:22.721",4624,"CP-AKT-002931",Negotiate,1080,"2025-03-24T01:31:42.5130740Z",5,Advapi,SYSTEM
"Mar 24, 2025 @ 14:20:58.762",4624,"DESKTOP-5JEIKFF",Negotiate,1016,"2025-03-24T09:20:57.9150046Z",5,Advapi,SYSTEM
"Mar 24, 2025 @ 14:18:38.607",4625,"CP-AKT-002911",NTLM,1112,"2025-03-24T09:18:37.3636863Z",3,NtLmSsp,Administrator
"Mar 24, 2025 @ 14:18:37.587",4625,"CP-AKT-002911",NTLM,1112,"2025-03-24T09:18:36.3389173Z",3,NtLmSsp,Administrator
"Mar 24, 2025 @ 14:18:36.551",4625,"CP-AKT-002911",NTLM,1112,"2025-03-24T09:18:35.3068558Z",3,NtLmSsp,Administrator
"Mar 24, 2025 @ 14:18:23.709",4625,"CP-AKT-002907",NTLM,1192,"2025-03-24T09:18:22.5943822Z",3,NtLmSsp,Administrator
"Mar 24, 2025 @ 14:18:22.692",4625,"CP-AKT-002907",NTLM,1192,"2025-03-24T09:18:21.5750518Z",3,NtLmSsp,Administrator
"Mar 24, 2025 @ 14:18:21.661",4625,"CP-AKT-002907",NTLM,1192,"2025-03-24T09:18:20.5512344Z",3,NtLmSsp,Administrator
"Mar 24, 2025 @ 14:17:13.300",4625,"CP-AKT-002912",NTLM,1184,"2025-03-24T09:17:12.2542587Z",3,NtLmSsp,Administrator
"Mar 24, 2025 @ 14:17:12.284",4625,"CP-AKT-002912",NTLM,1184,"2025-03-24T09:17:11.2355576Z",3,NtLmSsp,Administrator
"Mar 24, 2025 @ 14:17:11.271",4625,"CP-AKT-002912",NTLM,1184,"2025-03-24T09:17:10.2127199Z",3,NtLmSsp,Administrator
"Mar 24, 2025 @ 14:14:14.182",4624,"CP-AKT-002907",Negotiate,1192,"2025-03-24T09:14:13.0497395Z",5,Advapi,SYSTEM
"Mar 24, 2025 @ 14:13:57.251",4624,"CP-AKT-002911",Negotiate,1112,"2025-03-24T09:13:55.9755423Z",5,Advapi,SYSTEM
"Mar 24, 2025 @ 14:13:53.098",4624,"CP-AKT-002911",Negotiate,1112,"2025-03-24T09:13:51.8297664Z",5,Advapi,SYSTEM
"Mar 24, 2025 @ 14:12:58.806",4624,"DESKTOP-5JEIKFF",Negotiate,1016,"2025-03-24T09:12:57.9651869Z",5,Advapi,SYSTEM
"Mar 24, 2025 @ 14:11:27.453",4624,"CP-AKT-002911",Negotiate,1112,"2025-03-24T09:02:57.0130980Z",5,Advapi,SYSTEM
"Mar 24, 2025 @ 14:11:27.422",4624,"CP-AKT-002911",Negotiate,1112,"2025-03-24T09:02:56.8824882Z",5,Advapi,SYSTEM
"Mar 24, 2025 @ 14:11:27.390",4624,"CP-AKT-002911",Negotiate,1112,"2025-03-24T09:02:56.7009559Z",5,Advapi,SYSTEM
"Mar 24, 2025 @ 14:11:27.360",4624,"CP-AKT-002911",Negotiate,1112,"2025-03-24T09:02:56.6385326Z",5,Advapi,SYSTEM
"Mar 24, 2025 @ 14:11:27.329",4624,"CP-AKT-002911",Negotiate,1112,"2025-03-24T09:02:55.6381523Z",5,Advapi,SYSTEM
"Mar 24, 2025 @ 14:11:27.298",4624,"CP-AKT-002911",Negotiate,1112,"2025-03-24T09:02:55.6067845Z",5,Advapi,SYSTEM
"Mar 24, 2025 @ 14:11:27.236",4624,"CP-AKT-002911",Negotiate,1112,"2025-03-24T08:34:22.0219548Z",5,Advapi,SYSTEM
"Mar 24, 2025 @ 14:11:27.210",4624,"CP-AKT-002931",Negotiate,1080,"2025-03-24T01:10:43.6530945Z",5,Advapi,SYSTEM
"Mar 24, 2025 @ 14:11:27.204",4624,"CP-AKT-002911",Negotiate,1112,"2025-03-24T08:34:17.8114728Z",5,Advapi,SYSTEM
"Mar 24, 2025 @ 14:11:27.188",4625,"CP-AKT-002911",NTLM,1112,"2025-03-24T08:17:27.3213724Z",3,NtLmSsp,Administrator
"Mar 24, 2025 @ 14:11:27.173",4625,"CP-AKT-002911",NTLM,1112,"2025-03-24T08:17:26.2706372Z",3,NtLmSsp,Administrator
"Mar 24, 2025 @ 14:11:27.157",4625,"CP-AKT-002911",NTLM,1112,"2025-03-24T08:17:25.2099007Z",3,NtLmSsp,Administrator
"Mar 24, 2025 @ 14:11:27.130",4624,"CP-AKT-002911",Negotiate,1112,"2025-03-24T08:16:06.6987503Z",5,Advapi,SYSTEM
"Mar 24, 2025 @ 14:11:26.978",4624,"CP-AKT-002931",Negotiate,1080,"2025-03-24T01:01:42.2756615Z",5,Advapi,SYSTEM
"Mar 24, 2025 @ 14:11:26.947",4624,"CP-AKT-002931",Negotiate,1080,"2025-03-24T01:00:07.7162888Z",5,Advapi,SYSTEM
"Mar 24, 2025 @ 14:11:26.917",4624,"CP-AKT-002931",Negotiate,1080,"2025-03-24T00:57:04.4514123Z",5,Advapi,SYSTEM
"Mar 24, 2025 @ 14:11:26.699",4624,"CP-AKT-002931",Negotiate,1080,"2025-03-24T00:45:45.6720615Z",5,Advapi,SYSTEM
"Mar 24, 2025 @ 14:11:26.683",4624,"CP-AKT-002931",Negotiate,1080,"2025-03-24T00:44:23.2226683Z",5,Advapi,SYSTEM
"Mar 24, 2025 @ 14:11:26.360",4624,"CP-AKT-002931",Negotiate,1080,"2025-03-24T00:40:46.7320003Z",5,Advapi,SYSTEM
"Mar 24, 2025 @ 14:11:26.269",4625,"DESKTOP-5JEIKFF",Negotiate,1016,"2025-03-24T09:11:15.3529390Z",2,User32,Project
"Mar 24, 2025 @ 14:11:25.842",4624,"CP-AKT-002931",Negotiate,1080,"2025-03-24T00:31:42.0326002Z",5,Advapi,SYSTEM
"Mar 24, 2025 @ 14:11:25.611",4624,"CP-AKT-002931",Negotiate,1080,"2025-03-24T00:21:36.9486490Z",5,Advapi,SYSTEM
"Mar 24, 2025 @ 14:11:25.581",4624,"CP-AKT-002931",Negotiate,1080,"2025-03-24T00:20:27.3528384Z",5,Advapi,SYSTEM
"Mar 24, 2025 @ 14:11:25.550",4624,"CP-AKT-002931",Negotiate,1080,"2025-03-24T00:20:23.6784633Z",5,Advapi,SYSTEM
"Mar 24, 2025 @ 14:11:25.319",4624,"CP-AKT-002931",Negotiate,1080,"2025-03-24T00:15:45.6377178Z",5,Advapi,SYSTEM
"Mar 24, 2025 @ 14:11:24.649",4624,"CP-AKT-002931",Negotiate,1080,"2025-03-24T00:10:43.6525664Z",5,Advapi,SYSTEM
"Mar 24, 2025 @ 14:11:24.466",4624,"CP-AKT-002931",Negotiate,1080,"2025-03-24T00:01:41.7615291Z",5,Advapi,SYSTEM
"Mar 24, 2025 @ 14:11:24.148",4624,"CP-AKT-002907",Negotiate,1192,"2025-03-24T09:11:21.4305263Z",5,Advapi,SYSTEM
"Mar 24, 2025 @ 14:11:23.156",4624,"CP-AKT-002908",Negotiate,1032,"2025-03-24T08:36:41.6114973Z",5,Advapi,SYSTEM
"Mar 24, 2025 @ 14:11:23.155",4624,"CP-AKT-002912",Negotiate,1184,"2025-03-24T09:09:49.0050182Z",5,Advapi,SYSTEM
"Mar 24, 2025 @ 14:11:23.149",4624,"CP-AKT-002907",Negotiate,1192,"2025-03-24T08:56:26.6240660Z",5,Advapi,SYSTEM
"Mar 24, 2025 @ 14:11:23.124",4624,"CP-AKT-002912",Negotiate,1184,"2025-03-24T09:09:48.9937200Z",5,Advapi,SYSTEM
"Mar 24, 2025 @ 14:11:23.118",4624,"CP-AKT-002907",Negotiate,1192,"2025-03-24T08:51:44.4223245Z",5,Advapi,SYSTEM
"Mar 24, 2025 @ 14:11:22.940",4624,"CP-AKT-002908",Negotiate,1032,"2025-03-24T08:32:09.4110079Z",5,Advapi,SYSTEM
"Mar 24, 2025 @ 14:11:22.895",4624,"CP-AKT-002912",Negotiate,1184,"2025-03-24T08:46:42.6429335Z",5,Advapi,SYSTEM
"Mar 24, 2025 @ 14:11:22.895",4624,"CP-AKT-002908",Negotiate,1032,"2025-03-24T08:32:09.1095205Z",5,Advapi,SYSTEM
"Mar 24, 2025 @ 14:11:22.864",4624,"CP-AKT-002908",Negotiate,1032,"2025-03-24T08:32:08.9092261Z",5,Advapi,SYSTEM
"Mar 24, 2025 @ 14:11:22.864",4624,"CP-AKT-002912",Negotiate,1184,"2025-03-24T08:42:42.0029626Z",5,Advapi,SYSTEM
"Mar 24, 2025 @ 14:11:22.833",4624,"CP-AKT-002908",Negotiate,1032,"2025-03-24T08:32:08.9091211Z",5,Advapi,SYSTEM
"Mar 24, 2025 @ 14:11:22.832",4624,"CP-AKT-002912",Negotiate,1184,"2025-03-24T08:39:32.6018043Z",5,Advapi,SYSTEM
"Mar 24, 2025 @ 14:11:22.802",4624,"CP-AKT-002912",Negotiate,1184,"2025-03-24T08:33:31.2440711Z",5,Advapi,SYSTEM
"Mar 24, 2025 @ 14:11:22.772",4624,"CP-AKT-002908",Negotiate,1032,"2025-03-24T08:21:59.5346794Z",5,Advapi,SYSTEM
"Mar 24, 2025 @ 14:11:22.771",4624,"CP-AKT-002912",Negotiate,1184,"2025-03-24T08:30:06.9941779Z",5,Advapi,SYSTEM
"Mar 24, 2025 @ 14:11:22.740",4624,"CP-AKT-002912",Negotiate,1184,"2025-03-24T08:27:48.5622532Z",5,Advapi,SYSTEM
"Mar 24, 2025 @ 14:11:22.740",4624,"CP-AKT-002908",Negotiate,1032,"2025-03-24T08:21:55.0410323Z",5,Advapi,SYSTEM
"Mar 24, 2025 @ 14:11:22.710",4624,"CP-AKT-002912",Negotiate,1184,"2025-03-24T08:22:18.7240336Z",5,Advapi,SYSTEM
"Mar 24, 2025 @ 14:11:22.710",4624,"CP-AKT-002908",Negotiate,1032,"2025-03-24T08:20:02.7143283Z",5,Advapi,SYSTEM
"Mar 24, 2025 @ 14:11:22.679",4624,"CP-AKT-002912",Negotiate,1184,"2025-03-24T08:19:56.8478341Z",5,Advapi,SYSTEM
"Mar 24, 2025 @ 14:11:22.679",4624,"CP-AKT-002908",Negotiate,1032,"2025-03-24T08:20:02.7015893Z",5,Advapi,SYSTEM
"Mar 24, 2025 @ 14:11:22.649",4624,"CP-AKT-002912",Negotiate,1184,"2025-03-24T08:16:06.8118780Z",5,Advapi,SYSTEM
"Mar 24, 2025 @ 14:11:22.648",4624,"CP-AKT-002908",Negotiate,1032,"2025-03-24T08:16:59.4117754Z",5,Advapi,SYSTEM
"Mar 24, 2025 @ 14:11:22.633",4625,"CP-AKT-002912",NTLM,1184,"2025-03-24T08:14:51.9627005Z",3,NtLmSsp,Administrator
"Mar 24, 2025 @ 14:11:22.618",4625,"CP-AKT-002912",NTLM,1184,"2025-03-24T08:14:50.9450664Z",3,NtLmSsp,Administrator
"Mar 24, 2025 @ 14:11:22.617",4624,"CP-AKT-002908",Negotiate,1032,"2025-03-24T08:16:44.4729507Z",5,Advapi,SYSTEM
"Mar 24, 2025 @ 14:11:22.603",4625,"CP-AKT-002912",NTLM,1184,"2025-03-24T08:14:49.9175451Z",3,NtLmSsp,Administrator
"Mar 24, 2025 @ 14:11:22.587",4624,"CP-AKT-002908",Negotiate,1032,"2025-03-24T08:16:44.2930489Z",5,Advapi,SYSTEM
"Mar 24, 2025 @ 14:11:22.573",4624,"CP-AKT-002912",Negotiate,1184,"2025-03-24T08:13:43.8725301Z",5,Advapi,SYSTEM
"Mar 24, 2025 @ 14:11:22.343",4624,"CP-AKT-002912",Negotiate,1184,"2025-03-24T08:08:12.5737653Z",5,Advapi,SYSTEM
"Mar 24, 2025 @ 14:11:22.325",4624,"CP-AKT-002908",Negotiate,1032,"2025-03-24T08:16:36.5062193Z",5,Advapi,SYSTEM
"Mar 24, 2025 @ 14:11:22.314",4624,"CP-AKT-002912",Negotiate,1184,"2025-03-24T08:06:47.0328978Z",5,Advapi,SYSTEM
"Mar 24, 2025 @ 14:11:22.287",4624,"CP-AKT-002912",Negotiate,1184,"2025-03-24T07:49:29.4760750Z",5,Advapi,SYSTEM
"Mar 24, 2025 @ 14:11:22.214",4624,"CP-AKT-002907",Negotiate,1192,"2025-03-24T08:38:53.0004721Z",5,Advapi,SYSTEM
"Mar 24, 2025 @ 14:11:22.079",4624,"CP-AKT-002908",Negotiate,1032,"2025-03-24T08:11:51.7102042Z",5,Advapi,SYSTEM
"Mar 24, 2025 @ 14:11:22.049",4624,"CP-AKT-002908",Negotiate,1032,"2025-03-24T08:11:51.6001911Z",5,Advapi,SYSTEM
"Mar 24, 2025 @ 14:11:22.046",4624,"CP-AKT-002907",Negotiate,1192,"2025-03-24T08:38:51.6576697Z",5,Advapi,SYSTEM
"Mar 24, 2025 @ 14:11:21.924",4624,"CP-AKT-002908",Negotiate,1032,"2025-03-24T08:08:23.6921309Z",5,Advapi,SYSTEM
"Mar 24, 2025 @ 14:11:21.894",4624,"CP-AKT-002908",Negotiate,1032,"2025-03-24T08:08:23.6169671Z",5,Advapi,SYSTEM
"Mar 24, 2025 @ 14:11:21.846",4624,"CP-AKT-002908",Negotiate,1032,"2025-03-24T08:08:23.4081031Z",5,Advapi,"SQLTELEMETRY$SQLEXPRESS"
"Mar 24, 2025 @ 14:11:21.828",4624,"CP-AKT-002907",Negotiate,1192,"2025-03-24T08:38:50.6695595Z",5,Advapi,SYSTEM
"Mar 24, 2025 @ 14:11:21.796",4624,"CP-AKT-002907",Negotiate,1192,"2025-03-24T08:38:50.6067113Z",5,Advapi,SYSTEM
"Mar 24, 2025 @ 14:11:21.768",4624,"CP-AKT-002908",Negotiate,1032,"2025-03-24T08:08:23.1563152Z",5,Advapi,"MSSQL$SQLEXPRESS"
"Mar 24, 2025 @ 14:11:21.765",4624,"CP-AKT-002907",Negotiate,1192,"2025-03-24T08:33:53.0321336Z",5,Advapi,SYSTEM
"Mar 24, 2025 @ 14:11:21.734",4624,"CP-AKT-002907",Negotiate,1192,"2025-03-24T08:28:57.8514272Z",5,Advapi,SYSTEM
"Mar 24, 2025 @ 14:11:21.703",4624,"CP-AKT-002907",Negotiate,1192,"2025-03-24T08:27:56.6643722Z",5,Advapi,SYSTEM
"Mar 24, 2025 @ 14:11:21.672",4624,"CP-AKT-002907",Negotiate,1192,"2025-03-24T08:24:02.1068506Z",5,Advapi,SYSTEM
"Mar 24, 2025 @ 14:11:21.656",4625,"CP-AKT-002907",NTLM,1192,"2025-03-24T08:17:17.4856087Z",3,NtLmSsp,Administrator
"Mar 24, 2025 @ 14:11:21.640",4625,"CP-AKT-002907",NTLM,1192,"2025-03-24T08:17:16.4647664Z",3,NtLmSsp,Administrator
"Mar 24, 2025 @ 14:11:21.625",4625,"CP-AKT-002907",NTLM,1192,"2025-03-24T08:17:15.4357589Z",3,NtLmSsp,Administrator
"Mar 24, 2025 @ 14:11:21.594",4624,"CP-AKT-002907",Negotiate,1192,"2025-03-24T08:09:28.3116162Z",5,Advapi,SYSTEM
"Mar 24, 2025 @ 14:11:21.547",4624,"CP-AKT-002907",Negotiate,1192,"2025-03-24T08:09:27.3661106Z",5,Advapi,SYSTEM
"Mar 24, 2025 @ 14:11:21.422",4624,"CP-AKT-002907",Negotiate,1192,"2025-03-24T07:57:39.8922118Z",5,Advapi,SYSTEM
"Mar 24, 2025 @ 14:11:21.187",4624,"CP-AKT-002907",Negotiate,1192,"2025-03-24T07:57:38.3066129Z",5,Advapi,SYSTEM
"Mar 24, 2025 @ 14:11:21.156",4624,"CP-AKT-002907",Negotiate,1192,"2025-03-24T07:56:26.4642609Z",5,Advapi,SYSTEM
"Mar 24, 2025 @ 14:11:21.156",4624,"CP-AKT-002908",Negotiate,1032,"2025-03-24T08:07:40.7209496Z",5,Advapi,SYSTEM
"Mar 24, 2025 @ 14:11:21.125",4624,"CP-AKT-002907",Negotiate,1192,"2025-03-24T07:54:29.2596918Z",5,Advapi,SYSTEM
"Mar 24, 2025 @ 14:11:21.093",4624,"CP-AKT-002907",Negotiate,1192,"2025-03-24T07:54:21.9420308Z",5,Advapi,SYSTEM
"Mar 24, 2025 @ 14:11:21.062",4624,"CP-AKT-002907",Negotiate,1192,"2025-03-24T07:54:18.6527401Z",5,Advapi,SYSTEM
"Mar 24, 2025 @ 14:11:20.921",4624,"CP-AKT-002908",Negotiate,1032,"2025-03-24T08:07:14.8444910Z",5,Advapi,SYSTEM
"Mar 24, 2025 @ 14:11:20.891",4624,"CP-AKT-002908",Negotiate,1032,"2025-03-24T08:07:12.3299788Z",5,Advapi,SYSTEM
"Mar 24, 2025 @ 14:11:20.764",4624,"CP-AKT-002908",Negotiate,1032,"2025-03-24T08:07:10.7055357Z",5,Advapi,SYSTEM
"Mar 24, 2025 @ 14:11:19.860",4624,"CP-AKT-002907",Negotiate,1192,"2025-03-24T07:54:16.0734617Z",5,Advapi,SYSTEM
"Mar 24, 2025 @ 14:11:19.829",4624,"CP-AKT-002907",Negotiate,1192,"2025-03-24T07:53:45.3120506Z",5,Advapi,SYSTEM
"Mar 24, 2025 @ 14:11:19.804",4624,"CP-AKT-002907",Negotiate,1192,"2025-03-24T07:52:38.2699388Z",5,Advapi,SYSTEM
"Mar 24, 2025 @ 14:11:19.587",4624,"CP-AKT-002908",Negotiate,1032,"2025-03-24T08:06:59.9100143Z",5,Advapi,SYSTEM
"Mar 24, 2025 @ 14:11:19.415",4624,"CP-AKT-002908",Negotiate,1032,"2025-03-24T08:06:59.3473912Z",5,Advapi,SYSTEM
"Mar 24, 2025 @ 14:11:19.289",4624,"CP-AKT-002908",Negotiate,1032,"2025-03-24T08:06:58.8721663Z",11,User32,"acuk.student"
"Mar 24, 2025 @ 14:11:19.243",4624,"CP-AKT-002908",Negotiate,1032,"2025-03-24T08:06:50.1794033Z",5,Advapi,SYSTEM
"Mar 24, 2025 @ 14:11:19.211",4624,"CP-AKT-002908",Negotiate,1032,"2025-03-24T08:06:50.1501384Z",5,Advapi,SYSTEM
"Mar 24, 2025 @ 14:11:19.164",4624,"CP-AKT-002908",Negotiate,1032,"2025-03-24T08:06:50.0877372Z",5,Advapi,SYSTEM
"Mar 24, 2025 @ 14:11:19.132",4624,"CP-AKT-002908",Negotiate,1032,"2025-03-24T08:06:50.0142326Z",5,Advapi,SYSTEM
"Mar 24, 2025 @ 14:11:19.101",4624,"CP-AKT-002908",Negotiate,1032,"2025-03-24T08:06:49.9643596Z",5,Advapi,SYSTEM
"Mar 24, 2025 @ 14:11:19.070",4624,"CP-AKT-002908",Negotiate,1032,"2025-03-24T08:06:49.9642195Z",5,Advapi,SYSTEM
"Mar 24, 2025 @ 14:11:19.039",4624,"CP-AKT-002908",Negotiate,1032,"2025-03-24T08:06:49.9641378Z",5,Advapi,SYSTEM
"Mar 24, 2025 @ 14:11:18.866",4624,"CP-AKT-002908",Negotiate,1032,"2025-03-24T08:06:21.8877373Z",5,Advapi,SYSTEM
"Mar 24, 2025 @ 14:11:00.653",4624,"DESKTOP-5JEIKFF",Negotiate,1016,"2025-03-24T09:10:52.0579824Z",5,Advapi,SYSTEM
"Mar 24, 2025 @ 14:11:00.650",4625,"DESKTOP-5JEIKFF",Negotiate,1016,"2025-03-24T09:10:50.7605165Z",2,User32,Project
"Mar 24, 2025 @ 14:11:00.632",4624,"DESKTOP-5JEIKFF",Negotiate,1016,"2025-03-24T09:10:46.5092612Z",5,Advapi,SYSTEM
"Mar 24, 2025 @ 14:11:00.565",4624,"DESKTOP-5JEIKFF",Negotiate,1016,"2025-03-24T09:10:45.5128278Z",5,Advapi,SYSTEM
"Mar 24, 2025 @ 14:11:00.550",4624,"DESKTOP-5JEIKFF",Negotiate,1016,"2025-03-24T09:10:45.5112459Z",5,Advapi,SYSTEM
"Mar 24, 2025 @ 14:11:00.542",4624,"DESKTOP-5JEIKFF",Negotiate,1016,"2025-03-24T09:10:41.5407738Z",5,Advapi,SYSTEM
"Mar 24, 2025 @ 12:44:57.637",4624,"DESKTOP-5JEIKFF",Negotiate,1016,"2025-03-24T07:44:56.8741868Z",5,Advapi,SYSTEM
"Mar 24, 2025 @ 12:41:49.454",4624,"CP-AKT-002907",Negotiate,1192,"2025-03-24T07:41:48.8031280Z",5,Advapi,SYSTEM
"Mar 24, 2025 @ 12:41:49.424",4624,"CP-AKT-002907",Negotiate,1192,"2025-03-24T07:41:48.5369489Z",5,Advapi,SYSTEM
"Mar 24, 2025 @ 12:41:49.404",4624,"CP-AKT-002907",Negotiate,1192,"2025-03-24T07:41:48.2691855Z",5,Advapi,SYSTEM
"Mar 24, 2025 @ 12:41:49.392",4624,"CP-AKT-002907",Negotiate,1192,"2025-03-24T07:41:48.2386027Z",5,Advapi,SYSTEM
"Mar 24, 2025 @ 12:39:57.717",4624,"CP-AKT-002912",Negotiate,1184,"2025-03-24T07:39:56.6177814Z",5,Advapi,SYSTEM
"Mar 24, 2025 @ 12:39:52.302",4624,"CP-AKT-002912",Negotiate,1184,"2025-03-24T07:39:51.1991339Z",5,Advapi,SYSTEM
"Mar 24, 2025 @ 12:39:50.995",4624,"CP-AKT-002912",Negotiate,1184,"2025-03-24T07:39:50.7273911Z",5,Advapi,SYSTEM
"Mar 24, 2025 @ 12:39:50.981",4624,"CP-AKT-002912",Negotiate,1184,"2025-03-24T07:39:49.8861472Z",5,Advapi,SYSTEM
"Mar 24, 2025 @ 12:39:10.705",4624,"CP-AKT-002911",Negotiate,1112,"2025-03-24T07:39:09.4758157Z",5,Advapi,SYSTEM
"Mar 24, 2025 @ 12:39:00.702",4624,"DESKTOP-5JEIKFF",Negotiate,1016,"2025-03-24T07:38:59.9480155Z",5,Advapi,SYSTEM
"Mar 24, 2025 @ 12:38:11.711",4624,"CP-AKT-002912",Negotiate,1184,"2025-03-24T07:38:10.6205439Z",5,Advapi,SYSTEM
"Mar 24, 2025 @ 12:35:06.852",4624,"CP-AKT-002912",Negotiate,1184,"2025-03-24T07:35:05.7679316Z",5,Advapi,SYSTEM
"Mar 24, 2025 @ 12:33:51.291",4624,"CP-AKT-002912",Negotiate,1184,"2025-03-24T07:33:50.1989964Z",5,Advapi,SYSTEM
"Mar 24, 2025 @ 12:33:17.137",4624,"CP-AKT-002907",Negotiate,1192,"2025-03-24T07:33:15.9280576Z",5,Advapi,SYSTEM
"Mar 24, 2025 @ 12:32:36.207",4624,"CP-AKT-002931",Negotiate,1080,"2025-03-23T23:42:56.1367521Z",5,Advapi,SYSTEM
"Mar 24, 2025 @ 12:32:36.197",4624,"CP-AKT-002931",Negotiate,1080,"2025-03-23T23:42:56.0184200Z",5,Advapi,SYSTEM
"Mar 24, 2025 @ 12:31:55.651",4624,"DESKTOP-5JEIKFF",Negotiate,1016,"2025-03-24T07:31:54.8965082Z",5,Advapi,SYSTEM
"Mar 24, 2025 @ 12:31:22.528",4624,"CP-AKT-002907",Negotiate,1192,"2025-03-24T07:31:21.3729729Z",5,Advapi,SYSTEM
"Mar 24, 2025 @ 12:30:27.847",4624,"CP-AKT-002931",Negotiate,1080,"2025-03-23T23:40:47.6664271Z",5,Advapi,SYSTEM
"Mar 24, 2025 @ 12:27:50.094",4624,"CP-AKT-002907",Negotiate,1192,"2025-03-24T07:27:48.9572880Z",5,Advapi,SYSTEM
"Mar 24, 2025 @ 12:27:46.834",4624,"CP-AKT-002907",Negotiate,1192,"2025-03-24T07:27:45.6995306Z",5,Advapi,SYSTEM
"Mar 24, 2025 @ 12:27:44.593",4624,"CP-AKT-002912",Negotiate,1184,"2025-03-24T07:27:43.4882560Z",5,Advapi,SYSTEM
"Mar 24, 2025 @ 12:27:33.723",4624,"CP-AKT-002907",Negotiate,1192,"2025-03-24T07:27:32.5786193Z",5,Advapi,SYSTEM
"Mar 24, 2025 @ 12:25:20.655",4624,"CP-AKT-002907",Negotiate,1192,"2025-03-24T07:25:19.5155517Z",5,Advapi,SYSTEM
"Mar 24, 2025 @ 12:24:41.153",4624,"CP-AKT-002912",Negotiate,1184,"2025-03-24T07:24:40.0694418Z",5,Advapi,SYSTEM
"Mar 24, 2025 @ 12:22:43.348",4624,"CP-AKT-002931",Negotiate,1080,"2025-03-23T23:33:03.2898242Z",5,Advapi,SYSTEM
"Mar 24, 2025 @ 12:22:43.318",4624,"CP-AKT-002931",Negotiate,1080,"2025-03-23T23:33:03.2891065Z",5,Advapi,SYSTEM
"Mar 24, 2025 @ 12:22:43.309",4624,"CP-AKT-002931",Negotiate,1080,"2025-03-23T23:33:03.1341824Z",5,Advapi,SYSTEM
"Mar 24, 2025 @ 12:21:21.692",4624,"CP-AKT-002931",Negotiate,1080,"2025-03-23T23:31:41.5049036Z",5,Advapi,SYSTEM
"Mar 24, 2025 @ 12:20:25.829",4624,"CP-AKT-002912",Negotiate,1184,"2025-03-24T07:20:24.7302387Z",5,Advapi,SYSTEM
"Mar 24, 2025 @ 12:20:02.812",4624,"DESKTOP-5JEIKFF",Negotiate,1016,"2025-03-24T07:20:02.2408228Z",5,Advapi,SYSTEM
"Mar 24, 2025 @ 12:20:02.808",4624,"DESKTOP-5JEIKFF",Negotiate,1016,"2025-03-24T07:20:02.0647608Z",5,Advapi,SYSTEM
"Mar 24, 2025 @ 12:19:33.100",4624,"CP-AKT-002907",Negotiate,1192,"2025-03-24T07:19:31.9746141Z",5,Advapi,SYSTEM
"Mar 24, 2025 @ 12:19:06.652",4624,"DESKTOP-5JEIKFF",Negotiate,1016,"2025-03-24T07:19:05.9709767Z",5,Advapi,SYSTEM
"Mar 24, 2025 @ 12:19:06.601",4624,"DESKTOP-5JEIKFF",Negotiate,1016,"2025-03-24T07:19:05.9290456Z",5,Advapi,SYSTEM
"Mar 24, 2025 @ 12:18:37.202",4624,"CP-AKT-002911",Negotiate,1112,"2025-03-24T07:18:35.9977365Z",5,Advapi,SYSTEM
"Mar 24, 2025 @ 12:18:34.915",4625,"DESKTOP-5JEIKFF",Negotiate,1016,"2025-03-24T07:18:34.1719458Z",2,User32,Project
"Mar 24, 2025 @ 12:18:15.308",4625,"DESKTOP-5JEIKFF",Negotiate,1016,"2025-03-24T07:18:14.5652718Z",2,User32,Project
"Mar 24, 2025 @ 12:17:55.724",4624,"DESKTOP-5JEIKFF",Negotiate,1016,"2025-03-24T07:17:54.9547942Z",5,Advapi,SYSTEM
"Mar 24, 2025 @ 12:17:55.724",4624,"DESKTOP-5JEIKFF",Negotiate,1016,"2025-03-24T07:17:55.1357279Z",5,Advapi,SYSTEM
"Mar 24, 2025 @ 12:17:39.930",4624,"CP-AKT-002931",Negotiate,1080,"2025-03-23T23:27:59.7543017Z",5,Advapi,SYSTEM
"Mar 24, 2025 @ 12:17:09.126",4624,"CP-AKT-002912",Negotiate,1184,"2025-03-24T07:17:08.0467739Z",5,Advapi,SYSTEM
"Mar 24, 2025 @ 12:17:09.095",4624,"CP-AKT-002912",Negotiate,1184,"2025-03-24T07:17:08.0425134Z",5,Advapi,SYSTEM
"Mar 24, 2025 @ 12:17:09.082",4624,"CP-AKT-002912",Negotiate,1184,"2025-03-24T07:17:07.9681968Z",5,Advapi,SYSTEM
"Mar 24, 2025 @ 12:17:06.527",4624,"CP-AKT-002912",Negotiate,1184,"2025-03-24T07:17:06.3426077Z",5,Advapi,SYSTEM
"Mar 24, 2025 @ 12:17:06.465",4624,"CP-AKT-002912",Negotiate,1184,"2025-03-24T07:17:06.3113359Z",5,Advapi,SYSTEM
"Mar 24, 2025 @ 12:17:06.452",4624,"CP-AKT-002912",Negotiate,1184,"2025-03-24T07:17:05.3629792Z",5,Advapi,SYSTEM
"Mar 24, 2025 @ 12:16:34.183",4624,"CP-AKT-002911",Negotiate,1112,"2025-03-24T07:16:32.9519986Z",5,Advapi,SYSTEM
"Mar 24, 2025 @ 12:15:57.102",4624,"CP-AKT-002911",Negotiate,1112,"2025-03-24T07:15:55.9003460Z",5,Advapi,SYSTEM
"Mar 24, 2025 @ 12:15:42.944",4624,"CP-AKT-002912",Negotiate,1184,"2025-03-24T07:15:41.8415209Z",5,Advapi,SYSTEM
"Mar 24, 2025 @ 12:15:18.422",4625,"CP-AKT-002911",NTLM,1112,"2025-03-24T07:15:17.2349902Z",3,NtLmSsp,Administrator
"Mar 24, 2025 @ 12:15:17.386",4625,"CP-AKT-002911",NTLM,1112,"2025-03-24T07:15:16.1856099Z",3,NtLmSsp,Administrator
"Mar 24, 2025 @ 12:15:17.343",4624,"CP-AKT-002908",Negotiate,1072,"2025-03-24T07:15:16.9565016Z",5,Advapi,SYSTEM
"Mar 24, 2025 @ 12:15:17.314",4624,"CP-AKT-002908",Negotiate,1072,"2025-03-24T07:15:16.2080518Z",5,Advapi,SYSTEM
"Mar 24, 2025 @ 12:15:16.335",4625,"CP-AKT-002911",NTLM,1112,"2025-03-24T07:15:15.1455953Z",3,NtLmSsp,Administrator
"Mar 24, 2025 @ 12:15:08.316",4625,"CP-AKT-002912",NTLM,1184,"2025-03-24T07:15:07.2151168Z",3,NtLmSsp,Administrator
"Mar 24, 2025 @ 12:15:07.300",4625,"CP-AKT-002912",NTLM,1184,"2025-03-24T07:15:06.1983137Z",3,NtLmSsp,Administrator
"Mar 24, 2025 @ 12:15:06.269",4625,"CP-AKT-002912",NTLM,1184,"2025-03-24T07:15:05.1724785Z",3,NtLmSsp,Administrator
"Mar 24, 2025 @ 12:14:24.342",4624,"CP-AKT-002912",Negotiate,1184,"2025-03-24T07:14:23.2293674Z",5,Advapi,SYSTEM
"Mar 24, 2025 @ 12:14:08.316",4625,"CP-AKT-002907",NTLM,1192,"2025-03-24T07:14:07.1860277Z",3,NtLmSsp,Administrator
"Mar 24, 2025 @ 12:14:07.299",4625,"CP-AKT-002907",NTLM,1192,"2025-03-24T07:14:06.1639508Z",3,NtLmSsp,Administrator
"Mar 24, 2025 @ 12:14:06.283",4625,"CP-AKT-002907",NTLM,1192,"2025-03-24T07:14:05.1485880Z",3,NtLmSsp,Administrator
"Mar 24, 2025 @ 12:14:01.041",4624,"DESKTOP-5JEIKFF",Negotiate,1016,"2025-03-24T07:14:00.3510823Z",5,Advapi,SYSTEM
"Mar 24, 2025 @ 12:14:01.037",4624,"DESKTOP-5JEIKFF",Negotiate,1016,"2025-03-24T07:14:00.2866899Z",5,Advapi,SYSTEM
"Mar 24, 2025 @ 12:13:18.913",4624,"CP-AKT-002931",Negotiate,1080,"2025-03-23T23:23:38.7235287Z",5,Advapi,SYSTEM
"Mar 24, 2025 @ 12:12:52.794",4624,"DESKTOP-5JEIKFF",Negotiate,1016,"2025-03-24T07:12:52.0921562Z",5,Advapi,SYSTEM
"Mar 24, 2025 @ 12:11:11.407",4624,"CP-AKT-002912",Negotiate,1184,"2025-03-24T07:11:10.3053870Z",5,Advapi,SYSTEM
"Mar 24, 2025 @ 12:10:29.845",4624,"CP-AKT-002911",Negotiate,1112,"2025-03-24T07:10:28.6399116Z",5,Advapi,SYSTEM
"Mar 24, 2025 @ 12:10:28.847",4624,"CP-AKT-002911",Negotiate,1112,"2025-03-24T07:10:27.6370800Z",5,Advapi,SYSTEM
"Mar 24, 2025 @ 12:10:00.560",4624,"DESKTOP-5JEIKFF",Negotiate,1016,"2025-03-24T07:09:59.8029184Z",5,Advapi,SYSTEM
"Mar 24, 2025 @ 12:09:12.655",4624,"CP-AKT-002931",Negotiate,1080,"2025-03-23T23:19:32.4544017Z",5,Advapi,SYSTEM
"Mar 24, 2025 @ 12:08:02.654",4624,"CP-AKT-002911",Negotiate,1112,"2025-03-24T07:08:01.4487885Z",5,Advapi,SYSTEM
"Mar 24, 2025 @ 12:07:17.612",4624,"DESKTOP-5JEIKFF",Negotiate,1016,"2025-03-24T07:07:16.8579260Z",5,Advapi,SYSTEM
"Mar 24, 2025 @ 12:05:18.336",4624,"DESKTOP-5JEIKFF",Negotiate,1016,"2025-03-24T07:05:17.5855666Z",5,Advapi,SYSTEM
"Mar 24, 2025 @ 12:05:07.417",4624,"DESKTOP-5JEIKFF",Negotiate,1016,"2025-03-24T07:05:06.6645001Z",5,Advapi,SYSTEM
"Mar 24, 2025 @ 12:05:04.957",4624,"DESKTOP-5JEIKFF",Negotiate,1016,"2025-03-24T07:05:04.2456754Z",5,Advapi,SYSTEM
"Mar 24, 2025 @ 12:05:04.954",4624,"DESKTOP-5JEIKFF",Negotiate,1016,"2025-03-24T07:05:04.2078176Z",5,Advapi,SYSTEM
"Mar 24, 2025 @ 12:03:23.056",4624,"CP-AKT-002931",Negotiate,1080,"2025-03-23T23:13:42.8706729Z",5,Advapi,SYSTEM
"Mar 24, 2025 @ 12:03:09.877",4624,"CP-AKT-002912",Negotiate,1184,"2025-03-24T07:03:08.7597896Z",5,Advapi,SYSTEM
"Mar 24, 2025 @ 12:02:31.753",4624,"CP-AKT-002907",Negotiate,1192,"2025-03-24T07:02:31.5322787Z",5,Advapi,SYSTEM
"Mar 24, 2025 @ 12:02:31.741",4624,"CP-AKT-002907",Negotiate,1192,"2025-03-24T07:02:30.5989992Z",5,Advapi,SYSTEM
"Mar 24, 2025 @ 12:01:59.454",4624,"CP-AKT-002912",Negotiate,1184,"2025-03-24T07:01:58.3408227Z",5,Advapi,SYSTEM
"Mar 24, 2025 @ 12:00:44.294",4624,"DESKTOP-5JEIKFF",Negotiate,1016,"2025-03-24T07:00:44.1098550Z",5,Advapi,SYSTEM
"Mar 24, 2025 @ 12:00:37.008",4624,"DESKTOP-5JEIKFF",Negotiate,1016,"2025-03-24T07:00:37.1673896Z",5,Advapi,SYSTEM
"Mar 24, 2025 @ 12:00:36.991",4624,"DESKTOP-5JEIKFF",Negotiate,1016,"2025-03-24T07:00:36.4271184Z",5,Advapi,SYSTEM
"Mar 24, 2025 @ 12:00:36.947",4624,"DESKTOP-5JEIKFF",Negotiate,1016,"2025-03-24T07:00:36.2098941Z",5,Advapi,SYSTEM
"Mar 24, 2025 @ 12:00:35.871",4624,"DESKTOP-5JEIKFF",Negotiate,1016,"2025-03-24T07:00:35.7659838Z",5,Advapi,SYSTEM
"Mar 24, 2025 @ 12:00:35.856",4624,"DESKTOP-5JEIKFF",Negotiate,1016,"2025-03-24T07:00:35.1543866Z",5,Advapi,SYSTEM
"Mar 24, 2025 @ 12:00:35.821",4624,"DESKTOP-5JEIKFF",Negotiate,1016,"2025-03-24T07:00:35.1268469Z",5,Advapi,SYSTEM
"Mar 24, 2025 @ 12:00:35.815",4624,"DESKTOP-5JEIKFF",Negotiate,1016,"2025-03-24T07:00:35.1249521Z",5,Advapi,SYSTEM
"Mar 24, 2025 @ 12:00:35.812",4624,"DESKTOP-5JEIKFF",Negotiate,1016,"2025-03-24T07:00:35.0736185Z",5,Advapi,SYSTEM
"Mar 24, 2025 @ 12:00:23.875",4624,"CP-AKT-002931",Negotiate,1080,"2025-03-23T23:10:43.6958378Z",5,Advapi,SYSTEM
"Mar 24, 2025 @ 12:00:02.625",4624,"CP-AKT-002907",Negotiate,1192,"2025-03-24T07:00:01.4792763Z",5,Advapi,SYSTEM
"Mar 24, 2025 @ 12:00:01.211",4624,"CP-AKT-002911",Negotiate,1112,"2025-03-24T07:00:00.0138634Z",5,Advapi,SYSTEM
"Mar 24, 2025 @ 11:56:26.932",4624,"CP-AKT-002907",Negotiate,1192,"2025-03-24T06:56:25.7937202Z",5,Advapi,SYSTEM
"Mar 24, 2025 @ 11:54:49.074",4624,"DESKTOP-5JEIKFF",Negotiate,1016,"2025-03-24T06:54:49.0637392Z",5,Advapi,SYSTEM
"Mar 24, 2025 @ 11:54:48.879",4624,"DESKTOP-5JEIKFF",Negotiate,1016,"2025-03-24T06:54:48.1669967Z",5,Advapi,SYSTEM
"Mar 24, 2025 @ 11:54:00.682",4624,"DESKTOP-5JEIKFF",Negotiate,1016,"2025-03-24T06:53:59.9542226Z",5,Advapi,SYSTEM
"Mar 24, 2025 @ 11:52:34.763",4624,"CP-AKT-002911",Negotiate,1112,"2025-03-24T06:52:33.5976870Z",5,Advapi,SYSTEM
"Mar 24, 2025 @ 11:52:33.146",4624,"CP-AKT-002911",Negotiate,1112,"2025-03-24T06:52:31.9734995Z",5,Advapi,SYSTEM
"Mar 24, 2025 @ 11:51:21.360",4624,"CP-AKT-002931",Negotiate,1080,"2025-03-23T23:01:41.1976447Z",5,Advapi,SYSTEM
"Mar 24, 2025 @ 11:50:21.698",4624,"CP-AKT-002931",Negotiate,1080,"2025-03-23T23:00:41.5294232Z",5,Advapi,SYSTEM
"Mar 24, 2025 @ 11:47:20.823",4624,"CP-AKT-002912",Negotiate,1184,"2025-03-24T06:47:19.7139676Z",5,Advapi,SYSTEM
"Mar 24, 2025 @ 11:45:56.546",4624,"CP-AKT-002931",Negotiate,1080,"2025-03-23T22:56:17.1260650Z",5,Advapi,SYSTEM
"Mar 24, 2025 @ 11:45:56.537",4624,"CP-AKT-002931",Negotiate,1080,"2025-03-23T22:56:16.3741012Z",5,Advapi,SYSTEM
"Mar 24, 2025 @ 11:44:54.179",4624,"CP-AKT-002911",Negotiate,1112,"2025-03-24T06:44:53.7951862Z",5,Advapi,SYSTEM
"Mar 24, 2025 @ 11:44:53.963",4624,"CP-AKT-002911",Negotiate,1112,"2025-03-24T06:44:52.7866303Z",5,Advapi,SYSTEM
"Mar 24, 2025 @ 11:41:19.270",4624,"CP-AKT-002912",Negotiate,1184,"2025-03-24T06:41:18.1736761Z",5,Advapi,SYSTEM
"Mar 24, 2025 @ 11:40:55.446",4624,"CP-AKT-002908",Negotiate,1072,"2025-03-24T06:40:54.3180945Z",5,Advapi,SYSTEM
"Mar 24, 2025 @ 11:39:00.658",4624,"DESKTOP-5JEIKFF",Negotiate,1016,"2025-03-24T06:38:59.9452199Z",5,Advapi,SYSTEM
"Mar 24, 2025 @ 11:31:55.535",4624,"DESKTOP-5JEIKFF",Negotiate,1016,"2025-03-24T06:31:54.8250234Z",5,Advapi,SYSTEM
"Mar 24, 2025 @ 11:31:54.247",4624,"DESKTOP-5JEIKFF",Negotiate,1016,"2025-03-24T06:31:53.5386365Z",5,Advapi,SYSTEM
"Mar 24, 2025 @ 11:30:26.867",4624,"CP-AKT-002931",Negotiate,1080,"2025-03-23T22:40:46.7089110Z",5,Advapi,SYSTEM
"Mar 24, 2025 @ 11:28:45.493",4624,"CP-AKT-002907",Negotiate,1192,"2025-03-24T06:28:44.3623224Z",5,Advapi,SYSTEM
"Mar 24, 2025 @ 11:21:21.056",4624,"CP-AKT-002931",Negotiate,1080,"2025-03-23T22:31:40.9149602Z",5,Advapi,SYSTEM
"Mar 24, 2025 @ 11:19:13.275",4624,"DESKTOP-5JEIKFF",Negotiate,1016,"2025-03-24T06:19:12.6068539Z",5,Advapi,SYSTEM
"Mar 24, 2025 @ 11:16:35.660",4624,"CP-AKT-002911",Negotiate,1112,"2025-03-24T06:16:34.5531939Z",5,Advapi,SYSTEM
"Mar 24, 2025 @ 11:15:03.564",4625,"CP-AKT-002911",NTLM,1112,"2025-03-24T06:15:02.4702139Z",3,NtLmSsp,Administrator
"Mar 24, 2025 @ 11:15:02.527",4625,"CP-AKT-002911",NTLM,1112,"2025-03-24T06:15:01.4368240Z",3,NtLmSsp,Administrator
"Mar 24, 2025 @ 11:15:01.458",4625,"CP-AKT-002911",NTLM,1112,"2025-03-24T06:15:00.3714892Z",3,NtLmSsp,Administrator
"Mar 24, 2025 @ 11:14:53.634",4624,"CP-AKT-002931",Negotiate,1080,"2025-03-23T22:25:13.5766407Z",5,Advapi,SYSTEM
"Mar 24, 2025 @ 11:14:53.622",4624,"CP-AKT-002931",Negotiate,1080,"2025-03-23T22:25:13.5128842Z",5,Advapi,SYSTEM
"Mar 24, 2025 @ 11:14:11.878",4624,"DESKTOP-5JEIKFF",Negotiate,1016,"2025-03-24T06:14:11.2275500Z",5,Advapi,SYSTEM
"Mar 24, 2025 @ 11:14:10.893",4624,"DESKTOP-5JEIKFF",Negotiate,1016,"2025-03-24T06:14:11.1606365Z",5,Advapi,SYSTEM
"Mar 24, 2025 @ 11:13:58.255",4625,"CP-AKT-002912",NTLM,1184,"2025-03-24T06:13:57.2126736Z",3,NtLmSsp,Administrator
"Mar 24, 2025 @ 11:13:57.239",4625,"CP-AKT-002912",NTLM,1184,"2025-03-24T06:13:56.1927137Z",3,NtLmSsp,Administrator
"Mar 24, 2025 @ 11:13:56.222",4625,"CP-AKT-002912",NTLM,1184,"2025-03-24T06:13:55.1789398Z",3,NtLmSsp,Administrator
"Mar 24, 2025 @ 11:13:48.412",4625,"CP-AKT-002907",NTLM,1192,"2025-03-24T06:13:47.3334648Z",3,NtLmSsp,Administrator
"Mar 24, 2025 @ 11:13:47.380",4625,"CP-AKT-002907",NTLM,1192,"2025-03-24T06:13:46.3152813Z",3,NtLmSsp,Administrator
"Mar 24, 2025 @ 11:13:46.365",4625,"CP-AKT-002907",NTLM,1192,"2025-03-24T06:13:45.2955612Z",3,NtLmSsp,Administrator
"Mar 24, 2025 @ 11:13:15.781",4624,"CP-AKT-002912",Negotiate,1184,"2025-03-24T06:13:14.7341670Z",5,Advapi,SYSTEM
"Mar 24, 2025 @ 11:11:31.376",4624,"CP-AKT-002912",Negotiate,1184,"2025-03-24T06:11:30.3285779Z",5,Advapi,SYSTEM
"Mar 24, 2025 @ 11:10:08.483",4624,"CP-AKT-002912",Negotiate,1184,"2025-03-24T06:10:07.4303253Z",5,Advapi,SYSTEM
"Mar 24, 2025 @ 11:09:57.660",4624,"DESKTOP-5JEIKFF",Negotiate,1016,"2025-03-24T06:09:57.0096507Z",5,Advapi,SYSTEM
"Mar 24, 2025 @ 11:08:32.803",4624,"CP-AKT-002912",Negotiate,1184,"2025-03-24T06:08:31.7400706Z",5,Advapi,SYSTEM
"Mar 24, 2025 @ 11:06:44.109",4624,"DESKTOP-5JEIKFF",Negotiate,1016,"2025-03-24T06:06:43.4688854Z",5,Advapi,SYSTEM
"Mar 24, 2025 @ 11:03:31.740",4624,"CP-AKT-002931",Negotiate,1080,"2025-03-23T22:10:43.6786057Z",5,Advapi,SYSTEM
"Mar 24, 2025 @ 11:03:31.735",4624,"CP-AKT-002931",Negotiate,1080,"2025-03-23T21:59:27.9874370Z",5,Advapi,SYSTEM
"Mar 24, 2025 @ 11:03:31.729",4624,"CP-AKT-002931",Negotiate,1080,"2025-03-23T21:59:14.3534557Z",5,Advapi,SYSTEM
"Mar 24, 2025 @ 11:03:31.673",4624,"CP-AKT-002931",Negotiate,1080,"2025-03-23T21:59:12.4921885Z",5,Advapi,SYSTEM
"Mar 24, 2025 @ 11:03:31.673",4624,"CP-AKT-002931",Negotiate,1080,"2025-03-23T21:59:12.6638503Z",5,Advapi,SYSTEM
"Mar 24, 2025 @ 11:03:31.605",4624,"CP-AKT-002931",Negotiate,1080,"2025-03-23T21:40:22.4842425Z",5,Advapi,SYSTEM
"Mar 24, 2025 @ 11:03:31.604",4624,"CP-AKT-002931",Negotiate,1080,"2025-03-23T21:35:53.9581752Z",5,Advapi,SYSTEM
"Mar 24, 2025 @ 11:03:31.567",4624,"CP-AKT-002931",Negotiate,1080,"2025-03-23T21:33:54.8518515Z",5,Advapi,SYSTEM
"Mar 24, 2025 @ 11:03:31.567",4624,"CP-AKT-002931",Negotiate,1080,"2025-03-23T21:32:13.0190298Z",5,Advapi,SYSTEM
"Mar 24, 2025 @ 11:03:31.518",4624,"CP-AKT-002931",Negotiate,1080,"2025-03-23T21:31:40.4750742Z",5,Advapi,SYSTEM
"Mar 24, 2025 @ 11:03:31.508",4624,"CP-AKT-002931",Negotiate,1080,"2025-03-23T21:28:03.3183187Z",5,Advapi,SYSTEM
"Mar 24, 2025 @ 11:03:31.507",4624,"CP-AKT-002931",Negotiate,1080,"2025-03-23T21:28:00.0256988Z",5,Advapi,SYSTEM
"Mar 24, 2025 @ 11:03:31.507",4624,"CP-AKT-002931",Negotiate,1080,"2025-03-23T21:27:22.2635371Z",5,Advapi,SYSTEM
"Mar 24, 2025 @ 11:03:31.506",4624,"CP-AKT-002931",Negotiate,1080,"2025-03-23T21:26:27.4647905Z",5,Advapi,SYSTEM
"Mar 24, 2025 @ 11:03:31.448",4624,"CP-AKT-002931",Negotiate,1080,"2025-03-23T21:20:17.4197209Z",5,Advapi,SYSTEM
"Mar 24, 2025 @ 11:03:31.442",4624,"CP-AKT-002931",Negotiate,1080,"2025-03-23T21:20:16.4371527Z",5,Advapi,SYSTEM
"Mar 24, 2025 @ 11:03:31.395",4624,"CP-AKT-002931",Negotiate,1080,"2025-03-23T21:20:16.4001408Z",5,Advapi,SYSTEM
"Mar 24, 2025 @ 11:03:31.394",4624,"CP-AKT-002931",Negotiate,1080,"2025-03-23T21:20:15.9397544Z",5,Advapi,SYSTEM
"Mar 24, 2025 @ 11:03:31.393",4624,"CP-AKT-002931",Negotiate,1080,"2025-03-23T21:20:15.0954357Z",5,Advapi,SYSTEM
"Mar 24, 2025 @ 11:03:31.393",4624,"CP-AKT-002931",Negotiate,1080,"2025-03-23T21:19:15.2924062Z",5,Advapi,SYSTEM
"Mar 24, 2025 @ 11:03:31.392",4624,"CP-AKT-002931",Negotiate,1080,"2025-03-23T21:19:13.9827935Z",5,Advapi,SYSTEM
"Mar 24, 2025 @ 11:03:31.263",4624,"CP-AKT-002931",Negotiate,1080,"2025-03-23T21:18:00.3315828Z",5,Advapi,SYSTEM
"Mar 24, 2025 @ 11:03:31.053",4624,"CP-AKT-002931",Negotiate,1080,"2025-03-23T21:13:37.0060534Z",5,Advapi,SYSTEM
"Mar 24, 2025 @ 11:03:30.950",4624,"CP-AKT-002931",Negotiate,1080,"2025-03-23T21:11:22.6313147Z",5,Advapi,SYSTEM
"Mar 24, 2025 @ 11:03:30.950",4624,"CP-AKT-002931",Negotiate,1080,"2025-03-23T21:11:04.0897659Z",5,Advapi,SYSTEM
"Mar 24, 2025 @ 11:03:30.950",4624,"CP-AKT-002931",Negotiate,1080,"2025-03-23T21:12:22.8248205Z",5,Advapi,SYSTEM
"Mar 24, 2025 @ 11:03:30.600",4624,"CP-AKT-002931",Negotiate,1080,"2025-03-23T21:10:19.4239348Z",5,Advapi,SYSTEM
"Mar 24, 2025 @ 11:03:30.559",4624,"CP-AKT-002931",Negotiate,1080,"2025-03-23T21:10:00.7636624Z",5,Advapi,SYSTEM
"Mar 24, 2025 @ 11:03:30.533",4624,"CP-AKT-002931",Negotiate,1080,"2025-03-23T21:06:08.0537372Z",5,Advapi,SYSTEM
"Mar 24, 2025 @ 11:03:30.375",4624,"CP-AKT-002931",Negotiate,1080,"2025-03-23T20:58:42.6243560Z",5,Advapi,SYSTEM
"Mar 24, 2025 @ 11:03:30.375",4624,"CP-AKT-002931",Negotiate,1080,"2025-03-23T21:01:40.2139934Z",5,Advapi,SYSTEM
"Mar 24, 2025 @ 11:03:30.069",4624,"CP-AKT-002931",Negotiate,1080,"2025-03-23T20:50:58.2871873Z",5,Advapi,SYSTEM
"Mar 24, 2025 @ 11:03:30.032",4624,"CP-AKT-002931",Negotiate,1080,"2025-03-23T20:50:30.2608491Z",5,Advapi,SYSTEM
"Mar 24, 2025 @ 11:03:30.031",4624,"CP-AKT-002931",Negotiate,1080,"2025-03-23T20:43:40.5804930Z",5,Advapi,SYSTEM
"Mar 24, 2025 @ 11:03:29.896",4624,"CP-AKT-002931",Negotiate,1080,"2025-03-23T20:40:47.1365527Z",5,Advapi,SYSTEM
"Mar 24, 2025 @ 11:03:29.896",4624,"CP-AKT-002931",Negotiate,1080,"2025-03-23T20:39:40.2645285Z",5,Advapi,SYSTEM
"Mar 24, 2025 @ 11:03:29.837",4624,"CP-AKT-002931",Negotiate,1080,"2025-03-23T20:34:54.4130807Z",5,Advapi,SYSTEM
"Mar 24, 2025 @ 11:03:29.708",4624,"CP-AKT-002931",Negotiate,1080,"2025-03-23T20:31:39.9674928Z",5,Advapi,SYSTEM
"Mar 24, 2025 @ 11:03:29.661",4624,"CP-AKT-002931",Negotiate,1080,"2025-03-23T20:23:23.0805616Z",5,Advapi,SYSTEM
"Mar 24, 2025 @ 11:03:29.624",4624,"CP-AKT-002931",Negotiate,1080,"2025-03-23T20:20:18.8695313Z",5,Advapi,SYSTEM
"Mar 24, 2025 @ 11:03:28.752",4624,"CP-AKT-002931",Negotiate,1080,"2025-03-23T20:09:15.8891801Z",5,Advapi,SYSTEM
"Mar 24, 2025 @ 11:03:28.739",4624,"CP-AKT-002931",Negotiate,1080,"2025-03-23T20:08:16.9639773Z",5,Advapi,SYSTEM
"Mar 24, 2025 @ 11:03:28.194",4624,"CP-AKT-002931",Negotiate,1080,"2025-03-23T20:01:39.6704478Z",5,Advapi,SYSTEM
"Mar 24, 2025 @ 11:03:28.194",4624,"CP-AKT-002931",Negotiate,1080,"2025-03-23T19:42:04.7612343Z",5,Advapi,SYSTEM
"Mar 24, 2025 @ 11:03:27.681",4624,"CP-AKT-002931",Negotiate,1080,"2025-03-23T19:40:46.6915321Z",5,Advapi,SYSTEM
"Mar 24, 2025 @ 11:03:27.401",4624,"CP-AKT-002931",Negotiate,1080,"2025-03-23T19:35:54.0444822Z",5,Advapi,SYSTEM
"Mar 24, 2025 @ 11:03:27.335",4624,"CP-AKT-002931",Negotiate,1080,"2025-03-23T19:31:42.9182103Z",5,Advapi,SYSTEM
"Mar 24, 2025 @ 11:03:27.313",4624,"CP-AKT-002931",Negotiate,1080,"2025-03-23T19:31:42.7972324Z",5,Advapi,SYSTEM
"Mar 24, 2025 @ 11:03:27.185",4624,"CP-AKT-002931",Negotiate,1080,"2025-03-23T19:17:03.8353321Z",5,Advapi,SYSTEM
"Mar 24, 2025 @ 11:03:27.185",4624,"CP-AKT-002931",Negotiate,1080,"2025-03-23T19:31:39.3972623Z",5,Advapi,SYSTEM
"Mar 24, 2025 @ 11:03:26.475",4624,"CP-AKT-002931",Negotiate,1080,"2025-03-23T19:03:03.8111318Z",5,Advapi,SYSTEM
"Mar 24, 2025 @ 11:03:26.475",4624,"CP-AKT-002931",Negotiate,1080,"2025-03-23T19:10:43.5923495Z",5,Advapi,SYSTEM
"Mar 24, 2025 @ 11:03:26.227",4624,"CP-AKT-002931",Negotiate,1080,"2025-03-23T19:01:39.1372603Z",5,Advapi,SYSTEM
"Mar 24, 2025 @ 11:03:26.096",4624,"CP-AKT-002931",Negotiate,1080,"2025-03-23T18:40:46.8079096Z",5,Advapi,SYSTEM
"Mar 24, 2025 @ 11:03:25.669",4624,"CP-AKT-002931",Negotiate,1080,"2025-03-23T18:31:38.8574168Z",5,Advapi,SYSTEM
"Mar 24, 2025 @ 11:03:25.668",4624,"CP-AKT-002931",Negotiate,1080,"2025-03-23T18:23:52.6483135Z",5,Advapi,SYSTEM
"Mar 24, 2025 @ 11:03:25.666",4624,"CP-AKT-002931",Negotiate,1080,"2025-03-23T18:19:01.7582311Z",5,Advapi,SYSTEM
"Mar 24, 2025 @ 11:03:25.060",4624,"CP-AKT-002931",Negotiate,1080,"2025-03-23T18:10:43.6282007Z",5,Advapi,SYSTEM
"Mar 24, 2025 @ 11:03:24.858",4624,"CP-AKT-002931",Negotiate,1080,"2025-03-23T18:04:48.6006763Z",5,Advapi,SYSTEM
"Mar 24, 2025 @ 11:03:24.857",4624,"CP-AKT-002931",Negotiate,1080,"2025-03-23T18:04:45.7645093Z",5,Advapi,SYSTEM
"Mar 24, 2025 @ 11:03:24.678",4624,"CP-AKT-002931",Negotiate,1080,"2025-03-23T18:04:41.5432089Z",5,Advapi,SYSTEM
"Mar 24, 2025 @ 11:03:24.678",4624,"CP-AKT-002931",Negotiate,1080,"2025-03-23T18:04:42.9039364Z",5,Advapi,SYSTEM
"Mar 24, 2025 @ 11:03:24.375",4624,"CP-AKT-002931",Negotiate,1080,"2025-03-23T18:01:38.6215966Z",5,Advapi,SYSTEM
"Mar 24, 2025 @ 11:03:24.373",4624,"CP-AKT-002931",Negotiate,1080,"2025-03-23T17:45:49.6513173Z",5,Advapi,SYSTEM
"Mar 24, 2025 @ 11:03:24.373",4624,"CP-AKT-002931",Negotiate,1080,"2025-03-23T17:45:49.8975679Z",5,Advapi,SYSTEM
"Mar 24, 2025 @ 11:03:24.372",4624,"CP-AKT-002931",Negotiate,1080,"2025-03-23T17:41:02.1259183Z",5,Advapi,SYSTEM
"Mar 24, 2025 @ 11:03:24.371",4624,"CP-AKT-002931",Negotiate,1080,"2025-03-23T17:41:01.8719449Z",5,Advapi,SYSTEM
"Mar 24, 2025 @ 11:03:24.165",4624,"CP-AKT-002931",Negotiate,1080,"2025-03-23T17:40:46.6417033Z",5,Advapi,SYSTEM
"Mar 24, 2025 @ 11:03:24.096",4624,"CP-AKT-002931",Negotiate,1080,"2025-03-23T17:35:53.9526449Z",5,Advapi,SYSTEM
"Mar 24, 2025 @ 11:03:24.095",4624,"CP-AKT-002931",Negotiate,1080,"2025-03-23T17:31:53.2870025Z",5,Advapi,SYSTEM
"Mar 24, 2025 @ 11:03:24.095",4624,"CP-AKT-002931",Negotiate,1080,"2025-03-23T17:32:35.0628909Z",5,Advapi,SYSTEM
"Mar 24, 2025 @ 11:03:24.095",4624,"CP-AKT-002931",Negotiate,1080,"2025-03-23T17:32:35.0657420Z",5,Advapi,SYSTEM
"Mar 24, 2025 @ 11:03:24.091",4624,"CP-AKT-002931",Negotiate,1080,"2025-03-23T17:31:38.3368847Z",5,Advapi,SYSTEM
"Mar 24, 2025 @ 11:03:23.883",4624,"CP-AKT-002931",Negotiate,1080,"2025-03-23T17:29:56.1208983Z",5,Advapi,SYSTEM
"Mar 24, 2025 @ 11:03:23.871",4624,"CP-AKT-002931",Negotiate,1080,"2025-03-23T17:19:00.5290598Z",5,Advapi,SYSTEM
"Mar 24, 2025 @ 11:03:23.674",4624,"CP-AKT-002931",Negotiate,1080,"2025-03-23T17:17:24.8707307Z",5,Advapi,SYSTEM
"Mar 24, 2025 @ 11:03:23.093",4624,"CP-AKT-002931",Negotiate,1080,"2025-03-23T17:17:04.1468229Z",5,Advapi,SYSTEM
"Mar 24, 2025 @ 11:03:22.777",4624,"CP-AKT-002931",Negotiate,1080,"2025-03-23T17:16:41.7619152Z",5,Advapi,SYSTEM
"Mar 24, 2025 @ 11:03:22.715",4624,"CP-AKT-002931",Negotiate,1080,"2025-03-23T17:16:41.9033167Z",5,Advapi,SYSTEM
"Mar 24, 2025 @ 11:03:21.672",4624,"CP-AKT-002931",Negotiate,1080,"2025-03-23T17:10:43.5993107Z",5,Advapi,SYSTEM
"Mar 24, 2025 @ 11:03:21.671",4624,"CP-AKT-002931",Negotiate,1080,"2025-03-23T17:01:38.0795563Z",5,Advapi,SYSTEM
"Mar 24, 2025 @ 11:03:21.670",4624,"CP-AKT-002931",Negotiate,1080,"2025-03-23T16:40:46.4448648Z",5,Advapi,SYSTEM
"Mar 24, 2025 @ 11:03:21.641",4624,"CP-AKT-002931",Negotiate,1080,"2025-03-23T16:29:45.8340297Z",5,Advapi,SYSTEM
"Mar 24, 2025 @ 11:03:21.640",4624,"CP-AKT-002931",Negotiate,1080,"2025-03-23T16:31:37.7703469Z",5,Advapi,SYSTEM
"Mar 24, 2025 @ 11:03:21.607",4624,"CP-AKT-002931",Negotiate,1080,"2025-03-23T16:10:43.6021405Z",5,Advapi,SYSTEM
"Mar 24, 2025 @ 11:03:21.498",4624,"CP-AKT-002931",Negotiate,1080,"2025-03-23T16:01:37.5247397Z",5,Advapi,SYSTEM
"Mar 24, 2025 @ 11:03:21.201",4624,"CP-AKT-002931",Negotiate,1080,"2025-03-23T15:40:46.2378414Z",5,Advapi,SYSTEM
"Mar 24, 2025 @ 11:03:21.189",4624,"CP-AKT-002931",Negotiate,1080,"2025-03-23T15:35:53.9142266Z",5,Advapi,SYSTEM
"Mar 24, 2025 @ 11:03:21.118",4624,"CP-AKT-002931",Negotiate,1080,"2025-03-23T15:34:54.3762837Z",5,Advapi,SYSTEM
"Mar 24, 2025 @ 11:03:20.997",4624,"CP-AKT-002931",Negotiate,1080,"2025-03-23T15:31:37.2219397Z",5,Advapi,SYSTEM
"Mar 24, 2025 @ 11:03:20.996",4624,"CP-AKT-002931",Negotiate,1080,"2025-03-23T15:29:48.3872157Z",5,Advapi,SYSTEM
"Mar 24, 2025 @ 11:03:20.981",4624,"CP-AKT-002931",Negotiate,1080,"2025-03-23T15:29:47.4766385Z",5,Advapi,SYSTEM
"Mar 24, 2025 @ 11:03:20.282",4624,"CP-AKT-002931",Negotiate,1080,"2025-03-23T15:10:43.4481219Z",5,Advapi,SYSTEM
"Mar 24, 2025 @ 11:03:20.182",4624,"CP-AKT-002931",Negotiate,1080,"2025-03-23T15:01:36.9867736Z",5,Advapi,SYSTEM
"Mar 24, 2025 @ 11:03:20.009",4624,"CP-AKT-002931",Negotiate,1080,"2025-03-23T14:40:46.0274419Z",5,Advapi,SYSTEM
"Mar 24, 2025 @ 11:03:19.922",4624,"CP-AKT-002931",Negotiate,1080,"2025-03-23T14:31:36.7223765Z",5,Advapi,SYSTEM
"Mar 24, 2025 @ 11:03:19.920",4624,"CP-AKT-002931",Negotiate,1080,"2025-03-23T14:29:45.7799003Z",5,Advapi,SYSTEM
"Mar 24, 2025 @ 11:03:19.916",4624,"CP-AKT-002931",Negotiate,1080,"2025-03-23T14:25:43.2198809Z",5,Advapi,SYSTEM
"Mar 24, 2025 @ 11:03:19.602",4624,"CP-AKT-002931",Negotiate,1080,"2025-03-23T14:10:43.5766349Z",5,Advapi,SYSTEM
"Mar 24, 2025 @ 11:03:19.565",4624,"CP-AKT-002931",Negotiate,1080,"2025-03-23T14:01:36.3828021Z",5,Advapi,SYSTEM
"Mar 24, 2025 @ 11:03:19.356",4624,"CP-AKT-002931",Negotiate,1080,"2025-03-23T13:40:45.8232199Z",5,Advapi,SYSTEM
"Mar 24, 2025 @ 11:03:19.355",4624,"CP-AKT-002931",Negotiate,1080,"2025-03-23T13:35:53.9303424Z",5,Advapi,SYSTEM
"Mar 24, 2025 @ 11:03:19.226",4624,"CP-AKT-002931",Negotiate,1080,"2025-03-23T13:30:57.3666021Z",5,Advapi,SYSTEM
"Mar 24, 2025 @ 11:03:18.976",4624,"CP-AKT-002931",Negotiate,1080,"2025-03-23T13:30:52.8722826Z",5,Advapi,SYSTEM
"Mar 24, 2025 @ 11:03:18.976",4624,"CP-AKT-002931",Negotiate,1080,"2025-03-23T13:30:52.8410470Z",5,Advapi,SYSTEM
"Mar 24, 2025 @ 11:03:18.672",4624,"CP-AKT-002931",Negotiate,1080,"2025-03-23T13:30:47.4304837Z",5,Advapi,SYSTEM
"Mar 24, 2025 @ 11:03:18.618",4624,"CP-AKT-002931",Negotiate,1080,"2025-03-23T13:30:47.2804242Z",5,Advapi,SYSTEM
"Mar 24, 2025 @ 11:03:18.477",4624,"CP-AKT-002931",Negotiate,1080,"2025-03-23T13:30:46.9779694Z",5,Advapi,SYSTEM
"Mar 24, 2025 @ 11:03:18.443",4624,"CP-AKT-002931",Negotiate,1080,"2025-03-23T13:30:46.2624102Z",5,Advapi,SYSTEM
"Mar 24, 2025 @ 11:03:18.442",4624,"CP-AKT-002931",Negotiate,1080,"2025-03-23T13:30:46.2122289Z",5,Advapi,SYSTEM
"Mar 24, 2025 @ 11:03:18.442",4624,"CP-AKT-002931",Negotiate,1080,"2025-03-23T13:30:46.2120505Z",5,Advapi,SYSTEM
"Mar 24, 2025 @ 11:03:18.413",4624,"CP-AKT-002931",Negotiate,1080,"2025-03-23T13:29:45.7848271Z",5,Advapi,SYSTEM
"Mar 24, 2025 @ 11:03:16.585",4624,"CP-AKT-002931",Negotiate,1080,"2025-03-23T13:10:43.5573544Z",5,Advapi,SYSTEM
"Mar 24, 2025 @ 11:03:16.535",4624,"CP-AKT-002931",Negotiate,1080,"2025-03-23T13:01:35.9433092Z",5,Advapi,SYSTEM
"Mar 24, 2025 @ 11:03:16.168",4624,"CP-AKT-002931",Negotiate,1080,"2025-03-23T12:40:45.5898513Z",5,Advapi,SYSTEM
"Mar 24, 2025 @ 11:03:15.915",4624,"CP-AKT-002931",Negotiate,1080,"2025-03-23T12:31:35.6779961Z",5,Advapi,SYSTEM
"Mar 24, 2025 @ 11:03:15.839",4624,"CP-AKT-002931",Negotiate,1080,"2025-03-23T12:29:45.7902428Z",5,Advapi,SYSTEM
"Mar 24, 2025 @ 11:03:14.228",4624,"CP-AKT-002931",Negotiate,1080,"2025-03-23T12:10:43.5699853Z",5,Advapi,SYSTEM
"Mar 24, 2025 @ 11:03:13.622",4624,"CP-AKT-002931",Negotiate,1080,"2025-03-23T12:01:35.3238552Z",5,Advapi,SYSTEM
"Mar 24, 2025 @ 11:03:13.051",4624,"CP-AKT-002931",Negotiate,1080,"2025-03-23T11:43:55.0559611Z",5,Advapi,SYSTEM
"Mar 24, 2025 @ 11:03:11.969",4624,"CP-AKT-002931",Negotiate,1080,"2025-03-23T11:40:45.3723620Z",5,Advapi,SYSTEM
"Mar 24, 2025 @ 11:03:11.922",4624,"CP-AKT-002931",Negotiate,1080,"2025-03-23T11:35:54.1471959Z",5,Advapi,SYSTEM
"Mar 24, 2025 @ 11:03:11.852",4624,"CP-AKT-002931",Negotiate,1080,"2025-03-23T11:32:22.8297921Z",5,Advapi,SYSTEM
"Mar 24, 2025 @ 11:03:11.137",4624,"CP-AKT-002931",Negotiate,1080,"2025-03-23T11:30:46.3630263Z",5,Advapi,SYSTEM
"Mar 24, 2025 @ 11:03:10.359",4624,"CP-AKT-002931",Negotiate,1080,"2025-03-23T11:29:45.8050718Z",5,Advapi,SYSTEM
"Mar 24, 2025 @ 11:03:10.176",4624,"CP-AKT-002931",Negotiate,1080,"2025-03-23T11:29:45.7996734Z",5,Advapi,SYSTEM
"Mar 24, 2025 @ 11:03:07.727",4624,"CP-AKT-002931",Negotiate,1080,"2025-03-23T11:10:43.5605594Z",5,Advapi,SYSTEM
"Mar 24, 2025 @ 11:03:06.723",4624,"CP-AKT-002931",Negotiate,1080,"2025-03-23T11:01:34.8942466Z",5,Advapi,SYSTEM
"Mar 24, 2025 @ 11:03:02.283",4624,"CP-AKT-002931",Negotiate,1080,"2025-03-23T10:40:45.1660377Z",5,Advapi,SYSTEM
"Mar 24, 2025 @ 11:03:01.608",4624,"CP-AKT-002931",Negotiate,1080,"2025-03-23T10:31:34.6120582Z",5,Advapi,SYSTEM
"Mar 24, 2025 @ 11:03:01.574",4624,"CP-AKT-002931",Negotiate,1080,"2025-03-23T10:29:45.8044661Z",5,Advapi,SYSTEM
"Mar 24, 2025 @ 11:03:01.537",4624,"CP-AKT-002931",Negotiate,1080,"2025-03-23T10:21:19.3937940Z",5,Advapi,SYSTEM
"Mar 24, 2025 @ 11:03:01.371",4624,"CP-AKT-002931",Negotiate,1080,"2025-03-23T10:21:17.1715944Z",5,Advapi,SYSTEM
"Mar 24, 2025 @ 11:02:58.582",4624,"CP-AKT-002931",Negotiate,1080,"2025-03-23T10:10:43.5403342Z",5,Advapi,SYSTEM
"Mar 24, 2025 @ 11:02:58.311",4624,"CP-AKT-002931",Negotiate,1080,"2025-03-23T10:01:34.3698760Z",5,Advapi,SYSTEM
"Mar 24, 2025 @ 11:02:52.749",4624,"CP-AKT-002912",Negotiate,1184,"2025-03-24T05:54:39.0436060Z",5,Advapi,SYSTEM
"Mar 24, 2025 @ 11:02:52.660",4625,"CP-AKT-002912",NTLM,1184,"2025-03-24T05:12:27.1406303Z",3,NtLmSsp,Administrator
"Mar 24, 2025 @ 11:02:52.660",4624,"CP-AKT-002912",Negotiate,1184,"2025-03-24T05:35:26.7484258Z",5,Advapi,SYSTEM
"Mar 24, 2025 @ 11:02:52.659",4625,"CP-AKT-002912",NTLM,1184,"2025-03-24T05:12:26.1161030Z",3,NtLmSsp,Administrator
"Mar 24, 2025 @ 11:02:52.624",4625,"CP-AKT-002912",NTLM,1184,"2025-03-24T05:12:25.0967311Z",3,NtLmSsp,Administrator
"Mar 24, 2025 @ 11:02:48.439",4624,"CP-AKT-002912",Negotiate,1184,"2025-03-24T04:50:43.6427936Z",5,Advapi,SYSTEM
"Mar 24, 2025 @ 11:02:48.312",4624,"CP-AKT-002912",Negotiate,1184,"2025-03-24T04:46:33.9571631Z",5,Advapi,SYSTEM
"Mar 24, 2025 @ 11:02:48.281",4624,"CP-AKT-002912",Negotiate,1184,"2025-03-24T04:45:46.2816240Z",5,Advapi,SYSTEM
"Mar 24, 2025 @ 11:02:48.264",4624,"CP-AKT-002912",Negotiate,1184,"2025-03-24T04:38:55.3797365Z",5,Advapi,SYSTEM
"Mar 24, 2025 @ 11:02:48.257",4625,"CP-AKT-002912",NTLM,1184,"2025-03-24T04:12:57.3243723Z",3,NtLmSsp,Administrator
"Mar 24, 2025 @ 11:02:48.251",4625,"CP-AKT-002912",NTLM,1184,"2025-03-24T04:12:56.3001996Z",3,NtLmSsp,Administrator
"Mar 24, 2025 @ 11:02:48.197",4625,"CP-AKT-002912",NTLM,1184,"2025-03-24T04:12:55.2683334Z",3,NtLmSsp,Administrator
"Mar 24, 2025 @ 11:02:48.152",4624,"CP-AKT-002912",Negotiate,1184,"2025-03-24T03:59:48.5837116Z",5,Advapi,SYSTEM
"Mar 24, 2025 @ 11:02:48.152",4624,"CP-AKT-002912",Negotiate,1184,"2025-03-24T03:51:14.4633114Z",5,Advapi,SYSTEM
"Mar 24, 2025 @ 11:02:48.058",4624,"CP-AKT-002912",Negotiate,1184,"2025-03-24T03:39:47.3684780Z",5,Advapi,SYSTEM
"Mar 24, 2025 @ 11:02:48.030",4624,"CP-AKT-002912",Negotiate,1184,"2025-03-24T03:39:47.2696273Z",5,Advapi,SYSTEM
"Mar 24, 2025 @ 11:02:47.804",4625,"CP-AKT-002912",NTLM,1184,"2025-03-24T03:10:17.1339338Z",3,NtLmSsp,Administrator
"Mar 24, 2025 @ 11:02:47.804",4625,"CP-AKT-002912",NTLM,1184,"2025-03-24T03:10:16.1001851Z",3,NtLmSsp,Administrator
"Mar 24, 2025 @ 11:02:47.750",4625,"CP-AKT-002912",NTLM,1184,"2025-03-24T03:10:15.0771250Z",3,NtLmSsp,Administrator
"Mar 24, 2025 @ 11:02:47.627",4624,"CP-AKT-002912",Negotiate,1184,"2025-03-24T02:57:02.1843125Z",5,Advapi,SYSTEM
"Mar 24, 2025 @ 11:02:47.451",4624,"CP-AKT-002912",Negotiate,1184,"2025-03-24T02:52:44.9785187Z",5,Advapi,SYSTEM
"Mar 24, 2025 @ 11:02:47.450",4624,"CP-AKT-002912",Negotiate,1184,"2025-03-24T02:51:13.3938199Z",5,Advapi,SYSTEM
"Mar 24, 2025 @ 11:02:47.420",4624,"CP-AKT-002912",Negotiate,1184,"2025-03-24T02:51:13.3715545Z",5,Advapi,SYSTEM
"Mar 24, 2025 @ 11:02:47.217",4624,"CP-AKT-002912",Negotiate,1184,"2025-03-24T02:40:13.9566074Z",5,Advapi,SYSTEM
"Mar 24, 2025 @ 11:02:47.178",4624,"CP-AKT-002912",Negotiate,1184,"2025-03-24T02:26:51.3603794Z",5,Advapi,SYSTEM
"Mar 24, 2025 @ 11:02:46.936",4624,"CP-AKT-002912",Negotiate,1184,"2025-03-24T02:22:51.2352009Z",5,Advapi,SYSTEM
"Mar 24, 2025 @ 11:02:46.581",4624,"CP-AKT-002912",Negotiate,1184,"2025-03-24T02:08:13.5240923Z",5,Advapi,SYSTEM
"Mar 24, 2025 @ 11:02:46.580",4625,"CP-AKT-002912",NTLM,1184,"2025-03-24T02:08:01.8929618Z",3,NtLmSsp,Administrator
"Mar 24, 2025 @ 11:02:46.557",4625,"CP-AKT-002912",NTLM,1184,"2025-03-24T02:08:00.8665637Z",3,NtLmSsp,Administrator
"Mar 24, 2025 @ 11:02:46.532",4625,"CP-AKT-002912",NTLM,1184,"2025-03-24T02:07:59.8371001Z",3,NtLmSsp,Administrator
"Mar 24, 2025 @ 11:02:46.482",4624,"CP-AKT-002912",Negotiate,1184,"2025-03-24T02:04:13.6699823Z",5,Advapi,SYSTEM
"Mar 24, 2025 @ 11:02:46.391",4624,"CP-AKT-002912",Negotiate,1184,"2025-03-24T02:04:12.8626154Z",5,Advapi,SYSTEM
"Mar 24, 2025 @ 11:02:46.375",4624,"CP-AKT-002912",Negotiate,1184,"2025-03-24T02:00:11.4449540Z",5,Advapi,SYSTEM
"Mar 24, 2025 @ 11:02:46.094",4624,"CP-AKT-002912",Negotiate,1184,"2025-03-24T01:47:41.1635308Z",5,Advapi,SYSTEM
"Mar 24, 2025 @ 11:02:45.684",4624,"CP-AKT-002912",Negotiate,1184,"2025-03-24T01:45:16.1295425Z",5,Advapi,SYSTEM
"Mar 24, 2025 @ 11:02:45.361",4624,"CP-AKT-002912",Negotiate,1184,"2025-03-24T01:45:15.8912751Z",5,Advapi,SYSTEM
"Mar 24, 2025 @ 11:02:45.353",4624,"CP-AKT-002912",Negotiate,1184,"2025-03-24T01:42:47.8523523Z",5,Advapi,SYSTEM
"Mar 24, 2025 @ 11:02:37.011",4624,"CP-AKT-002907",Negotiate,1192,"2025-03-24T06:01:59.4745012Z",5,Advapi,SYSTEM
"Mar 24, 2025 @ 11:02:36.720",4624,"CP-AKT-002907",Negotiate,1192,"2025-03-24T06:01:58.4655376Z",5,Advapi,SYSTEM
"Mar 24, 2025 @ 11:02:36.674",4624,"CP-AKT-002907",Negotiate,1192,"2025-03-24T05:56:25.7542040Z",5,Advapi,SYSTEM
"Mar 24, 2025 @ 11:02:32.314",4624,"CP-AKT-002907",Negotiate,1192,"2025-03-24T05:25:20.0464383Z",5,Advapi,SYSTEM
"Mar 24, 2025 @ 11:02:31.082",4624,"CP-AKT-002912",Negotiate,1184,"2025-03-24T01:39:54.5409789Z",5,Advapi,SYSTEM
"Mar 24, 2025 @ 11:02:30.921",4625,"CP-AKT-002912",NTLM,1184,"2025-03-24T01:07:56.9887757Z",3,NtLmSsp,Administrator
"Mar 24, 2025 @ 11:02:30.899",4624,"CP-AKT-002912",Negotiate,1184,"2025-03-24T01:09:44.5542591Z",5,Advapi,SYSTEM
"Mar 24, 2025 @ 11:02:30.874",4624,"CP-AKT-002907",Negotiate,1192,"2025-03-24T05:25:18.9365539Z",5,Advapi,SYSTEM
"Mar 24, 2025 @ 11:02:30.873",4625,"CP-AKT-002912",NTLM,1184,"2025-03-24T01:07:55.9553901Z",3,NtLmSsp,Administrator
"Mar 24, 2025 @ 11:02:30.859",4625,"CP-AKT-002912",NTLM,1184,"2025-03-24T01:07:54.9243522Z",3,NtLmSsp,Administrator
"Mar 24, 2025 @ 11:02:30.818",4625,"CP-AKT-002907",NTLM,1192,"2025-03-24T05:13:47.4876095Z",3,NtLmSsp,Administrator
"Mar 24, 2025 @ 11:02:30.705",4625,"CP-AKT-002907",NTLM,1192,"2025-03-24T05:13:46.4593796Z",3,NtLmSsp,Administrator
"Mar 24, 2025 @ 11:02:30.634",4624,"CP-AKT-002907",Negotiate,1192,"2025-03-24T04:56:25.7037681Z",5,Advapi,SYSTEM
"Mar 24, 2025 @ 11:02:30.562",4624,"CP-AKT-002912",Negotiate,1184,"2025-03-24T00:42:46.9434841Z",5,Advapi,SYSTEM
"Mar 24, 2025 @ 11:02:30.369",4624,"CP-AKT-002912",Negotiate,1184,"2025-03-24T00:52:51.7223744Z",5,Advapi,SYSTEM
"Mar 24, 2025 @ 11:02:30.313",4625,"CP-AKT-002907",NTLM,1192,"2025-03-24T05:13:45.4319519Z",3,NtLmSsp,Administrator
"Mar 24, 2025 @ 11:02:30.300",4624,"CP-AKT-002912",Negotiate,1184,"2025-03-24T00:25:51.7738418Z",5,Advapi,SYSTEM
"Mar 24, 2025 @ 11:02:30.274",4624,"CP-AKT-002907",Negotiate,1192,"2025-03-24T04:28:24.1275890Z",5,Advapi,SYSTEM
"Mar 24, 2025 @ 11:02:30.068",4625,"CP-AKT-002912",NTLM,1184,"2025-03-24T00:05:31.8562225Z",3,NtLmSsp,Administrator
"Mar 24, 2025 @ 11:02:29.889",4625,"CP-AKT-002912",NTLM,1184,"2025-03-24T00:05:30.8334347Z",3,NtLmSsp,Administrator
"Mar 24, 2025 @ 11:02:29.447",4624,"CP-AKT-002907",Negotiate,1192,"2025-03-24T04:27:45.6066628Z",5,Advapi,SYSTEM
"Mar 24, 2025 @ 11:02:29.435",4625,"CP-AKT-002907",NTLM,1192,"2025-03-24T04:10:22.1243627Z",3,NtLmSsp,Administrator
"Mar 24, 2025 @ 11:02:29.409",4625,"CP-AKT-002912",NTLM,1184,"2025-03-24T00:05:29.8013748Z",3,NtLmSsp,Administrator
"Mar 24, 2025 @ 11:02:29.339",4624,"CP-AKT-002907",Negotiate,1192,"2025-03-24T03:56:25.6549526Z",5,Advapi,SYSTEM
"Mar 24, 2025 @ 11:02:29.252",4624,"CP-AKT-002912",Negotiate,1184,"2025-03-23T23:42:46.9194107Z",5,Advapi,SYSTEM
"Mar 24, 2025 @ 11:02:29.247",4624,"CP-AKT-002907",Negotiate,1192,"2025-03-24T04:03:52.3380953Z",5,Advapi,SYSTEM
"Mar 24, 2025 @ 11:02:29.247",4625,"CP-AKT-002907",NTLM,1192,"2025-03-24T04:10:21.1018237Z",3,NtLmSsp,Administrator
"Mar 24, 2025 @ 11:02:29.217",4625,"CP-AKT-002907",NTLM,1192,"2025-03-24T04:10:20.0793946Z",3,NtLmSsp,Administrator
"Mar 24, 2025 @ 11:02:29.061",4624,"CP-AKT-002907",Negotiate,1192,"2025-03-24T03:32:08.9249097Z",5,Advapi,SYSTEM
"Mar 24, 2025 @ 11:02:29.054",4624,"CP-AKT-002912",Negotiate,1184,"2025-03-23T23:42:46.7309385Z",5,Advapi,SYSTEM
"Mar 24, 2025 @ 11:02:28.746",4625,"CP-AKT-002912",NTLM,1184,"2025-03-23T23:05:36.9712577Z",3,NtLmSsp,Administrator
"Mar 24, 2025 @ 11:02:28.635",4624,"CP-AKT-002912",Negotiate,1184,"2025-03-23T23:42:46.6219106Z",5,Advapi,SYSTEM
"Mar 24, 2025 @ 11:02:28.359",4624,"CP-AKT-002907",Negotiate,1192,"2025-03-24T03:25:18.2791083Z",5,Advapi,SYSTEM
"Mar 24, 2025 @ 11:02:28.322",4625,"CP-AKT-002907",NTLM,1192,"2025-03-24T03:11:20.4176412Z",3,NtLmSsp,Administrator
"Mar 24, 2025 @ 11:02:28.322",4625,"CP-AKT-002907",NTLM,1192,"2025-03-24T03:11:21.4467860Z",3,NtLmSsp,Administrator
"Mar 24, 2025 @ 11:02:28.275",4625,"CP-AKT-002912",NTLM,1184,"2025-03-23T23:05:34.9189838Z",3,NtLmSsp,Administrator
"Mar 24, 2025 @ 11:02:28.273",4624,"CP-AKT-002907",Negotiate,1192,"2025-03-24T02:56:25.5630672Z",5,Advapi,SYSTEM
"Mar 24, 2025 @ 11:02:28.174",4624,"CP-AKT-002907",Negotiate,1192,"2025-03-24T02:45:21.0765116Z",5,Advapi,SYSTEM
"Mar 24, 2025 @ 11:02:28.174",4625,"CP-AKT-002912",NTLM,1184,"2025-03-23T23:05:35.9438740Z",3,NtLmSsp,Administrator
"Mar 24, 2025 @ 11:02:28.174",4625,"CP-AKT-002907",NTLM,1192,"2025-03-24T03:11:22.4615992Z",3,NtLmSsp,Administrator
"Mar 24, 2025 @ 11:02:27.930",4624,"CP-AKT-002907",Negotiate,1192,"2025-03-24T02:28:03.7758256Z",5,Advapi,SYSTEM
"Mar 24, 2025 @ 11:02:27.918",4624,"CP-AKT-002912",Negotiate,1184,"2025-03-23T22:42:46.9618272Z",5,Advapi,SYSTEM
"Mar 24, 2025 @ 11:02:27.917",4624,"CP-AKT-002907",Negotiate,1192,"2025-03-24T02:42:10.0732121Z",5,Advapi,SYSTEM
"Mar 24, 2025 @ 11:02:27.732",4624,"CP-AKT-002912",Negotiate,1184,"2025-03-23T22:20:54.0309907Z",5,Advapi,SYSTEM
"Mar 24, 2025 @ 11:02:27.731",4624,"CP-AKT-002907",Negotiate,1192,"2025-03-24T01:56:25.5071593Z",5,Advapi,SYSTEM
"Mar 24, 2025 @ 11:02:27.646",4624,"CP-AKT-002912",Negotiate,1184,"2025-03-23T22:20:59.3672310Z",5,Advapi,SYSTEM
"Mar 24, 2025 @ 11:02:27.558",4625,"CP-AKT-002907",NTLM,1192,"2025-03-24T02:10:20.2584489Z",3,NtLmSsp,Administrator
"Mar 24, 2025 @ 11:02:27.555",4625,"CP-AKT-002907",NTLM,1192,"2025-03-24T02:10:22.2997647Z",3,NtLmSsp,Administrator
"Mar 24, 2025 @ 11:02:27.473",4625,"CP-AKT-002907",NTLM,1192,"2025-03-24T02:10:21.2839148Z",3,NtLmSsp,Administrator
"Mar 24, 2025 @ 11:02:27.396",4625,"CP-AKT-002912",NTLM,1184,"2025-03-23T22:04:26.9496353Z",3,NtLmSsp,Administrator
"Mar 24, 2025 @ 11:02:27.376",4625,"CP-AKT-002912",NTLM,1184,"2025-03-23T22:04:25.9125700Z",3,NtLmSsp,Administrator
"Mar 24, 2025 @ 11:02:27.343",4625,"CP-AKT-002912",NTLM,1184,"2025-03-23T22:04:24.8769972Z",3,NtLmSsp,Administrator
"Mar 24, 2025 @ 11:02:27.260",4624,"CP-AKT-002912",Negotiate,1184,"2025-03-23T21:42:46.8813974Z",5,Advapi,SYSTEM
"Mar 24, 2025 @ 11:02:27.044",4624,"CP-AKT-002912",Negotiate,1184,"2025-03-23T21:08:17.7156857Z",5,Advapi,SYSTEM
"Mar 24, 2025 @ 11:02:27.031",4624,"CP-AKT-002912",Negotiate,1184,"2025-03-23T21:08:13.4387426Z",5,Advapi,SYSTEM
"Mar 24, 2025 @ 11:02:27.001",4624,"CP-AKT-002907",Negotiate,1192,"2025-03-24T01:29:02.0967312Z",5,Advapi,SYSTEM
"Mar 24, 2025 @ 11:02:26.948",4624,"CP-AKT-002907",Negotiate,1192,"2025-03-24T01:29:00.5472515Z",5,Advapi,SYSTEM
"Mar 24, 2025 @ 11:02:26.864",4625,"CP-AKT-002912",NTLM,1184,"2025-03-23T21:02:00.6489206Z",3,NtLmSsp,Administrator
"Mar 24, 2025 @ 11:02:26.777",4625,"CP-AKT-002912",NTLM,1184,"2025-03-23T21:01:59.6170128Z",3,NtLmSsp,Administrator
"Mar 24, 2025 @ 11:02:26.734",4625,"CP-AKT-002912",NTLM,1184,"2025-03-23T21:02:01.6737631Z",3,NtLmSsp,Administrator
"Mar 24, 2025 @ 11:02:26.573",4624,"CP-AKT-002912",Negotiate,1184,"2025-03-23T20:53:52.6572443Z",5,Advapi,SYSTEM
"Mar 24, 2025 @ 11:02:26.394",4624,"CP-AKT-002907",Negotiate,1192,"2025-03-24T01:25:17.1962440Z",5,Advapi,SYSTEM
"Mar 24, 2025 @ 11:02:26.304",4624,"CP-AKT-002912",Negotiate,1184,"2025-03-23T20:42:46.6432337Z",5,Advapi,SYSTEM
"Mar 24, 2025 @ 11:02:26.246",4624,"CP-AKT-002912",Negotiate,1184,"2025-03-23T20:53:48.0130004Z",5,Advapi,SYSTEM
"Mar 24, 2025 @ 11:02:26.048",4624,"CP-AKT-002912",Negotiate,1184,"2025-03-23T20:42:46.6263060Z",5,Advapi,SYSTEM
"Mar 24, 2025 @ 11:02:26.046",4624,"CP-AKT-002912",Negotiate,1184,"2025-03-23T20:29:50.9159561Z",5,Advapi,SYSTEM
"Mar 24, 2025 @ 11:02:25.346",4624,"CP-AKT-002912",Negotiate,1184,"2025-03-23T20:17:57.1044359Z",5,Advapi,SYSTEM
"Mar 24, 2025 @ 11:02:25.339",4624,"CP-AKT-002907",Negotiate,1192,"2025-03-24T01:16:01.9156714Z",5,Advapi,SYSTEM
"Mar 24, 2025 @ 11:02:25.135",4625,"CP-AKT-002912",NTLM,1184,"2025-03-23T20:00:56.6190167Z",3,NtLmSsp,Administrator
"Mar 24, 2025 @ 11:02:25.093",4625,"CP-AKT-002912",NTLM,1184,"2025-03-23T20:00:55.5975848Z",3,NtLmSsp,Administrator
"Mar 24, 2025 @ 11:02:25.071",4625,"CP-AKT-002912",NTLM,1184,"2025-03-23T20:00:54.5709234Z",3,NtLmSsp,Administrator
"Mar 24, 2025 @ 11:02:25.027",4624,"CP-AKT-002912",Negotiate,1184,"2025-03-23T19:53:31.6531026Z",5,Advapi,SYSTEM
"Mar 24, 2025 @ 11:02:24.954",4624,"CP-AKT-002907",Negotiate,1192,"2025-03-24T01:16:01.9115274Z",5,Advapi,SYSTEM
"Mar 24, 2025 @ 11:02:24.899",4624,"CP-AKT-002912",Negotiate,1184,"2025-03-23T19:50:34.1697200Z",5,Advapi,SYSTEM
"Mar 24, 2025 @ 11:02:24.741",4624,"CP-AKT-002912",Negotiate,1184,"2025-03-23T19:49:45.7074655Z",5,Advapi,SYSTEM
"Mar 24, 2025 @ 11:02:24.258",4624,"CP-AKT-002912",Negotiate,1184,"2025-03-23T19:38:25.2629996Z",5,Advapi,SYSTEM
"Mar 24, 2025 @ 11:02:23.795",4624,"CP-AKT-002912",Negotiate,1184,"2025-03-23T19:38:25.1059952Z",5,Advapi,SYSTEM
"Mar 24, 2025 @ 11:02:23.599",4624,"CP-AKT-002912",Negotiate,1184,"2025-03-23T19:38:23.2601966Z",5,Advapi,SYSTEM
"Mar 24, 2025 @ 11:02:23.416",4624,"CP-AKT-002912",Negotiate,1184,"2025-03-23T19:38:18.1005146Z",5,Advapi,SYSTEM
"Mar 24, 2025 @ 11:02:23.260",4624,"CP-AKT-002912",Negotiate,1184,"2025-03-23T19:21:03.2409863Z",5,Advapi,SYSTEM
"Mar 24, 2025 @ 11:02:23.169",4624,"CP-AKT-002912",Negotiate,1184,"2025-03-23T19:03:52.3217872Z",5,Advapi,SYSTEM
"Mar 24, 2025 @ 11:02:23.167",4624,"CP-AKT-002908",Negotiate,1072,"2025-03-24T05:00:26.7935722Z",5,Advapi,SYSTEM
"Mar 24, 2025 @ 11:02:23.151",4624,"CP-AKT-002908",Negotiate,1072,"2025-03-24T04:56:32.9094486Z",5,Advapi,SYSTEM
"Mar 24, 2025 @ 11:02:23.146",4625,"CP-AKT-002912",NTLM,1184,"2025-03-23T19:00:56.7280956Z",3,NtLmSsp,Administrator
"Mar 24, 2025 @ 11:02:23.018",4625,"CP-AKT-002912",NTLM,1184,"2025-03-23T19:00:55.7087869Z",3,NtLmSsp,Administrator
"Mar 24, 2025 @ 11:02:22.716",4624,"CP-AKT-002912",Negotiate,1184,"2025-03-23T18:21:47.8514351Z",5,Advapi,SYSTEM
"Mar 24, 2025 @ 11:02:22.681",4625,"CP-AKT-002912",NTLM,1184,"2025-03-23T19:00:54.6873286Z",3,NtLmSsp,Administrator
"Mar 24, 2025 @ 11:02:22.556",4624,"CP-AKT-002908",Negotiate,1072,"2025-03-24T04:55:40.7185310Z",5,Advapi,SYSTEM
"Mar 24, 2025 @ 11:02:21.770",4624,"CP-AKT-002912",Negotiate,1184,"2025-03-23T18:03:52.2867284Z",5,Advapi,SYSTEM
"Mar 24, 2025 @ 11:02:21.375",4624,"CP-AKT-002907",Negotiate,1192,"2025-03-24T01:14:18.9744477Z",5,Advapi,SYSTEM
"Mar 24, 2025 @ 11:02:21.244",4624,"CP-AKT-002907",Negotiate,1192,"2025-03-24T01:14:19.8257455Z",5,Advapi,SYSTEM
"Mar 24, 2025 @ 11:02:21.228",4625,"CP-AKT-002912",NTLM,1184,"2025-03-23T17:59:46.7212665Z",3,NtLmSsp,Administrator
"Mar 24, 2025 @ 11:02:21.220",4624,"CP-AKT-002907",Negotiate,1192,"2025-03-24T01:14:19.3577748Z",5,Advapi,SYSTEM
"Mar 24, 2025 @ 11:02:21.219",4625,"CP-AKT-002907",NTLM,1192,"2025-03-24T01:09:06.8342716Z",3,NtLmSsp,Administrator
"Mar 24, 2025 @ 11:02:21.211",4624,"CP-AKT-002908",Negotiate,1072,"2025-03-24T04:53:45.9289672Z",5,Advapi,SYSTEM
"Mar 24, 2025 @ 11:02:20.724",4625,"CP-AKT-002912",NTLM,1184,"2025-03-23T17:59:45.6782368Z",3,NtLmSsp,Administrator
"Mar 24, 2025 @ 11:02:20.493",4625,"CP-AKT-002907",NTLM,1192,"2025-03-24T01:09:04.7903866Z",3,NtLmSsp,Administrator
"Mar 24, 2025 @ 11:02:20.493",4625,"CP-AKT-002907",NTLM,1192,"2025-03-24T01:09:05.8182559Z",3,NtLmSsp,Administrator
"Mar 24, 2025 @ 11:02:20.382",4624,"CP-AKT-002908",Negotiate,1072,"2025-03-24T04:53:04.8015525Z",5,Advapi,SYSTEM
"Mar 24, 2025 @ 11:02:19.853",4624,"CP-AKT-002908",Negotiate,1072,"2025-03-24T04:53:00.5339055Z",5,Advapi,SYSTEM
"Mar 24, 2025 @ 11:02:19.226",4624,"CP-AKT-002908",Negotiate,1072,"2025-03-24T04:38:56.6141449Z",5,Advapi,SYSTEM
"Mar 24, 2025 @ 11:02:19.042",4625,"CP-AKT-002912",NTLM,1184,"2025-03-23T17:59:44.6462122Z",3,NtLmSsp,Administrator
"Mar 24, 2025 @ 11:02:19.041",4625,"CP-AKT-002907",NTLM,1192,"2025-03-24T00:08:01.8508566Z",3,NtLmSsp,Administrator
"Mar 24, 2025 @ 11:02:19.041",4624,"CP-AKT-002907",Negotiate,1192,"2025-03-24T00:27:43.1498565Z",5,Advapi,SYSTEM
"Mar 24, 2025 @ 11:02:19.041",4625,"CP-AKT-002907",NTLM,1192,"2025-03-24T00:08:00.8246635Z",3,NtLmSsp,Administrator
"Mar 24, 2025 @ 11:02:19.041",4624,"CP-AKT-002912",Negotiate,1184,"2025-03-23T17:48:47.0181780Z",5,Advapi,SYSTEM
"Mar 24, 2025 @ 11:02:19.041",4624,"CP-AKT-002908",Negotiate,1072,"2025-03-24T04:09:54.4388196Z",5,Advapi,SYSTEM
"Mar 24, 2025 @ 11:02:19.041",4624,"CP-AKT-002907",Negotiate,1192,"2025-03-24T00:56:25.1735146Z",5,Advapi,SYSTEM
"Mar 24, 2025 @ 11:02:18.993",4624,"CP-AKT-002907",Negotiate,1192,"2025-03-23T23:56:25.1679539Z",5,Advapi,SYSTEM
"Mar 24, 2025 @ 11:02:18.868",4625,"CP-AKT-002907",NTLM,1192,"2025-03-24T00:07:59.8068349Z",3,NtLmSsp,Administrator
"Mar 24, 2025 @ 11:02:18.867",4624,"CP-AKT-002908",Negotiate,1072,"2025-03-24T02:00:43.9191830Z",5,Advapi,SYSTEM
"Mar 24, 2025 @ 11:02:18.867",4624,"CP-AKT-002908",Negotiate,1072,"2025-03-24T04:09:49.9397261Z",5,Advapi,SYSTEM
"Mar 24, 2025 @ 11:02:15.619",4624,"CP-AKT-002907",Negotiate,1192,"2025-03-23T23:25:16.5536769Z",5,Advapi,SYSTEM
"Mar 24, 2025 @ 11:02:15.442",4624,"CP-AKT-002908",Negotiate,1072,"2025-03-24T02:00:39.3058025Z",5,Advapi,SYSTEM
"Mar 24, 2025 @ 11:02:15.441",4624,"CP-AKT-002907",Negotiate,1192,"2025-03-23T23:08:59.7076490Z",5,Advapi,SYSTEM
"Mar 24, 2025 @ 11:02:15.400",4624,"CP-AKT-002908",Negotiate,1072,"2025-03-24T01:33:35.1902281Z",5,Advapi,SYSTEM
"Mar 24, 2025 @ 11:02:15.357",4624,"CP-AKT-002908",Negotiate,1072,"2025-03-24T01:33:35.0210562Z",5,Advapi,SYSTEM
"Mar 24, 2025 @ 11:02:15.356",4625,"CP-AKT-002907",NTLM,1192,"2025-03-23T23:06:45.8835195Z",3,NtLmSsp,Administrator
"Mar 24, 2025 @ 11:02:15.335",4624,"CP-AKT-002907",Negotiate,1192,"2025-03-23T23:08:59.6299513Z",5,Advapi,SYSTEM
"Mar 24, 2025 @ 11:02:15.316",4625,"CP-AKT-002907",NTLM,1192,"2025-03-23T23:06:44.8529950Z",3,NtLmSsp,Administrator
"Mar 24, 2025 @ 11:02:15.296",4625,"CP-AKT-002907",NTLM,1192,"2025-03-23T23:06:46.8991400Z",3,NtLmSsp,Administrator
"Mar 24, 2025 @ 11:02:15.224",4624,"CP-AKT-002907",Negotiate,1192,"2025-03-23T22:56:25.1531215Z",5,Advapi,SYSTEM
"Mar 24, 2025 @ 11:02:15.223",4624,"CP-AKT-002907",Negotiate,1192,"2025-03-23T22:27:22.9740787Z",5,Advapi,SYSTEM
"Mar 24, 2025 @ 11:02:15.223",4625,"CP-AKT-002907",NTLM,1192,"2025-03-23T22:05:36.8939679Z",3,NtLmSsp,Administrator
"Mar 24, 2025 @ 11:02:15.222",4625,"CP-AKT-002907",NTLM,1192,"2025-03-23T22:05:35.8692444Z",3,NtLmSsp,Administrator
"Mar 24, 2025 @ 11:02:14.600",4625,"CP-AKT-002907",NTLM,1192,"2025-03-23T22:05:34.8505889Z",3,NtLmSsp,Administrator
"Mar 24, 2025 @ 11:02:13.443",4624,"CP-AKT-002907",Negotiate,1192,"2025-03-23T22:04:05.3299268Z",5,Advapi,SYSTEM
"Mar 24, 2025 @ 11:02:13.306",4624,"CP-AKT-002907",Negotiate,1192,"2025-03-23T21:56:25.1568698Z",5,Advapi,SYSTEM
"Mar 24, 2025 @ 11:02:13.119",4624,"CP-AKT-002908",Negotiate,1072,"2025-03-24T01:30:54.7452349Z",5,Advapi,SYSTEM
"Mar 24, 2025 @ 11:02:12.771",4624,"CP-AKT-002908",Negotiate,1072,"2025-03-24T01:19:24.7585846Z",5,Advapi,SYSTEM
"Mar 24, 2025 @ 11:02:12.770",4624,"CP-AKT-002908",Negotiate,1072,"2025-03-24T01:26:09.7309286Z",5,Advapi,SYSTEM
"Mar 24, 2025 @ 11:02:12.531",4624,"CP-AKT-002908",Negotiate,1072,"2025-03-24T01:22:20.9825999Z",5,Advapi,SYSTEM
"Mar 24, 2025 @ 11:02:12.257",4624,"CP-AKT-002908",Negotiate,1072,"2025-03-24T01:19:24.1799663Z",5,Advapi,SYSTEM
"Mar 24, 2025 @ 11:02:09.249",4624,"CP-AKT-002908",Negotiate,1072,"2025-03-24T01:18:49.8653942Z",5,Advapi,SYSTEM
"Mar 24, 2025 @ 11:02:09.001",4624,"CP-AKT-002908",Negotiate,1072,"2025-03-24T01:18:49.8754201Z",5,Advapi,SYSTEM
"Mar 24, 2025 @ 11:02:08.042",4624,"CP-AKT-002907",Negotiate,1192,"2025-03-23T21:25:17.4871163Z",5,Advapi,SYSTEM
"Mar 24, 2025 @ 11:02:07.823",4624,"CP-AKT-002908",Negotiate,1072,"2025-03-24T01:00:39.1286961Z",5,Advapi,SYSTEM
"Mar 24, 2025 @ 11:02:07.628",4624,"CP-AKT-002908",Negotiate,1072,"2025-03-24T01:00:38.4475740Z",5,Advapi,SYSTEM
"Mar 24, 2025 @ 11:02:07.627",4624,"CP-AKT-002908",Negotiate,1072,"2025-03-24T01:00:38.6696492Z",5,Advapi,SYSTEM
"Mar 24, 2025 @ 11:02:06.678",4624,"CP-AKT-002908",Negotiate,1072,"2025-03-23T23:04:53.6095431Z",5,Advapi,SYSTEM
"Mar 24, 2025 @ 11:02:06.177",4624,"CP-AKT-002908",Negotiate,1072,"2025-03-23T23:43:58.3089534Z",5,Advapi,SYSTEM
"Mar 24, 2025 @ 11:02:06.176",4624,"CP-AKT-002907",Negotiate,1192,"2025-03-23T21:25:15.9871313Z",5,Advapi,SYSTEM
"Mar 24, 2025 @ 11:02:05.902",4625,"CP-AKT-002907",NTLM,1192,"2025-03-23T21:04:29.8992450Z",3,NtLmSsp,Administrator
"Mar 24, 2025 @ 11:02:05.841",4625,"CP-AKT-002907",NTLM,1192,"2025-03-23T21:04:31.9353974Z",3,NtLmSsp,Administrator
"Mar 24, 2025 @ 11:02:05.490",4624,"CP-AKT-002907",Negotiate,1192,"2025-03-23T20:56:25.1418800Z",5,Advapi,SYSTEM
"Mar 24, 2025 @ 11:02:05.365",4624,"CP-AKT-002908",Negotiate,1072,"2025-03-23T19:00:40.7335973Z",5,Advapi,SYSTEM
"Mar 24, 2025 @ 11:02:05.358",4625,"CP-AKT-002907",NTLM,1192,"2025-03-23T21:04:30.9196613Z",3,NtLmSsp,Administrator
"Mar 24, 2025 @ 11:02:05.339",4624,"CP-AKT-002908",Negotiate,1072,"2025-03-23T22:45:52.0848488Z",5,Advapi,SYSTEM
"Mar 24, 2025 @ 11:02:05.339",4624,"CP-AKT-002907",Negotiate,1192,"2025-03-23T20:27:08.3447076Z",5,Advapi,SYSTEM
"Mar 24, 2025 @ 11:02:05.196",4624,"CP-AKT-002908",Negotiate,1072,"2025-03-23T22:45:51.9446450Z",5,Advapi,SYSTEM
"Mar 24, 2025 @ 11:02:04.982",4624,"CP-AKT-002907",Negotiate,1192,"2025-03-23T20:22:40.0121599Z",5,Advapi,SYSTEM
"Mar 24, 2025 @ 11:02:04.947",4625,"CP-AKT-002907",NTLM,1192,"2025-03-23T20:03:21.9098890Z",3,NtLmSsp,Administrator
"Mar 24, 2025 @ 11:02:04.518",4624,"CP-AKT-002908",Negotiate,1072,"2025-03-23T19:00:36.1582067Z",5,Advapi,SYSTEM
"Mar 24, 2025 @ 11:02:04.430",4625,"CP-AKT-002907",NTLM,1192,"2025-03-23T20:03:20.8884323Z",3,NtLmSsp,Administrator
"Mar 24, 2025 @ 11:02:04.260",4625,"CP-AKT-002907",NTLM,1192,"2025-03-23T20:03:19.8635637Z",3,NtLmSsp,Administrator
"Mar 24, 2025 @ 11:02:04.198",4624,"CP-AKT-002907",Negotiate,1192,"2025-03-23T19:56:25.1405374Z",5,Advapi,SYSTEM
"Mar 24, 2025 @ 11:02:03.905",4624,"CP-AKT-002908",Negotiate,1072,"2025-03-23T18:02:10.0542508Z",5,Advapi,SYSTEM
"Mar 24, 2025 @ 11:02:03.349",4624,"CP-AKT-002908",Negotiate,1072,"2025-03-23T18:02:09.9839045Z",5,Advapi,SYSTEM
"Mar 24, 2025 @ 11:02:03.324",4624,"CP-AKT-002907",Negotiate,1192,"2025-03-23T19:20:54.7340676Z",5,Advapi,SYSTEM
"Mar 24, 2025 @ 11:02:03.118",4624,"CP-AKT-002907",Negotiate,1192,"2025-03-23T19:20:54.3116448Z",5,Advapi,SYSTEM
"Mar 24, 2025 @ 11:02:03.112",4624,"CP-AKT-002907",Negotiate,1192,"2025-03-23T19:20:51.3793153Z",5,Advapi,SYSTEM
"Mar 24, 2025 @ 11:02:03.040",4624,"CP-AKT-002907",Negotiate,1192,"2025-03-23T19:14:45.7715623Z",5,Advapi,SYSTEM
"Mar 24, 2025 @ 11:02:02.768",4625,"CP-AKT-002907",NTLM,1192,"2025-03-23T19:02:04.7984185Z",3,NtLmSsp,Administrator
"Mar 24, 2025 @ 11:02:02.688",4625,"CP-AKT-002907",NTLM,1192,"2025-03-23T19:02:06.8383152Z",3,NtLmSsp,Administrator
"Mar 24, 2025 @ 11:02:02.632",4625,"CP-AKT-002907",NTLM,1192,"2025-03-23T19:02:05.8226678Z",3,NtLmSsp,Administrator
"Mar 24, 2025 @ 11:02:02.558",4624,"CP-AKT-002907",Negotiate,1192,"2025-03-23T18:56:25.1366866Z",5,Advapi,SYSTEM
"Mar 24, 2025 @ 11:02:02.402",4624,"CP-AKT-002907",Negotiate,1192,"2025-03-23T18:26:48.1811009Z",5,Advapi,SYSTEM
"Mar 24, 2025 @ 11:02:02.347",4624,"CP-AKT-002907",Negotiate,1192,"2025-03-23T18:26:43.8412836Z",5,Advapi,SYSTEM
"Mar 24, 2025 @ 11:02:02.084",4624,"CP-AKT-002907",Negotiate,1192,"2025-03-23T18:21:11.3058423Z",5,Advapi,SYSTEM
"Mar 24, 2025 @ 11:02:02.072",4624,"CP-AKT-002907",Negotiate,1192,"2025-03-23T18:16:41.8746396Z",5,Advapi,SYSTEM
"Mar 24, 2025 @ 11:01:58.978",4625,"CP-AKT-002907",NTLM,1192,"2025-03-23T18:00:56.7286295Z",3,NtLmSsp,Administrator
"Mar 24, 2025 @ 11:01:58.903",4624,"CP-AKT-002907",Negotiate,1192,"2025-03-23T17:56:25.1292410Z",5,Advapi,SYSTEM
"Mar 24, 2025 @ 11:01:58.865",4624,"CP-AKT-002907",Negotiate,1192,"2025-03-23T17:54:41.1822103Z",5,Advapi,SYSTEM
"Mar 24, 2025 @ 11:01:58.626",4625,"CP-AKT-002907",NTLM,1192,"2025-03-23T18:00:55.7040733Z",3,NtLmSsp,Administrator
"Mar 24, 2025 @ 11:01:58.626",4625,"CP-AKT-002907",NTLM,1192,"2025-03-23T18:00:54.6804920Z",3,NtLmSsp,Administrator
"Mar 24, 2025 @ 11:01:58.585",4624,"CP-AKT-002907",Negotiate,1192,"2025-03-23T17:54:41.1091073Z",5,Advapi,SYSTEM
"Mar 24, 2025 @ 11:01:48.491",4624,"DESKTOP-5JEIKFF",Negotiate,1016,"2025-03-24T06:01:47.3287383Z",5,Advapi,SYSTEM
"Mar 24, 2025 @ 11:01:46.143",4624,"DESKTOP-5JEIKFF",Negotiate,1016,"2025-03-24T06:01:45.0379885Z",5,Advapi,SYSTEM
"Mar 24, 2025 @ 11:01:35.324",4624,"DESKTOP-5JEIKFF",Negotiate,1016,"2025-03-24T06:01:25.6299439Z",2,User32,Project
"Mar 24, 2025 @ 11:01:34.986",4624,"DESKTOP-5JEIKFF",Negotiate,1016,"2025-03-24T06:01:25.6299352Z",2,User32,Project
"Mar 24, 2025 @ 11:01:34.191",4624,"DESKTOP-5JEIKFF",Negotiate,1016,"2025-03-24T06:01:22.4261461Z",5,Advapi,SYSTEM
"Mar 24, 2025 @ 11:01:33.052",4624,"DESKTOP-5JEIKFF",Negotiate,1016,"2025-03-24T06:01:19.3149482Z",5,Advapi,SYSTEM
"Mar 24, 2025 @ 11:01:31.513",4624,"DESKTOP-5JEIKFF",Negotiate,1016,"2025-03-24T06:01:18.6852081Z",5,Advapi,SYSTEM
"Mar 23, 2025 @ 22:44:01.088",4624,"DESKTOP-5JEIKFF",Negotiate,1016,"2025-03-23T17:44:00.1802757Z",5,Advapi,SYSTEM
"Mar 23, 2025 @ 22:40:47.483",4624,"CP-AKT-002907",Negotiate,1192,"2025-03-23T17:40:46.2360943Z",5,Advapi,SYSTEM
"Mar 23, 2025 @ 22:40:36.395",4624,"CP-AKT-002907",Negotiate,1192,"2025-03-23T17:40:35.0502243Z",11,CredPro,Administrator
"Mar 23, 2025 @ 22:40:30.077",4625,"CP-AKT-002907",Negotiate,1192,"2025-03-23T17:40:28.8115481Z",11,CredPro,Administrator
"Mar 23, 2025 @ 22:40:30.065",4625,"CP-AKT-002907",Negotiate,1192,"2025-03-23T17:40:28.9255944Z",2,CredPro,Administrator
"Mar 23, 2025 @ 22:40:17.989",4624,"CP-AKT-002907",Negotiate,1192,"2025-03-23T17:40:16.7284120Z",5,Advapi,SYSTEM
"Mar 23, 2025 @ 22:39:10.319",4624,"DESKTOP-5JEIKFF",Negotiate,1016,"2025-03-23T17:39:09.3614468Z",5,Advapi,SYSTEM
"Mar 23, 2025 @ 22:33:31.788",4624,"DESKTOP-5JEIKFF",Negotiate,1016,"2025-03-23T17:33:30.8784266Z",5,Advapi,SYSTEM
"Mar 23, 2025 @ 22:31:45.531",4624,"CP-AKT-002907",Negotiate,1192,"2025-03-23T17:31:44.2457063Z",5,Advapi,SYSTEM
"Mar 23, 2025 @ 22:31:45.518",4624,"CP-AKT-002907",Negotiate,1192,"2025-03-23T17:31:44.2415269Z",5,Advapi,SYSTEM
"Mar 23, 2025 @ 22:30:24.666",4624,"CP-AKT-002931",Negotiate,1080,"2025-03-23T09:40:44.9210433Z",5,Advapi,SYSTEM
"Mar 23, 2025 @ 22:28:29.844",4624,"CP-AKT-002908",Negotiate,1072,"2025-03-23T17:28:28.7854884Z",5,Advapi,SYSTEM
"Mar 23, 2025 @ 22:25:33.814",4624,"CP-AKT-002931",Negotiate,1080,"2025-03-23T09:35:54.0685238Z",5,Advapi,SYSTEM
"Mar 23, 2025 @ 22:22:17.832",4624,"DESKTOP-5JEIKFF",Negotiate,1016,"2025-03-23T17:22:16.9530409Z",5,Advapi,SYSTEM
"Mar 23, 2025 @ 22:21:13.825",4624,"CP-AKT-002931",Negotiate,1080,"2025-03-23T09:31:34.0681209Z",5,Advapi,SYSTEM
"Mar 23, 2025 @ 22:20:42.731",4624,"CP-AKT-002907",Negotiate,1192,"2025-03-23T17:20:40.5195741Z",5,Advapi,SYSTEM
"Mar 23, 2025 @ 22:20:42.729",4624,"CP-AKT-002907",Negotiate,1192,"2025-03-23T17:20:39.4744514Z",5,Advapi,SYSTEM
"Mar 23, 2025 @ 22:20:42.694",4624,"CP-AKT-002907",Negotiate,1192,"2025-03-23T17:20:39.3963551Z",5,Advapi,SYSTEM
"Mar 23, 2025 @ 22:20:42.653",4624,"CP-AKT-002907",Negotiate,1192,"2025-03-23T17:20:36.4132132Z",5,Advapi,SYSTEM
"Mar 23, 2025 @ 22:19:25.518",4624,"CP-AKT-002931",Negotiate,1080,"2025-03-23T09:29:45.7778400Z",5,Advapi,SYSTEM
"Mar 23, 2025 @ 22:15:13.120",4624,"DESKTOP-5JEIKFF",Negotiate,1016,"2025-03-23T17:15:12.4701249Z",5,Advapi,SYSTEM
"Mar 23, 2025 @ 22:15:13.120",4624,"DESKTOP-5JEIKFF",Negotiate,1016,"2025-03-23T17:15:12.2358647Z",5,Advapi,SYSTEM
"Mar 23, 2025 @ 22:15:13.038",4624,"DESKTOP-5JEIKFF",Negotiate,1016,"2025-03-23T17:15:12.1785145Z",5,Advapi,SYSTEM
"Mar 23, 2025 @ 22:15:05.124",4624,"CP-AKT-002907",Negotiate,1192,"2025-03-23T17:15:03.8599188Z",5,Advapi,SYSTEM
"Mar 23, 2025 @ 22:14:07.832",4624,"DESKTOP-5JEIKFF",Negotiate,1016,"2025-03-23T17:14:06.9864798Z",5,Advapi,SYSTEM
"Mar 23, 2025 @ 22:13:13.994",4624,"DESKTOP-5JEIKFF",Negotiate,1016,"2025-03-23T17:13:13.1300746Z",5,Advapi,SYSTEM
"Mar 23, 2025 @ 22:11:02.549",4624,"CP-AKT-002907",Negotiate,1192,"2025-03-23T17:11:01.7081082Z",5,Advapi,SYSTEM
"Mar 23, 2025 @ 22:11:02.524",4624,"CP-AKT-002907",Negotiate,1192,"2025-03-23T17:11:01.2948372Z",5,Advapi,SYSTEM
"Mar 23, 2025 @ 22:08:19.554",4624,"DESKTOP-5JEIKFF",Negotiate,1016,"2025-03-23T17:08:18.6791160Z",5,Advapi,SYSTEM
"Mar 23, 2025 @ 22:07:17.829",4624,"DESKTOP-5JEIKFF",Negotiate,1016,"2025-03-23T17:07:16.9437787Z",5,Advapi,SYSTEM
"Mar 23, 2025 @ 22:05:14.977",4624,"DESKTOP-5JEIKFF",Negotiate,1016,"2025-03-23T17:05:14.0988142Z",5,Advapi,SYSTEM
"Mar 23, 2025 @ 22:03:52.771",4624,"CP-AKT-002912",Negotiate,1184,"2025-03-23T17:03:51.6555741Z",5,Advapi,SYSTEM
"Mar 23, 2025 @ 22:00:23.259",4624,"CP-AKT-002931",Negotiate,1080,"2025-03-23T09:10:43.5241832Z",5,Advapi,SYSTEM
"Mar 23, 2025 @ 21:59:47.966",4625,"CP-AKT-002912",NTLM,1184,"2025-03-23T16:59:46.8700053Z",3,NtLmSsp,Administrator
"Mar 23, 2025 @ 21:59:46.936",4625,"CP-AKT-002912",NTLM,1184,"2025-03-23T16:59:45.8420546Z",3,NtLmSsp,Administrator
"Mar 23, 2025 @ 21:59:45.900",4625,"CP-AKT-002912",NTLM,1184,"2025-03-23T16:59:44.8175573Z",3,NtLmSsp,Administrator
"Mar 23, 2025 @ 21:58:05.694",4624,"CP-AKT-002931",Negotiate,1080,"2025-03-23T09:08:25.9764338Z",5,Advapi,SYSTEM
"Mar 23, 2025 @ 21:57:27.796",4625,"CP-AKT-002907",NTLM,1192,"2025-03-23T16:57:26.5797763Z",3,NtLmSsp,Administrator
"Mar 23, 2025 @ 21:57:26.785",4625,"CP-AKT-002907",NTLM,1192,"2025-03-23T16:57:25.5561694Z",3,NtLmSsp,Administrator
"Mar 23, 2025 @ 21:57:25.733",4625,"CP-AKT-002907",NTLM,1192,"2025-03-23T16:57:24.5297989Z",3,NtLmSsp,Administrator
"Mar 23, 2025 @ 21:56:25.323",4624,"CP-AKT-002907",Negotiate,1192,"2025-03-23T16:56:24.1180487Z",5,Advapi,SYSTEM
"Mar 23, 2025 @ 21:51:13.510",4624,"CP-AKT-002931",Negotiate,1080,"2025-03-23T09:01:33.7831148Z",5,Advapi,SYSTEM
"Mar 23, 2025 @ 21:49:03.977",4624,"DESKTOP-5JEIKFF",Negotiate,1016,"2025-03-23T16:49:03.0999350Z",5,Advapi,SYSTEM
"Mar 23, 2025 @ 21:41:06.900",4624,"CP-AKT000209",Negotiate,1184,"2025-03-22T08:07:47.6173479Z",11,CredPro,Administrator
"Mar 23, 2025 @ 21:39:39.320",4624,"DESKTOP-5JEIKFF",Negotiate,1016,"2025-03-23T16:39:38.3936002Z",5,Advapi,SYSTEM
"Mar 23, 2025 @ 21:39:38.660",4624,"CP-AKT000209",Negotiate,1184,"2025-03-22T08:06:19.4628419Z",5,Advapi,SYSTEM
"Mar 23, 2025 @ 21:39:22.124",4624,"CP-AKT000209",Negotiate,1184,"2025-03-22T08:06:02.9215667Z",5,Advapi,SYSTEM
"Mar 23, 2025 @ 21:39:17.147",4624,"CP-AKT-002907",Negotiate,1192,"2025-03-23T16:39:15.9175675Z",5,Advapi,SYSTEM
"Mar 23, 2025 @ 21:39:10.140",4624,"DESKTOP-5JEIKFF",Negotiate,1016,"2025-03-23T16:39:09.2803862Z",5,Advapi,SYSTEM
"Mar 23, 2025 @ 21:39:06.369",4624,"CP-AKT000209",Negotiate,1184,"2025-03-22T08:05:47.1413725Z",11,CredPro,Administrator
"Mar 23, 2025 @ 21:38:38.836",4624,"CP-AKT000209",Negotiate,1184,"2025-03-22T08:05:19.6058092Z",5,Advapi,SYSTEM
"Mar 23, 2025 @ 21:38:20.685",4624,"CP-AKT000209",Negotiate,1184,"2025-03-22T08:05:01.4442138Z",11,CredPro,Administrator
"Mar 23, 2025 @ 21:37:32.926",4624,"CP-AKT000209",Negotiate,1184,"2025-03-22T08:04:13.6567234Z",11,CredPro,Administrator
"Mar 23, 2025 @ 21:37:20.418",4625,"CP-AKT000209",Negotiate,1184,"2025-03-22T08:04:01.2004598Z",11,CredPro,Administrator
"Mar 23, 2025 @ 21:37:20.407",4625,"CP-AKT000209",Negotiate,1184,"2025-03-22T08:04:01.2133211Z",2,CredPro,Administrator
"Mar 23, 2025 @ 21:37:14.749",4625,"CP-AKT000209",Negotiate,1184,"2025-03-22T08:03:55.5329707Z",11,CredPro,Administrator
"Mar 23, 2025 @ 21:37:14.748",4625,"CP-AKT000209",Negotiate,1184,"2025-03-22T08:03:55.5473612Z",2,CredPro,Administrator
"Mar 23, 2025 @ 21:36:34.796",4624,"CP-AKT000209",Negotiate,1184,"2025-03-22T08:03:15.5889832Z",5,Advapi,SYSTEM
"Mar 23, 2025 @ 21:36:11.344",4624,"CP-AKT000209",Negotiate,1184,"2025-03-22T08:02:52.4362988Z",5,Advapi,SYSTEM
"Mar 23, 2025 @ 21:36:11.294",4624,"CP-AKT000209",Negotiate,1184,"2025-03-22T08:02:52.0749690Z",5,Advapi,SYSTEM
"Mar 23, 2025 @ 21:36:05.614",4624,"CP-AKT000209",Negotiate,1184,"2025-03-22T08:02:46.3875067Z",5,Advapi,SYSTEM
"Mar 23, 2025 @ 21:34:58.673",4624,"CP-AKT000209",Negotiate,1184,"2025-03-22T08:01:39.4860438Z",5,Advapi,SYSTEM
"Mar 23, 2025 @ 21:34:46.225",4624,"CP-AKT-002907",Negotiate,1192,"2025-03-23T16:34:44.9448548Z",5,Advapi,SYSTEM
"Mar 23, 2025 @ 21:34:17.811",4624,"DESKTOP-5JEIKFF",Negotiate,1016,"2025-03-23T16:34:16.9414537Z",5,Advapi,SYSTEM
"Mar 23, 2025 @ 21:33:23.095",4625,"CP-AKT000209",Negotiate,1184,"2025-03-22T08:00:03.8611229Z",3,Advapi,Guest
"Mar 23, 2025 @ 21:33:20.996",4625,"CP-AKT000209",Negotiate,1184,"2025-03-22T08:00:01.8355312Z",3,Advapi,Guest
"Mar 23, 2025 @ 21:33:20.973",4625,"CP-AKT000209",Negotiate,1184,"2025-03-22T08:00:01.9581720Z",3,Advapi,Guest
"Mar 23, 2025 @ 21:33:12.426",4624,"CP-AKT000209",Negotiate,1184,"2025-03-22T07:59:53.2118083Z",5,Advapi,SYSTEM
"Mar 23, 2025 @ 21:30:24.430",4624,"CP-AKT-002931",Negotiate,1080,"2025-03-23T08:40:44.6940940Z",5,Advapi,SYSTEM
"Mar 23, 2025 @ 21:29:19.522",4624,"CP-AKT-002907",Negotiate,1192,"2025-03-23T16:29:18.2916800Z",5,Advapi,SYSTEM
"Mar 23, 2025 @ 21:28:21.589",4624,"DESKTOP-5JEIKFF",Negotiate,1016,"2025-03-23T16:28:20.7162949Z",5,Advapi,SYSTEM
"Mar 23, 2025 @ 21:26:59.572",4624,"CP-AKT000209",Negotiate,1184,"2025-03-22T07:53:40.3368092Z",5,Advapi,SYSTEM
"Mar 23, 2025 @ 21:26:29.292",4624,"CP-AKT-002907",Negotiate,1192,"2025-03-23T16:26:28.0483522Z",5,Advapi,SYSTEM
"Mar 23, 2025 @ 21:26:00.245",4624,"CP-AKT000209",Negotiate,1184,"2025-03-22T07:52:41.0663835Z",5,Advapi,SYSTEM
"Mar 23, 2025 @ 21:25:48.214",4624,"CP-AKT000209",Negotiate,1184,"2025-03-22T07:52:29.0011233Z",5,Advapi,SYSTEM
"Mar 23, 2025 @ 21:22:17.908",4624,"DESKTOP-5JEIKFF",Negotiate,1016,"2025-03-23T16:22:16.9455931Z",5,Advapi,SYSTEM
"Mar 23, 2025 @ 21:21:13.206",4624,"CP-AKT-002931",Negotiate,1080,"2025-03-23T08:31:33.4687891Z",5,Advapi,SYSTEM
"Mar 23, 2025 @ 21:19:30.436",4624,"CP-AKT000209",Negotiate,1184,"2025-03-22T07:46:11.2442567Z",5,Advapi,SYSTEM
"Mar 23, 2025 @ 21:19:25.302",4624,"CP-AKT-002931",Negotiate,1080,"2025-03-23T08:29:45.6030481Z",5,Advapi,SYSTEM
"Mar 23, 2025 @ 21:18:51.673",4624,"CP-AKT-002908",Negotiate,1072,"2025-03-23T16:18:50.5923424Z",5,Advapi,SYSTEM
"Mar 23, 2025 @ 21:17:11.289",4624,"CP-AKT-002908",Negotiate,1072,"2025-03-23T16:17:10.2062312Z",5,Advapi,SYSTEM
"Mar 23, 2025 @ 21:11:01.828",4624,"DESKTOP-5JEIKFF",Negotiate,1016,"2025-03-23T16:11:01.6677293Z",5,Advapi,SYSTEM
"Mar 23, 2025 @ 21:10:34.818",4624,"CP-AKT-002907",Negotiate,1192,"2025-03-23T16:10:33.5853546Z",5,Advapi,SYSTEM
"Mar 23, 2025 @ 21:10:34.797",4624,"CP-AKT-002907",Negotiate,1192,"2025-03-23T16:10:34.0068176Z",5,Advapi,SYSTEM
"Mar 23, 2025 @ 21:08:44.575",4624,"CP-AKT000209",Negotiate,1184,"2025-03-22T07:35:25.4112615Z",5,Advapi,SYSTEM
"Mar 23, 2025 @ 21:08:18.921",4624,"CP-AKT-002912",Negotiate,1184,"2025-03-23T16:08:17.8316855Z",5,Advapi,SYSTEM
"Mar 23, 2025 @ 21:08:14.392",4624,"CP-AKT-002912",Negotiate,1184,"2025-03-23T16:08:13.3366216Z",5,Advapi,SYSTEM
"Mar 23, 2025 @ 21:08:00.044",4624,"CP-AKT000209",Negotiate,1184,"2025-03-22T07:34:40.8796600Z",5,Advapi,SYSTEM
"Mar 23, 2025 @ 21:07:17.783",4624,"DESKTOP-5JEIKFF",Negotiate,1016,"2025-03-23T16:07:16.9414973Z",5,Advapi,SYSTEM
"Mar 23, 2025 @ 21:06:53.894",4624,"DESKTOP-5JEIKFF",Negotiate,1016,"2025-03-23T16:06:53.0725259Z",5,Advapi,SYSTEM
"Mar 23, 2025 @ 21:05:53.314",4624,"DESKTOP-5JEIKFF",Negotiate,1016,"2025-03-23T16:05:52.4746778Z",5,Advapi,SYSTEM
"Mar 23, 2025 @ 21:03:52.717",4624,"CP-AKT-002912",Negotiate,1184,"2025-03-23T16:03:51.6481019Z",5,Advapi,SYSTEM
"Mar 23, 2025 @ 21:02:41.338",4624,"CP-AKT000209",Negotiate,1184,"2025-03-22T07:29:22.1724906Z",5,Advapi,SYSTEM
"Mar 23, 2025 @ 21:01:35.941",4624,"CP-AKT-002931",Negotiate,1080,"2025-03-23T08:11:56.1923496Z",5,Advapi,SYSTEM
"Mar 23, 2025 @ 21:00:44.289",4624,"CP-AKT-002908",Negotiate,1072,"2025-03-23T16:00:43.2091790Z",5,Advapi,SYSTEM
"Mar 23, 2025 @ 21:00:39.929",4624,"CP-AKT-002908",Negotiate,1072,"2025-03-23T16:00:38.8511264Z",5,Advapi,SYSTEM
"Mar 23, 2025 @ 21:00:33.903",4624,"DESKTOP-5JEIKFF",Negotiate,1016,"2025-03-23T16:00:33.1372092Z",5,Advapi,SYSTEM
"Mar 23, 2025 @ 21:00:31.647",4624,"DESKTOP-5JEIKFF",Negotiate,1016,"2025-03-23T16:00:30.8228465Z",5,Advapi,SYSTEM
"Mar 23, 2025 @ 21:00:31.647",4624,"DESKTOP-5JEIKFF",Negotiate,1016,"2025-03-23T16:00:31.7123265Z",5,Advapi,SYSTEM
"Mar 23, 2025 @ 21:00:23.250",4624,"CP-AKT-002931",Negotiate,1080,"2025-03-23T08:10:43.5322246Z",5,Advapi,SYSTEM
"Mar 23, 2025 @ 21:00:09.830",4624,"DESKTOP-5JEIKFF",Negotiate,1016,"2025-03-23T16:00:08.9566050Z",5,Advapi,SYSTEM
"Mar 23, 2025 @ 21:00:09.827",4624,"DESKTOP-5JEIKFF",Negotiate,1016,"2025-03-23T16:00:08.9622942Z",5,Advapi,SYSTEM
"Mar 23, 2025 @ 21:00:09.827",4624,"DESKTOP-5JEIKFF",Negotiate,1016,"2025-03-23T16:00:08.9577810Z",5,Advapi,SYSTEM
"Mar 23, 2025 @ 21:00:09.800",4624,"DESKTOP-5JEIKFF",Negotiate,1016,"2025-03-23T16:00:08.9562275Z",5,Advapi,SYSTEM
"Mar 23, 2025 @ 21:00:09.796",4624,"DESKTOP-5JEIKFF",Negotiate,1016,"2025-03-23T16:00:08.9581858Z",5,Advapi,SYSTEM
"Mar 23, 2025 @ 21:00:09.786",4624,"DESKTOP-5JEIKFF",Negotiate,1016,"2025-03-23T16:00:08.9553070Z",5,Advapi,SYSTEM
"Mar 23, 2025 @ 21:00:08.335",4624,"DESKTOP-5JEIKFF",Negotiate,1016,"2025-03-23T16:00:08.4633132Z",5,Advapi,SYSTEM
"Mar 23, 2025 @ 21:00:08.317",4624,"DESKTOP-5JEIKFF",Negotiate,1016,"2025-03-23T16:00:07.4758064Z",5,Advapi,SYSTEM
"Mar 23, 2025 @ 21:00:07.044",4624,"DESKTOP-5JEIKFF",Negotiate,1016,"2025-03-23T16:00:06.1106516Z",5,Advapi,SYSTEM
"Mar 23, 2025 @ 21:00:07.017",4624,"DESKTOP-5JEIKFF",Negotiate,1016,"2025-03-23T16:00:06.1102744Z",5,Advapi,SYSTEM
"Mar 23, 2025 @ 21:00:07.001",4624,"DESKTOP-5JEIKFF",Negotiate,1016,"2025-03-23T16:00:06.1579460Z",5,Advapi,SYSTEM
"Mar 23, 2025 @ 21:00:06.973",4624,"DESKTOP-5JEIKFF",Negotiate,1016,"2025-03-23T16:00:06.1088873Z",5,Advapi,SYSTEM
"Mar 23, 2025 @ 21:00:06.953",4624,"DESKTOP-5JEIKFF",Negotiate,1016,"2025-03-23T16:00:06.1084340Z",5,Advapi,SYSTEM
"Mar 23, 2025 @ 21:00:06.930",4624,"DESKTOP-5JEIKFF",Negotiate,1016,"2025-03-23T16:00:06.1065983Z",5,Advapi,SYSTEM
"Mar 23, 2025 @ 21:00:02.846",4624,"DESKTOP-5JEIKFF",Negotiate,1016,"2025-03-23T16:00:02.0122335Z",5,Advapi,SYSTEM
"Mar 23, 2025 @ 20:59:36.111",4624,"CP-AKT-002908",Negotiate,1072,"2025-03-23T15:59:35.0460194Z",5,Advapi,SYSTEM
"Mar 23, 2025 @ 20:58:43.116",4625,"CP-AKT-002907",NTLM,1192,"2025-03-23T15:58:41.8985380Z",3,NtLmSsp,Administrator
"Mar 23, 2025 @ 20:58:42.074",4625,"CP-AKT-002907",NTLM,1192,"2025-03-23T15:58:40.8845136Z",3,NtLmSsp,Administrator
"Mar 23, 2025 @ 20:58:41.036",4625,"CP-AKT-002907",NTLM,1192,"2025-03-23T15:58:39.8575941Z",3,NtLmSsp,Administrator
"Mar 23, 2025 @ 20:58:41.019",4624,"CP-AKT000209",Negotiate,1184,"2025-03-22T07:25:21.8414281Z",5,Advapi,SYSTEM
"Mar 23, 2025 @ 20:58:31.125",4624,"DESKTOP-5JEIKFF",Negotiate,1016,"2025-03-23T15:58:30.2793633Z",5,Advapi,SYSTEM
"Mar 23, 2025 @ 20:58:30.997",4624,"DESKTOP-5JEIKFF",Negotiate,1016,"2025-03-23T15:58:30.2039436Z",5,Advapi,SYSTEM
"Mar 23, 2025 @ 20:58:00.587",4624,"CP-AKT000209",Negotiate,1184,"2025-03-22T07:24:41.4390187Z",5,Advapi,SYSTEM
"Mar 23, 2025 @ 20:56:58.116",4624,"CP-AKT000209",Negotiate,1184,"2025-03-22T07:23:38.9618615Z",5,Advapi,SYSTEM
"Mar 23, 2025 @ 20:56:41.385",4624,"CP-AKT-002907",Negotiate,1192,"2025-03-23T15:56:40.1647726Z",5,Advapi,SYSTEM
"Mar 23, 2025 @ 20:56:41.343",4624,"CP-AKT-002907",Negotiate,1192,"2025-03-23T15:56:40.1401664Z",5,Advapi,SYSTEM
"Mar 23, 2025 @ 20:56:36.287",4624,"CP-AKT-002907",Negotiate,1192,"2025-03-23T15:56:35.1093563Z",5,Advapi,SYSTEM
"Mar 23, 2025 @ 20:56:28.878",4624,"CP-AKT-002907",Negotiate,1192,"2025-03-23T15:56:27.6712634Z",5,Advapi,SYSTEM
"Mar 23, 2025 @ 20:56:24.560",4624,"CP-AKT-002907",Negotiate,1192,"2025-03-23T15:56:23.3841666Z",5,Advapi,SYSTEM
"Mar 23, 2025 @ 20:56:17.565",4625,"CP-AKT-002912",NTLM,1184,"2025-03-23T15:56:16.5282405Z",3,NtLmSsp,Administrator
"Mar 23, 2025 @ 20:56:16.536",4625,"CP-AKT-002912",NTLM,1184,"2025-03-23T15:56:15.5033465Z",3,NtLmSsp,Administrator
"Mar 23, 2025 @ 20:56:15.543",4625,"CP-AKT-002912",NTLM,1184,"2025-03-23T15:56:14.4792086Z",3,NtLmSsp,Administrator
"Mar 23, 2025 @ 20:56:12.621",4625,"CP-AKT000209",NTLM,1184,"2025-03-22T07:22:53.4676354Z",3,NtLmSsp,Administrator
"Mar 23, 2025 @ 20:56:11.576",4625,"CP-AKT000209",NTLM,1184,"2025-03-22T07:22:52.4294965Z",3,NtLmSsp,Administrator
"Mar 23, 2025 @ 20:56:10.544",4625,"CP-AKT000209",NTLM,1184,"2025-03-22T07:22:51.3879202Z",3,NtLmSsp,Administrator
"Mar 23, 2025 @ 20:54:58.370",4624,"DESKTOP-5JEIKFF",Negotiate,1016,"2025-03-23T15:54:57.6689674Z",5,Advapi,SYSTEM
"Mar 23, 2025 @ 20:54:58.238",4624,"DESKTOP-5JEIKFF",Negotiate,1016,"2025-03-23T15:54:57.4084082Z",5,Advapi,SYSTEM
"Mar 23, 2025 @ 20:52:28.167",4624,"CP-AKT000209",Negotiate,1184,"2025-03-22T07:19:08.9977767Z",5,Advapi,SYSTEM
"Mar 23, 2025 @ 20:52:24.443",4624,"CP-AKT-002907",Negotiate,1192,"2025-03-23T15:52:23.3197614Z",5,Advapi,SYSTEM
"Mar 23, 2025 @ 20:52:24.430",4624,"CP-AKT-002907",Negotiate,1192,"2025-03-23T15:52:23.2370677Z",5,Advapi,SYSTEM
"Mar 23, 2025 @ 20:52:17.784",4624,"DESKTOP-5JEIKFF",Negotiate,1016,"2025-03-23T15:52:16.9442802Z",5,Advapi,SYSTEM
"Mar 23, 2025 @ 20:51:12.753",4624,"CP-AKT-002931",Negotiate,1080,"2025-03-23T08:01:33.0661112Z",5,Advapi,SYSTEM
"Mar 23, 2025 @ 20:48:52.985",4624,"CP-AKT-002908",Negotiate,1072,"2025-03-23T15:48:52.7811421Z",5,Advapi,SYSTEM
"Mar 23, 2025 @ 20:48:52.971",4624,"CP-AKT-002908",Negotiate,1072,"2025-03-23T15:48:51.8622052Z",5,Advapi,SYSTEM
"Mar 23, 2025 @ 20:47:56.488",4624,"CP-AKT-002908",Negotiate,1072,"2025-03-23T15:47:55.4206137Z",5,Advapi,SYSTEM
"Mar 23, 2025 @ 20:47:45.357",4624,"CP-AKT-002908",Negotiate,1072,"2025-03-23T15:47:44.2968802Z",5,Advapi,SYSTEM
"Mar 23, 2025 @ 20:47:31.140",4624,"DESKTOP-5JEIKFF",Negotiate,1016,"2025-03-23T15:47:30.3249986Z",5,Advapi,SYSTEM
"Mar 23, 2025 @ 20:47:25.615",4624,"CP-AKT-002931",Negotiate,1080,"2025-03-23T07:57:45.9305487Z",5,Advapi,SYSTEM
"Mar 23, 2025 @ 20:47:04.357",4624,"CP-AKT-002908",Negotiate,1072,"2025-03-23T15:47:03.2822662Z",5,Advapi,SYSTEM
"Mar 23, 2025 @ 20:45:31.591",4624,"CP-AKT-002908",Negotiate,1072,"2025-03-23T15:45:30.4747054Z",11,CredPro,Administrator
"Mar 23, 2025 @ 20:45:02.333",4624,"CP-AKT-002931",Negotiate,1080,"2025-03-23T07:55:22.6522239Z",5,Advapi,SYSTEM
"Mar 23, 2025 @ 20:44:59.718",4625,"CP-AKT-002908",Negotiate,1072,"2025-03-23T15:44:58.6310731Z",2,CredPro,Administrator
"Mar 23, 2025 @ 20:44:59.700",4625,"CP-AKT-002908",Negotiate,1072,"2025-03-23T15:44:58.6175528Z",11,CredPro,Administrator
"Mar 23, 2025 @ 20:44:43.182",4625,"CP-AKT-002908",Negotiate,1072,"2025-03-23T15:44:42.1130516Z",11,CredPro,Administrator
"Mar 23, 2025 @ 20:44:43.157",4625,"CP-AKT-002908",Negotiate,1072,"2025-03-23T15:44:42.4464786Z",2,CredPro,Administrator
"Mar 23, 2025 @ 20:44:27.409",4624,"DESKTOP-5JEIKFF",Negotiate,1016,"2025-03-23T15:44:26.6190775Z",5,Advapi,SYSTEM
"Mar 23, 2025 @ 20:40:25.082",4624,"CP-AKT-002931",Negotiate,1080,"2025-03-23T07:50:45.4007138Z",5,Advapi,SYSTEM
"Mar 23, 2025 @ 20:37:44.609",4624,"CP-AKT000209",Negotiate,1184,"2025-03-22T07:04:25.4547064Z",5,Advapi,SYSTEM
"Mar 23, 2025 @ 20:37:33.734",4624,"CP-AKT000209",Negotiate,1184,"2025-03-22T07:04:15.1699541Z",5,Advapi,SYSTEM
"Mar 23, 2025 @ 20:37:33.703",4624,"CP-AKT000209",Negotiate,1184,"2025-03-22T07:04:14.5371377Z",5,Advapi,SYSTEM
"Mar 23, 2025 @ 20:37:09.086",4624,"CP-AKT000209",Negotiate,1184,"2025-03-22T07:03:49.9141081Z",5,Advapi,SYSTEM
"Mar 23, 2025 @ 20:35:41.173",4624,"DESKTOP-5JEIKFF",Negotiate,1016,"2025-03-23T15:35:40.3512253Z",5,Advapi,SYSTEM
"Mar 23, 2025 @ 20:34:50.361",4624,"CP-AKT000209",Negotiate,1184,"2025-03-22T07:01:31.1834726Z",5,Advapi,SYSTEM
"Mar 23, 2025 @ 20:34:00.444",4624,"CP-AKT-002931",Negotiate,1080,"2025-03-23T07:44:20.7488395Z",5,Advapi,SYSTEM
"Mar 23, 2025 @ 20:33:24.457",4624,"DESKTOP-5JEIKFF",Negotiate,1016,"2025-03-23T15:33:23.2568791Z",5,Advapi,SYSTEM
"Mar 23, 2025 @ 20:33:24.196",4624,"DESKTOP-5JEIKFF",Negotiate,1016,"2025-03-23T15:33:23.1600767Z",5,Advapi,SYSTEM
"Mar 23, 2025 @ 20:30:24.226",4624,"CP-AKT-002931",Negotiate,1080,"2025-03-23T07:40:44.5239535Z",5,Advapi,SYSTEM
"Mar 23, 2025 @ 20:28:41.582",4624,"CP-AKT000209",Negotiate,1184,"2025-03-22T06:55:22.4076415Z",5,Advapi,SYSTEM
"Mar 23, 2025 @ 20:27:46.915",4624,"CP-AKT000209",Negotiate,1184,"2025-03-22T06:54:27.7586197Z",5,Advapi,SYSTEM
"Mar 23, 2025 @ 20:26:52.052",4624,"CP-AKT000209",Negotiate,1184,"2025-03-22T06:53:32.8268245Z",5,Advapi,SYSTEM
"Mar 23, 2025 @ 20:26:20.355",4624,"DESKTOP-5JEIKFF",Negotiate,1016,"2025-03-23T15:26:19.5191016Z",5,Advapi,SYSTEM
"Mar 23, 2025 @ 20:25:33.805",4624,"CP-AKT-002931",Negotiate,1080,"2025-03-23T07:35:54.1236839Z",5,Advapi,SYSTEM
"Mar 23, 2025 @ 20:25:16.077",4624,"CP-AKT-002907",Negotiate,1192,"2025-03-23T15:25:14.8357789Z",5,Advapi,SYSTEM
"Mar 23, 2025 @ 20:23:37.755",4624,"DESKTOP-5JEIKFF",Negotiate,1016,"2025-03-23T15:23:36.3659396Z",5,Advapi,SYSTEM
"Mar 23, 2025 @ 20:23:37.306",4624,"DESKTOP-5JEIKFF",Negotiate,1016,"2025-03-23T15:23:36.7562418Z",5,Advapi,SYSTEM
"Mar 23, 2025 @ 20:22:17.728",4624,"DESKTOP-5JEIKFF",Negotiate,1016,"2025-03-23T15:22:16.9401513Z",5,Advapi,SYSTEM
"Mar 23, 2025 @ 20:21:12.519",4624,"CP-AKT-002931",Negotiate,1080,"2025-03-23T07:31:32.7415927Z",5,Advapi,SYSTEM
"Mar 23, 2025 @ 20:17:41.413",4624,"CP-AKT-002931",Negotiate,1080,"2025-03-23T07:28:01.7232437Z",5,Advapi,SYSTEM
"Mar 23, 2025 @ 20:17:38.290",4624,"CP-AKT-002907",Negotiate,1192,"2025-03-23T15:17:37.0742661Z",5,Advapi,SYSTEM
"Mar 23, 2025 @ 20:11:34.889",4624,"CP-AKT-002912",Negotiate,1184,"2025-03-23T15:11:33.7998756Z",5,Advapi,SYSTEM
"Mar 23, 2025 @ 20:10:18.246",4624,"CP-AKT-002931",Negotiate,1080,"2025-03-23T07:20:38.5693598Z",5,Advapi,SYSTEM
"Mar 23, 2025 @ 20:10:10.271",4624,"CP-AKT-002907",Negotiate,1192,"2025-03-23T15:10:09.4498320Z",5,Advapi,SYSTEM
"Mar 23, 2025 @ 20:10:10.235",4624,"CP-AKT-002907",Negotiate,1192,"2025-03-23T15:10:09.0160170Z",5,Advapi,SYSTEM
"Mar 23, 2025 @ 20:09:55.903",4624,"DESKTOP-5JEIKFF",Negotiate,1016,"2025-03-23T15:09:55.0516620Z",5,Advapi,SYSTEM
"Mar 23, 2025 @ 20:09:39.049",4624,"CP-AKT-002908",Negotiate,1072,"2025-03-23T15:09:37.9601084Z",5,Advapi,SYSTEM
"Mar 23, 2025 @ 20:08:43.961",4624,"CP-AKT000209",Negotiate,1184,"2025-03-22T06:35:24.6118754Z",5,Advapi,SYSTEM
"Mar 23, 2025 @ 20:06:25.277",4624,"DESKTOP-5JEIKFF",Negotiate,1016,"2025-03-23T15:06:24.9573166Z",5,Advapi,SYSTEM
"Mar 23, 2025 @ 20:06:24.932",4624,"DESKTOP-5JEIKFF",Negotiate,1016,"2025-03-23T15:06:24.0612175Z",5,Advapi,SYSTEM
"Mar 23, 2025 @ 20:06:24.913",4624,"DESKTOP-5JEIKFF",Negotiate,1016,"2025-03-23T15:06:24.0612150Z",5,Advapi,SYSTEM
"Mar 23, 2025 @ 20:04:29.823",4624,"CP-AKT-002908",Negotiate,1072,"2025-03-23T15:04:28.6264859Z",5,Advapi,SYSTEM
"Mar 23, 2025 @ 20:04:15.903",4624,"CP-AKT-002908",Negotiate,1072,"2025-03-23T15:04:14.7917060Z",5,Advapi,SYSTEM
"Mar 23, 2025 @ 20:03:52.741",4624,"CP-AKT-002912",Negotiate,1184,"2025-03-23T15:03:51.6501566Z",5,Advapi,SYSTEM
"Mar 23, 2025 @ 20:03:06.148",4624,"CP-AKT-002907",Negotiate,1192,"2025-03-23T15:03:04.9527008Z",5,Advapi,SYSTEM
"Mar 23, 2025 @ 20:00:45.153",4624,"CP-AKT-002931",Negotiate,1080,"2025-03-23T07:11:05.4283883Z",5,Advapi,SYSTEM
"Mar 23, 2025 @ 20:00:41.364",4624,"CP-AKT000209",Negotiate,1184,"2025-03-22T06:27:22.4132308Z",5,Advapi,SYSTEM
"Mar 23, 2025 @ 20:00:41.315",4624,"CP-AKT000209",Negotiate,1184,"2025-03-22T06:27:22.1276484Z",5,Advapi,SYSTEM
"Mar 23, 2025 @ 20:00:23.247",4624,"CP-AKT-002931",Negotiate,1080,"2025-03-23T07:10:43.5281217Z",5,Advapi,SYSTEM
"Mar 23, 2025 @ 20:00:22.253",4624,"CP-AKT000209",Negotiate,1184,"2025-03-22T06:27:03.0389296Z",5,Advapi,SYSTEM
"Mar 23, 2025 @ 19:57:23.325",4625,"CP-AKT-002907",NTLM,1192,"2025-03-23T14:57:22.1006321Z",3,NtLmSsp,Administrator
"Mar 23, 2025 @ 19:57:22.355",4625,"CP-AKT-002907",NTLM,1192,"2025-03-23T14:57:21.0814598Z",3,NtLmSsp,Administrator
"Mar 23, 2025 @ 19:57:21.339",4625,"CP-AKT-002907",NTLM,1192,"2025-03-23T14:57:20.0664946Z",3,NtLmSsp,Administrator
"Mar 23, 2025 @ 19:56:58.393",4624,"CP-AKT000209",Negotiate,1184,"2025-03-22T06:23:38.8809194Z",5,Advapi,SYSTEM
"Mar 23, 2025 @ 19:56:30.048",4624,"CP-AKT000209",Negotiate,1184,"2025-03-22T06:23:10.8232402Z",5,Advapi,SYSTEM
"Mar 23, 2025 @ 19:56:22.897",4624,"CP-AKT000209",Negotiate,1184,"2025-03-22T06:23:03.7304154Z",5,Advapi,SYSTEM
"Mar 23, 2025 @ 19:56:12.964",4625,"CP-AKT-002912",NTLM,1184,"2025-03-23T14:56:11.8334734Z",3,NtLmSsp,Administrator
"Mar 23, 2025 @ 19:56:11.897",4625,"CP-AKT-002912",NTLM,1184,"2025-03-23T14:56:10.8070363Z",3,NtLmSsp,Administrator
"Mar 23, 2025 @ 19:56:10.891",4625,"CP-AKT-002912",NTLM,1184,"2025-03-23T14:56:09.7751345Z",3,NtLmSsp,Administrator
"Mar 23, 2025 @ 19:55:31.013",4624,"CP-AKT-002931",Negotiate,1080,"2025-03-23T07:05:51.2327875Z",5,Advapi,SYSTEM
"Mar 23, 2025 @ 19:54:57.638",4625,"CP-AKT000209",NTLM,1184,"2025-03-22T06:21:38.4668924Z",3,NtLmSsp,Administrator
"Mar 23, 2025 @ 19:54:56.596",4625,"CP-AKT000209",NTLM,1184,"2025-03-22T06:21:37.4520332Z",3,NtLmSsp,Administrator
"Mar 23, 2025 @ 19:54:55.633",4625,"CP-AKT000209",NTLM,1184,"2025-03-22T06:21:36.4261416Z",3,NtLmSsp,Administrator
"Mar 23, 2025 @ 19:50:24.182",4624,"DESKTOP-5JEIKFF",Negotiate,1016,"2025-03-23T14:50:23.3034034Z",5,Advapi,SYSTEM
"Mar 23, 2025 @ 19:49:41.180",4624,"CP-AKT-002931",Negotiate,1080,"2025-03-23T07:00:01.4045389Z",5,Advapi,SYSTEM
"Mar 23, 2025 @ 19:49:28.269",4624,"CP-AKT000209",Negotiate,1184,"2025-03-22T06:16:08.8441682Z",5,Advapi,SYSTEM
"Mar 23, 2025 @ 19:49:05.418",4624,"CP-AKT000209",Negotiate,1184,"2025-03-22T06:15:46.1705923Z",5,Advapi,SYSTEM
"Mar 23, 2025 @ 19:49:05.327",4624,"CP-AKT000209",Negotiate,1184,"2025-03-22T06:15:46.6968290Z",5,Advapi,SYSTEM
"Mar 23, 2025 @ 19:49:04.204",4624,"CP-AKT000209",Negotiate,1184,"2025-03-22T06:15:44.9769384Z",5,Advapi,SYSTEM
"Mar 23, 2025 @ 19:39:09.858",4624,"DESKTOP-5JEIKFF",Negotiate,1016,"2025-03-23T14:39:09.1251408Z",5,Advapi,SYSTEM
"Mar 23, 2025 @ 19:37:17.648",4624,"DESKTOP-5JEIKFF",Negotiate,1016,"2025-03-23T14:37:16.9383606Z",5,Advapi,SYSTEM
"Mar 23, 2025 @ 19:33:09.543",4624,"CP-AKT000209",Negotiate,1184,"2025-03-22T05:59:50.4692951Z",5,Advapi,SYSTEM
"Mar 23, 2025 @ 19:30:23.965",4624,"CP-AKT-002931",Negotiate,1080,"2025-03-23T06:40:44.3448991Z",5,Advapi,SYSTEM
"Mar 23, 2025 @ 19:26:58.957",4624,"CP-AKT000209",Negotiate,1184,"2025-03-22T05:53:39.8645175Z",5,Advapi,SYSTEM
"Mar 23, 2025 @ 19:24:36.696",4624,"CP-AKT-002907",Negotiate,1192,"2025-03-23T14:24:35.5288431Z",5,Advapi,SYSTEM
"Mar 23, 2025 @ 19:22:54.274",4624,"CP-AKT-002908",Negotiate,1072,"2025-03-23T14:22:53.2522185Z",5,Advapi,SYSTEM
"Mar 23, 2025 @ 19:22:49.481",4624,"CP-AKT-002908",Negotiate,1072,"2025-03-23T14:22:48.4624098Z",5,Advapi,SYSTEM
"Mar 23, 2025 @ 19:21:11.900",4624,"CP-AKT-002931",Negotiate,1080,"2025-03-23T06:31:32.2727165Z",5,Advapi,SYSTEM
"Mar 23, 2025 @ 19:17:53.499",4624,"DESKTOP-5JEIKFF",Negotiate,1016,"2025-03-23T14:17:52.7750886Z",5,Advapi,SYSTEM
"Mar 23, 2025 @ 19:16:59.269",4624,"DESKTOP-5JEIKFF",Negotiate,1016,"2025-03-23T14:16:58.5267893Z",5,Advapi,SYSTEM
"Mar 23, 2025 @ 19:16:52.727",4624,"CP-AKT-002931",Negotiate,1080,"2025-03-23T06:27:13.1210996Z",5,Advapi,SYSTEM
"Mar 23, 2025 @ 19:16:14.220",4624,"CP-AKT-002907",Negotiate,1192,"2025-03-23T14:16:13.0611757Z",5,Advapi,SYSTEM
"Mar 23, 2025 @ 19:14:33.680",4624,"CP-AKT-002931",Negotiate,1080,"2025-03-23T06:24:54.0620698Z",5,Advapi,SYSTEM
"Mar 23, 2025 @ 19:11:27.315",4624,"DESKTOP-5JEIKFF",Negotiate,1016,"2025-03-23T14:11:26.5903899Z",5,Advapi,SYSTEM
"Mar 23, 2025 @ 19:10:21.083",4624,"CP-AKT-002931",Negotiate,1080,"2025-03-23T06:20:41.4538588Z",5,Advapi,SYSTEM
"Mar 23, 2025 @ 19:10:09.782",4624,"DESKTOP-5JEIKFF",Negotiate,1016,"2025-03-23T14:10:09.0529712Z",5,Advapi,SYSTEM
"Mar 23, 2025 @ 19:09:45.304",4624,"CP-AKT-002931",Negotiate,1080,"2025-03-23T06:10:43.4886111Z",5,Advapi,SYSTEM
"Mar 23, 2025 @ 19:09:45.272",4624,"CP-AKT-002931",Negotiate,1080,"2025-03-23T06:06:42.5873069Z",5,Advapi,SYSTEM
"Mar 23, 2025 @ 19:09:45.254",4624,"CP-AKT-002931",Negotiate,1080,"2025-03-23T06:05:50.9645100Z",5,Advapi,SYSTEM
"Mar 23, 2025 @ 19:09:45.056",4624,"CP-AKT-002931",Negotiate,1080,"2025-03-23T06:01:31.8913299Z",5,Advapi,SYSTEM
"Mar 23, 2025 @ 19:09:44.855",4624,"CP-AKT-002931",Negotiate,1080,"2025-03-23T05:40:44.1456723Z",5,Advapi,SYSTEM
"Mar 23, 2025 @ 19:09:44.821",4624,"CP-AKT-002931",Negotiate,1080,"2025-03-23T05:35:53.8804596Z",5,Advapi,SYSTEM
"Mar 23, 2025 @ 19:09:44.763",4624,"CP-AKT-002931",Negotiate,1080,"2025-03-23T05:34:54.3556591Z",5,Advapi,SYSTEM
"Mar 23, 2025 @ 19:09:44.572",4624,"CP-AKT-002931",Negotiate,1080,"2025-03-23T05:31:31.5603912Z",5,Advapi,SYSTEM
"Mar 23, 2025 @ 19:09:44.436",4624,"CP-AKT-002931",Negotiate,1080,"2025-03-23T05:29:55.0085978Z",5,Advapi,SYSTEM
"Mar 23, 2025 @ 19:09:43.644",4624,"CP-AKT-002931",Negotiate,1080,"2025-03-23T05:10:43.4918766Z",5,Advapi,SYSTEM
"Mar 23, 2025 @ 19:09:43.612",4624,"CP-AKT-002931",Negotiate,1080,"2025-03-23T05:05:50.9574021Z",5,Advapi,SYSTEM
"Mar 23, 2025 @ 19:09:43.581",4624,"CP-AKT-002931",Negotiate,1080,"2025-03-23T05:05:50.9519963Z",5,Advapi,SYSTEM
"Mar 23, 2025 @ 19:09:43.339",4624,"CP-AKT-002931",Negotiate,1080,"2025-03-23T05:01:31.2720101Z",5,Advapi,SYSTEM
"Mar 23, 2025 @ 19:09:43.312",4624,"CP-AKT-002931",Negotiate,1080,"2025-03-23T04:43:21.5692342Z",5,Advapi,SYSTEM
"Mar 23, 2025 @ 19:09:43.037",4624,"CP-AKT-002931",Negotiate,1080,"2025-03-23T04:40:43.9164655Z",5,Advapi,SYSTEM
"Mar 23, 2025 @ 19:09:42.798",4624,"CP-AKT-002931",Negotiate,1080,"2025-03-23T04:31:30.9711851Z",5,Advapi,SYSTEM
"Mar 23, 2025 @ 19:09:42.133",4624,"CP-AKT-002931",Negotiate,1080,"2025-03-23T04:10:43.4512151Z",5,Advapi,SYSTEM
"Mar 23, 2025 @ 19:09:42.102",4624,"CP-AKT-002931",Negotiate,1080,"2025-03-23T04:05:50.9493901Z",5,Advapi,SYSTEM
"Mar 23, 2025 @ 19:09:41.773",4624,"CP-AKT-002931",Negotiate,1080,"2025-03-23T04:00:44.4948547Z",5,Advapi,SYSTEM
"Mar 23, 2025 @ 19:09:41.576",4624,"CP-AKT-002931",Negotiate,1080,"2025-03-23T03:40:43.7063106Z",5,Advapi,SYSTEM
"Mar 23, 2025 @ 19:09:41.544",4624,"CP-AKT-002931",Negotiate,1080,"2025-03-23T03:35:53.9924687Z",5,Advapi,SYSTEM
"Mar 23, 2025 @ 19:09:41.295",4624,"CP-AKT-002931",Negotiate,1080,"2025-03-23T03:31:30.4615101Z",5,Advapi,SYSTEM
"Mar 23, 2025 @ 19:09:41.237",4624,"CP-AKT-002931",Negotiate,1080,"2025-03-23T03:25:27.3598067Z",5,Advapi,SYSTEM
"Mar 23, 2025 @ 19:09:41.067",4624,"CP-AKT-002931",Negotiate,1080,"2025-03-23T03:15:43.4651843Z",5,Advapi,SYSTEM
"Mar 23, 2025 @ 19:09:41.036",4624,"CP-AKT-002931",Negotiate,1080,"2025-03-23T03:15:09.7778304Z",5,Advapi,SYSTEM
"Mar 23, 2025 @ 19:09:40.745",4624,"CP-AKT-002931",Negotiate,1080,"2025-03-23T03:11:43.9647953Z",5,Advapi,SYSTEM
"Mar 23, 2025 @ 19:09:40.479",4624,"CP-AKT-002931",Negotiate,1080,"2025-03-23T03:11:02.8076450Z",5,Advapi,SYSTEM
"Mar 23, 2025 @ 19:09:40.416",4624,"CP-AKT-002931",Negotiate,1080,"2025-03-23T03:11:02.7785365Z",5,Advapi,SYSTEM
"Mar 23, 2025 @ 19:09:40.385",4624,"CP-AKT-002931",Negotiate,1080,"2025-03-23T03:10:59.3695999Z",5,Advapi,SYSTEM
"Mar 23, 2025 @ 19:09:40.355",4624,"CP-AKT-002931",Negotiate,1080,"2025-03-23T03:10:59.0684042Z",5,Advapi,SYSTEM
"Mar 23, 2025 @ 19:09:38.887",4624,"CP-AKT-002931",Negotiate,1080,"2025-03-23T03:10:43.0518619Z",5,Advapi,SYSTEM
"Mar 23, 2025 @ 19:09:37.885",4624,"CP-AKT-002931",Negotiate,1080,"2025-03-23T03:10:10.8963291Z",5,Advapi,SYSTEM
"Mar 23, 2025 @ 19:09:37.846",4624,"CP-AKT-002931",Negotiate,1080,"2025-03-23T03:10:09.5518968Z",5,Advapi,SYSTEM
"Mar 23, 2025 @ 19:09:37.815",4624,"CP-AKT-002931",Negotiate,1080,"2025-03-23T03:05:50.5359049Z",5,Advapi,SYSTEM
"Mar 23, 2025 @ 19:09:37.783",4624,"CP-AKT-002931",Negotiate,1080,"2025-03-23T03:03:49.6524170Z",5,Advapi,SYSTEM
"Mar 23, 2025 @ 19:09:37.752",4624,"CP-AKT-002931",Negotiate,1080,"2025-03-23T03:03:48.9214701Z",5,Advapi,SYSTEM
"Mar 23, 2025 @ 19:09:37.353",4624,"CP-AKT000209",Negotiate,1184,"2025-03-22T05:35:02.2937599Z",5,Advapi,SYSTEM
"Mar 23, 2025 @ 19:09:37.321",4624,"CP-AKT000209",Negotiate,1184,"2025-03-22T05:35:00.2058476Z",5,Advapi,SYSTEM
"Mar 23, 2025 @ 19:09:37.290",4624,"CP-AKT000209",Negotiate,1184,"2025-03-22T05:28:08.2396240Z",5,Advapi,SYSTEM
"Mar 23, 2025 @ 19:09:36.796",4624,"CP-AKT-002931",Negotiate,1080,"2025-03-23T02:59:32.9082451Z",5,Advapi,SYSTEM
"Mar 23, 2025 @ 19:09:36.606",4624,"CP-AKT000209",Negotiate,1184,"2025-03-22T05:23:38.8652851Z",5,Advapi,SYSTEM
"Mar 23, 2025 @ 19:09:36.592",4625,"CP-AKT000209",NTLM,1184,"2025-03-22T05:19:28.3067443Z",3,NtLmSsp,Administrator
"Mar 23, 2025 @ 19:09:36.575",4625,"CP-AKT000209",NTLM,1184,"2025-03-22T05:19:26.2531616Z",3,NtLmSsp,Administrator
"Mar 23, 2025 @ 19:09:36.575",4625,"CP-AKT000209",NTLM,1184,"2025-03-22T05:19:27.2784172Z",3,NtLmSsp,Administrator
"Mar 23, 2025 @ 19:09:36.329",4624,"CP-AKT-002931",Negotiate,1080,"2025-03-23T02:31:29.8176746Z",5,Advapi,SYSTEM
"Mar 23, 2025 @ 19:09:36.267",4624,"CP-AKT-002931",Negotiate,1080,"2025-03-23T02:25:27.4090922Z",5,Advapi,SYSTEM
"Mar 23, 2025 @ 19:09:36.260",4624,"CP-AKT000209",Negotiate,1184,"2025-03-22T04:53:39.6168996Z",5,Advapi,SYSTEM
"Mar 23, 2025 @ 19:09:36.231",4624,"CP-AKT-002931",Negotiate,1080,"2025-03-23T02:22:43.3475299Z",5,Advapi,SYSTEM
"Mar 23, 2025 @ 19:09:36.153",4624,"CP-AKT-002931",Negotiate,1080,"2025-03-23T02:15:21.3847344Z",5,Advapi,SYSTEM
"Mar 23, 2025 @ 19:09:36.122",4624,"CP-AKT-002931",Negotiate,1080,"2025-03-23T02:10:09.1081782Z",5,Advapi,SYSTEM
"Mar 23, 2025 @ 19:09:36.091",4624,"CP-AKT-002931",Negotiate,1080,"2025-03-23T02:05:49.6911493Z",5,Advapi,SYSTEM
"Mar 23, 2025 @ 19:09:36.038",4624,"CP-AKT000209",Negotiate,1184,"2025-03-22T04:47:34.7617034Z",5,Advapi,SYSTEM
"Mar 23, 2025 @ 19:09:36.006",4624,"CP-AKT000209",Negotiate,1184,"2025-03-22T04:47:34.0624631Z",5,Advapi,SYSTEM
"Mar 23, 2025 @ 19:09:35.974",4624,"CP-AKT000209",Negotiate,1184,"2025-03-22T04:47:33.8586445Z",5,Advapi,SYSTEM
"Mar 23, 2025 @ 19:09:35.943",4624,"CP-AKT000209",Negotiate,1184,"2025-03-22T04:46:34.0050130Z",5,Advapi,SYSTEM
"Mar 23, 2025 @ 19:09:35.801",4624,"CP-AKT000209",Negotiate,1184,"2025-03-22T04:42:31.6675477Z",5,Advapi,SYSTEM
"Mar 23, 2025 @ 19:09:35.770",4624,"CP-AKT000209",Negotiate,1184,"2025-03-22T04:42:30.5442300Z",5,Advapi,SYSTEM
"Mar 23, 2025 @ 19:09:35.755",4624,"CP-AKT000209",Negotiate,1184,"2025-03-22T04:31:13.0660938Z",5,Advapi,SYSTEM
"Mar 23, 2025 @ 19:09:35.724",4624,"CP-AKT000209",Negotiate,1184,"2025-03-22T04:28:07.9594324Z",5,Advapi,SYSTEM
"Mar 23, 2025 @ 19:09:35.169",4624,"CP-AKT-002931",Negotiate,1080,"2025-03-23T02:00:44.4760465Z",5,Advapi,SYSTEM
"Mar 23, 2025 @ 19:09:35.138",4624,"CP-AKT-002931",Negotiate,1080,"2025-03-23T01:41:40.0792523Z",5,Advapi,SYSTEM
"Mar 23, 2025 @ 19:09:35.109",4624,"CP-AKT000209",Negotiate,1184,"2025-03-22T04:23:38.8588264Z",5,Advapi,SYSTEM
"Mar 23, 2025 @ 19:09:35.106",4624,"CP-AKT-002931",Negotiate,1080,"2025-03-23T01:35:54.3031559Z",5,Advapi,SYSTEM
"Mar 23, 2025 @ 19:09:35.093",4625,"CP-AKT000209",NTLM,1184,"2025-03-22T04:20:43.6008891Z",3,NtLmSsp,Administrator
"Mar 23, 2025 @ 19:09:35.078",4625,"CP-AKT000209",NTLM,1184,"2025-03-22T04:20:42.5753255Z",3,NtLmSsp,Administrator
"Mar 23, 2025 @ 19:09:35.076",4624,"CP-AKT-002931",Negotiate,1080,"2025-03-23T01:35:51.4160509Z",5,Advapi,SYSTEM
"Mar 23, 2025 @ 19:09:35.063",4625,"CP-AKT000209",NTLM,1184,"2025-03-22T04:20:41.5407221Z",3,NtLmSsp,Administrator
"Mar 23, 2025 @ 19:09:35.047",4624,"CP-AKT000209",Negotiate,1184,"2025-03-22T04:07:05.6450218Z",5,Advapi,SYSTEM
"Mar 23, 2025 @ 19:09:35.034",4624,"CP-AKT000209",Negotiate,1184,"2025-03-22T04:07:05.6449542Z",5,Advapi,SYSTEM
"Mar 23, 2025 @ 19:09:34.799",4624,"CP-AKT000209",Negotiate,1184,"2025-03-22T03:55:36.4070885Z",5,Advapi,SYSTEM
"Mar 23, 2025 @ 19:09:34.783",4624,"CP-AKT000209",Negotiate,1184,"2025-03-22T03:55:35.9007814Z",5,Advapi,SYSTEM
"Mar 23, 2025 @ 19:09:34.488",4624,"CP-AKT000209",Negotiate,1184,"2025-03-22T03:53:39.4071954Z",5,Advapi,SYSTEM
"Mar 23, 2025 @ 19:09:34.471",4624,"CP-AKT000209",Negotiate,1184,"2025-03-22T03:29:01.8699903Z",5,Advapi,SYSTEM
"Mar 23, 2025 @ 19:09:34.346",4624,"CP-AKT000209",Negotiate,1184,"2025-03-22T03:28:07.8226044Z",5,Advapi,SYSTEM
"Mar 23, 2025 @ 19:09:34.206",4624,"CP-AKT000209",Negotiate,1184,"2025-03-22T03:24:39.3995524Z",5,Advapi,SYSTEM
"Mar 23, 2025 @ 19:09:34.131",4624,"CP-AKT-002931",Negotiate,1080,"2025-03-23T01:34:37.5406276Z",5,Advapi,SYSTEM
"Mar 23, 2025 @ 19:09:34.077",4624,"CP-AKT-002907",Negotiate,1192,"2025-03-23T14:09:31.0547915Z",5,Advapi,SYSTEM
"Mar 23, 2025 @ 19:09:34.065",4624,"CP-AKT000209",Negotiate,1184,"2025-03-22T03:24:20.4661379Z",5,Advapi,SYSTEM
"Mar 23, 2025 @ 19:09:34.046",4624,"CP-AKT-002907",Negotiate,1192,"2025-03-23T14:09:30.5477449Z",5,Advapi,SYSTEM
"Mar 23, 2025 @ 19:09:33.329",4624,"CP-AKT-002931",Negotiate,1080,"2025-03-23T01:32:58.3277446Z",5,Advapi,SYSTEM
"Mar 23, 2025 @ 19:09:33.079",4624,"CP-AKT-002931",Negotiate,1080,"2025-03-23T01:31:29.4145662Z",5,Advapi,SYSTEM
"Mar 23, 2025 @ 19:09:33.048",4624,"CP-AKT-002931",Negotiate,1080,"2025-03-23T01:24:17.2396072Z",5,Advapi,SYSTEM
"Mar 23, 2025 @ 19:09:33.017",4624,"CP-AKT-002931",Negotiate,1080,"2025-03-23T01:22:32.0418379Z",5,Advapi,SYSTEM
"Mar 23, 2025 @ 19:09:32.784",4624,"CP-AKT-002931",Negotiate,1080,"2025-03-23T01:22:31.0137709Z",5,Advapi,SYSTEM
"Mar 23, 2025 @ 19:09:32.753",4624,"CP-AKT-002931",Negotiate,1080,"2025-03-23T01:21:08.0592664Z",5,Advapi,SYSTEM
"Mar 23, 2025 @ 19:09:32.420",4624,"CP-AKT000209",Negotiate,1184,"2025-03-22T03:23:36.7393709Z",5,Advapi,SYSTEM
"Mar 23, 2025 @ 19:09:32.412",4624,"CP-AKT-002931",Negotiate,1080,"2025-03-23T01:15:44.4285814Z",5,Advapi,SYSTEM
"Mar 23, 2025 @ 19:09:32.380",4624,"CP-AKT-002931",Negotiate,1080,"2025-03-23T01:14:42.0581624Z",5,Advapi,SYSTEM
"Mar 23, 2025 @ 19:09:32.373",4625,"CP-AKT000209",NTLM,1184,"2025-03-22T03:18:18.4353245Z",3,NtLmSsp,Administrator
"Mar 23, 2025 @ 19:09:32.327",4625,"CP-AKT000209",NTLM,1184,"2025-03-22T03:18:17.4144903Z",3,NtLmSsp,Administrator
"Mar 23, 2025 @ 19:09:32.297",4625,"CP-AKT000209",NTLM,1184,"2025-03-22T03:18:16.3880012Z",3,NtLmSsp,Administrator
"Mar 23, 2025 @ 19:09:32.250",4624,"CP-AKT000209",Negotiate,1184,"2025-03-22T03:18:03.2915301Z",5,Advapi,SYSTEM
"Mar 23, 2025 @ 19:09:32.203",4624,"CP-AKT000209",Negotiate,1184,"2025-03-22T03:17:20.2126622Z",5,Advapi,SYSTEM
"Mar 23, 2025 @ 19:09:32.156",4624,"CP-AKT000209",Negotiate,1184,"2025-03-22T03:16:16.3766381Z",5,Advapi,SYSTEM
"Mar 23, 2025 @ 19:09:32.081",4624,"CP-AKT000209",Negotiate,1184,"2025-03-22T03:16:15.9103550Z",5,Advapi,SYSTEM
"Mar 23, 2025 @ 19:09:32.034",4624,"CP-AKT000209",Negotiate,1184,"2025-03-22T03:07:18.7438276Z",5,Advapi,SYSTEM
"Mar 23, 2025 @ 19:09:31.971",4624,"CP-AKT000209",Negotiate,1184,"2025-03-22T03:07:18.6666332Z",5,Advapi,SYSTEM
"Mar 23, 2025 @ 19:09:31.603",4624,"CP-AKT000209",Negotiate,1184,"2025-03-22T02:53:39.0143588Z",5,Advapi,SYSTEM
"Mar 23, 2025 @ 19:09:31.586",4624,"CP-AKT000209",Negotiate,1184,"2025-03-22T02:52:49.8852815Z",5,Advapi,SYSTEM
"Mar 23, 2025 @ 19:09:31.555",4624,"CP-AKT000209",Negotiate,1184,"2025-03-22T02:45:30.0201966Z",5,Advapi,SYSTEM
"Mar 23, 2025 @ 19:09:31.525",4624,"CP-AKT000209",Negotiate,1184,"2025-03-22T02:42:49.3832543Z",5,Advapi,SYSTEM
"Mar 23, 2025 @ 19:09:31.509",4624,"CP-AKT000209",Negotiate,1184,"2025-03-22T02:37:17.6438144Z",5,Advapi,SYSTEM
"Mar 23, 2025 @ 19:09:31.481",4624,"CP-AKT-002907",Negotiate,1192,"2025-03-23T13:59:49.5010255Z",5,Advapi,SYSTEM
"Mar 23, 2025 @ 19:09:31.480",4625,"CP-AKT-002907",NTLM,1192,"2025-03-23T13:55:06.4939218Z",3,NtLmSsp,Administrator
"Mar 23, 2025 @ 19:09:31.478",4624,"CP-AKT000209",Negotiate,1184,"2025-03-22T02:32:30.3070090Z",5,Advapi,SYSTEM
"Mar 23, 2025 @ 19:09:31.478",4625,"CP-AKT-002907",NTLM,1192,"2025-03-23T13:55:05.4780440Z",3,NtLmSsp,Administrator
"Mar 23, 2025 @ 19:09:31.473",4625,"CP-AKT-002907",NTLM,1192,"2025-03-23T13:55:04.4674709Z",3,NtLmSsp,Administrator
"Mar 23, 2025 @ 19:09:31.467",4624,"CP-AKT-002931",Negotiate,1080,"2025-03-23T01:01:29.1318253Z",5,Advapi,SYSTEM
"Mar 23, 2025 @ 19:09:31.457",4624,"CP-AKT-002907",Negotiate,1192,"2025-03-23T13:50:37.2742636Z",5,Advapi,SYSTEM
"Mar 23, 2025 @ 19:09:31.448",4624,"CP-AKT000209",Negotiate,1184,"2025-03-22T02:24:51.2133361Z",5,Advapi,SYSTEM
"Mar 23, 2025 @ 19:09:31.436",4624,"CP-AKT-002931",Negotiate,1080,"2025-03-23T00:53:13.8997494Z",5,Advapi,SYSTEM
"Mar 23, 2025 @ 19:09:31.429",4624,"CP-AKT-002907",Negotiate,1192,"2025-03-23T13:50:24.6956217Z",5,Advapi,SYSTEM
"Mar 23, 2025 @ 19:09:31.400",4624,"CP-AKT000209",Negotiate,1184,"2025-03-22T02:24:37.1375141Z",5,Advapi,SYSTEM
"Mar 23, 2025 @ 19:09:31.359",4624,"CP-AKT-002907",Negotiate,1192,"2025-03-23T13:48:04.3769413Z",5,Advapi,SYSTEM
"Mar 23, 2025 @ 19:09:31.341",4624,"CP-AKT-002907",Negotiate,1192,"2025-03-23T13:47:34.0735063Z",5,Advapi,SYSTEM
"Mar 23, 2025 @ 19:09:31.312",4624,"CP-AKT-002907",Negotiate,1192,"2025-03-23T13:47:33.9364027Z",5,Advapi,SYSTEM
"Mar 23, 2025 @ 19:09:31.296",4624,"CP-AKT-002907",Negotiate,1192,"2025-03-23T13:47:33.8895466Z",5,Advapi,SYSTEM
"Mar 23, 2025 @ 19:09:31.265",4624,"CP-AKT-002907",Negotiate,1192,"2025-03-23T13:45:06.0052106Z",5,Advapi,SYSTEM
"Mar 23, 2025 @ 19:09:31.246",4624,"CP-AKT-002907",Negotiate,1192,"2025-03-23T13:25:57.6911450Z",5,Advapi,SYSTEM
"Mar 23, 2025 @ 19:09:31.223",4624,"CP-AKT-002907",Negotiate,1192,"2025-03-23T13:19:41.6519106Z",5,Advapi,SYSTEM
"Mar 23, 2025 @ 19:09:31.060",4624,"CP-AKT000209",Negotiate,1184,"2025-03-22T02:23:36.7212155Z",5,Advapi,SYSTEM
"Mar 23, 2025 @ 19:09:31.044",4624,"CP-AKT000209",Negotiate,1184,"2025-03-22T02:21:56.1145891Z",5,Advapi,SYSTEM
"Mar 23, 2025 @ 19:09:31.029",4625,"CP-AKT000209",NTLM,1184,"2025-03-22T02:17:03.3881843Z",3,NtLmSsp,Administrator
"Mar 23, 2025 @ 19:09:31.014",4625,"CP-AKT000209",NTLM,1184,"2025-03-22T02:17:02.3510617Z",3,NtLmSsp,Administrator
"Mar 23, 2025 @ 19:09:30.997",4625,"CP-AKT000209",NTLM,1184,"2025-03-22T02:17:01.3256822Z",3,NtLmSsp,Administrator
"Mar 23, 2025 @ 19:09:30.966",4624,"CP-AKT000209",NTLM,1184,"2025-03-22T02:13:18.1655813Z",3,NtLmSsp,"ANONYMOUS LOGON"
"Mar 23, 2025 @ 19:09:30.951",4624,"CP-AKT000209",Negotiate,1184,"2025-03-22T02:11:32.1598147Z",5,Advapi,SYSTEM
"Mar 23, 2025 @ 19:09:30.919",4624,"CP-AKT000209",NTLM,1184,"2025-03-22T02:04:33.1258494Z",3,NtLmSsp,"ANONYMOUS LOGON"
"Mar 23, 2025 @ 19:09:30.888",4624,"CP-AKT000209",Negotiate,1184,"2025-03-22T01:55:17.7918735Z",5,Advapi,SYSTEM
"Mar 23, 2025 @ 19:09:30.592",4624,"CP-AKT000209",Negotiate,1184,"2025-03-22T01:53:38.8408591Z",5,Advapi,SYSTEM
"Mar 23, 2025 @ 19:09:30.564",4624,"CP-AKT000209",NTLM,1184,"2025-03-22T01:48:24.2175429Z",3,NtLmSsp,"ANONYMOUS LOGON"
"Mar 23, 2025 @ 19:09:30.505",4624,"CP-AKT-002931",Negotiate,1080,"2025-03-23T00:52:07.5949899Z",5,Advapi,SYSTEM
"Mar 23, 2025 @ 19:09:30.473",4624,"CP-AKT-002931",Negotiate,1080,"2025-03-23T00:50:45.7450003Z",5,Advapi,SYSTEM
"Mar 23, 2025 @ 19:09:30.391",4624,"CP-AKT000209",Negotiate,1184,"2025-03-22T01:47:52.5203431Z",5,Advapi,SYSTEM
"Mar 23, 2025 @ 19:09:30.362",4624,"CP-AKT000209",NTLM,1184,"2025-03-22T01:41:02.6626262Z",3,NtLmSsp,"ANONYMOUS LOGON"
"Mar 23, 2025 @ 19:09:30.362",4624,"CP-AKT000209",NTLM,1184,"2025-03-22T01:41:22.9745783Z",3,NtLmSsp,"ANONYMOUS LOGON"
"Mar 23, 2025 @ 19:09:30.346",4624,"CP-AKT000209",Negotiate,1184,"2025-03-22T01:39:38.0874371Z",5,Advapi,SYSTEM
"Mar 23, 2025 @ 19:09:30.330",4624,"CP-AKT000209",Negotiate,1184,"2025-03-22T01:39:36.7155955Z",5,Advapi,SYSTEM
"Mar 23, 2025 @ 19:09:30.320",4624,"CP-AKT-002931",Negotiate,1080,"2025-03-23T00:50:36.8747987Z",5,Advapi,SYSTEM
"Mar 23, 2025 @ 19:09:30.299",4624,"CP-AKT000209",Negotiate,1184,"2025-03-22T01:31:56.2201957Z",5,Advapi,SYSTEM
"Mar 23, 2025 @ 19:09:30.273",4624,"CP-AKT-002931",Negotiate,1080,"2025-03-23T00:47:08.4118648Z",5,Advapi,SYSTEM
"Mar 23, 2025 @ 19:09:30.242",4624,"CP-AKT-002931",Negotiate,1080,"2025-03-23T00:44:25.1694344Z",5,Advapi,SYSTEM
"Mar 23, 2025 @ 19:09:30.211",4624,"CP-AKT-002931",Negotiate,1080,"2025-03-23T00:40:21.0836178Z",5,Advapi,SYSTEM
"Mar 23, 2025 @ 19:09:30.181",4624,"CP-AKT-002931",Negotiate,1080,"2025-03-23T00:34:20.1269147Z",5,Advapi,SYSTEM
"Mar 23, 2025 @ 19:09:30.079",4624,"CP-AKT000209",Negotiate,1184,"2025-03-22T01:23:36.7075812Z",5,Advapi,SYSTEM
"Mar 23, 2025 @ 19:09:30.064",4624,"CP-AKT000209",Negotiate,1184,"2025-03-22T01:21:55.5774312Z",5,Advapi,SYSTEM
"Mar 23, 2025 @ 19:09:30.041",4624,"CP-AKT-002931",Negotiate,1080,"2025-03-23T00:33:31.7238948Z",5,Advapi,SYSTEM
"Mar 23, 2025 @ 19:09:30.032",4624,"CP-AKT000209",Negotiate,1184,"2025-03-22T01:19:02.8876313Z",5,Advapi,SYSTEM
"Mar 23, 2025 @ 19:09:30.016",4625,"CP-AKT000209",NTLM,1184,"2025-03-22T01:15:58.3311868Z",3,NtLmSsp,Administrator
"Mar 23, 2025 @ 19:09:30.001",4625,"CP-AKT000209",NTLM,1184,"2025-03-22T01:15:57.3119011Z",3,NtLmSsp,Administrator
"Mar 23, 2025 @ 19:09:29.986",4625,"CP-AKT000209",NTLM,1184,"2025-03-22T01:15:56.2984555Z",3,NtLmSsp,Administrator
"Mar 23, 2025 @ 19:09:29.970",4624,"CP-AKT000209",Negotiate,1184,"2025-03-22T01:04:53.1989733Z",5,Advapi,SYSTEM
"Mar 23, 2025 @ 19:09:29.785",4624,"CP-AKT000209",Negotiate,1184,"2025-03-22T00:53:38.7070762Z",5,Advapi,SYSTEM
"Mar 23, 2025 @ 19:09:29.754",4624,"CP-AKT000209",Negotiate,1184,"2025-03-22T00:51:46.1280714Z",5,Advapi,SYSTEM
"Mar 23, 2025 @ 19:09:29.724",4624,"CP-AKT000209",Negotiate,1184,"2025-03-22T00:40:44.9161259Z",5,Advapi,SYSTEM
"Mar 23, 2025 @ 19:09:29.692",4624,"CP-AKT000209",Negotiate,1184,"2025-03-22T00:34:50.5937561Z",5,Advapi,SYSTEM
"Mar 23, 2025 @ 19:09:29.680",4624,"CP-AKT-002931",Negotiate,1080,"2025-03-23T00:31:28.7907383Z",5,Advapi,SYSTEM
"Mar 23, 2025 @ 19:09:29.662",4624,"CP-AKT000209",Negotiate,1184,"2025-03-22T00:28:54.6488815Z",5,Advapi,SYSTEM
"Mar 23, 2025 @ 19:09:29.629",4624,"CP-AKT000209",Negotiate,1184,"2025-03-22T00:24:17.2021765Z",5,Advapi,SYSTEM
"Mar 23, 2025 @ 19:09:29.256",4624,"CP-AKT000209",Negotiate,1184,"2025-03-22T00:23:36.6989000Z",5,Advapi,SYSTEM
"Mar 23, 2025 @ 19:09:29.226",4624,"CP-AKT000209",Negotiate,1184,"2025-03-22T00:22:40.4183278Z",5,Advapi,SYSTEM
"Mar 23, 2025 @ 19:09:29.197",4624,"CP-AKT000209",Negotiate,1184,"2025-03-22T00:16:32.3834462Z",5,Advapi,SYSTEM
"Mar 23, 2025 @ 19:09:29.196",4625,"CP-AKT000209",NTLM,1184,"2025-03-22T00:13:38.2260316Z",3,NtLmSsp,Administrator
"Mar 23, 2025 @ 19:09:29.180",4625,"CP-AKT000209",NTLM,1184,"2025-03-22T00:13:37.2017831Z",3,NtLmSsp,Administrator
"Mar 23, 2025 @ 19:09:29.179",4625,"CP-AKT000209",NTLM,1184,"2025-03-22T00:13:36.1756405Z",3,NtLmSsp,Administrator
"Mar 23, 2025 @ 19:09:29.149",4624,"CP-AKT000209",Negotiate,1184,"2025-03-22T00:05:38.6012183Z",5,Advapi,SYSTEM
"Mar 23, 2025 @ 19:09:29.106",4624,"CP-AKT000209",Negotiate,1184,"2025-03-22T00:01:00.2451006Z",5,Advapi,SYSTEM
"Mar 23, 2025 @ 19:09:29.103",4624,"CP-AKT000209",Negotiate,1184,"2025-03-21T23:55:03.9653067Z",5,Advapi,SYSTEM
"Mar 23, 2025 @ 19:09:28.872",4624,"CP-AKT000209",Negotiate,1184,"2025-03-21T23:53:38.5327645Z",5,Advapi,SYSTEM
"Mar 23, 2025 @ 19:09:28.863",4624,"CP-AKT-002931",Negotiate,1080,"2025-03-23T00:01:28.5252051Z",5,Advapi,SYSTEM
"Mar 23, 2025 @ 19:09:28.855",4624,"CP-AKT000209",Negotiate,1184,"2025-03-21T23:46:27.3161016Z",5,Advapi,SYSTEM
"Mar 23, 2025 @ 19:09:28.835",4624,"CP-AKT000209",Negotiate,1184,"2025-03-21T23:35:40.6936689Z",5,Advapi,SYSTEM
"Mar 23, 2025 @ 19:09:28.798",4624,"CP-AKT000209",Negotiate,1184,"2025-03-21T23:34:50.9447680Z",5,Advapi,SYSTEM
"Mar 23, 2025 @ 19:09:28.719",4624,"CP-AKT000209",Negotiate,1184,"2025-03-21T23:26:00.7177371Z",5,Advapi,SYSTEM
"Mar 23, 2025 @ 19:09:28.685",4624,"CP-AKT000209",Negotiate,1184,"2025-03-21T23:24:50.3584580Z",5,Advapi,SYSTEM
"Mar 23, 2025 @ 19:09:28.630",4624,"CP-AKT-002931",Negotiate,1080,"2025-03-22T23:37:31.7884261Z",5,Advapi,SYSTEM
"Mar 23, 2025 @ 19:09:28.597",4624,"CP-AKT-002931",Negotiate,1080,"2025-03-22T23:37:31.6897007Z",5,Advapi,SYSTEM
"Mar 23, 2025 @ 19:09:28.566",4624,"CP-AKT-002931",Negotiate,1080,"2025-03-22T23:35:53.9254469Z",5,Advapi,SYSTEM
"Mar 23, 2025 @ 19:09:28.393",4624,"CP-AKT000209",Negotiate,1184,"2025-03-21T23:23:36.7492204Z",5,Advapi,SYSTEM
"Mar 23, 2025 @ 19:09:28.380",4624,"CP-AKT000209",Negotiate,1184,"2025-03-21T23:23:15.9340351Z",5,Advapi,SYSTEM
"Mar 23, 2025 @ 19:09:28.348",4624,"CP-AKT000209",Negotiate,1184,"2025-03-21T23:21:33.7809810Z",5,Advapi,SYSTEM
"Mar 23, 2025 @ 19:09:28.333",4624,"CP-AKT000209",Negotiate,1184,"2025-03-21T23:19:44.0976126Z",5,Advapi,SYSTEM
"Mar 23, 2025 @ 19:09:28.316",4625,"CP-AKT000209",NTLM,1184,"2025-03-21T23:17:08.9441239Z",3,NtLmSsp,Administrator
"Mar 23, 2025 @ 19:09:28.301",4625,"CP-AKT000209",NTLM,1184,"2025-03-21T23:17:07.9262464Z",3,NtLmSsp,Administrator
"Mar 23, 2025 @ 19:09:28.286",4625,"CP-AKT000209",NTLM,1184,"2025-03-21T23:17:06.8918822Z",3,NtLmSsp,Administrator
"Mar 23, 2025 @ 19:09:28.274",4624,"CP-AKT-002931",Negotiate,1080,"2025-03-22T23:31:28.3066547Z",5,Advapi,SYSTEM
"Mar 23, 2025 @ 19:09:28.253",4624,"CP-AKT000209",Negotiate,1184,"2025-03-21T23:16:27.1888901Z",5,Advapi,SYSTEM
"Mar 23, 2025 @ 19:09:28.222",4624,"CP-AKT000209",Negotiate,1184,"2025-03-21T23:10:38.5725325Z",5,Advapi,SYSTEM
"Mar 23, 2025 @ 19:09:28.190",4624,"CP-AKT000209",Negotiate,1184,"2025-03-21T23:00:59.7497646Z",5,Advapi,SYSTEM
"Mar 23, 2025 @ 19:09:28.160",4624,"CP-AKT000209",Negotiate,1184,"2025-03-21T22:56:08.5047557Z",5,Advapi,SYSTEM
"Mar 23, 2025 @ 19:09:28.043",4624,"CP-AKT-002931",Negotiate,1080,"2025-03-22T23:22:59.2080557Z",5,Advapi,SYSTEM
"Mar 23, 2025 @ 19:09:28.012",4624,"CP-AKT-002931",Negotiate,1080,"2025-03-22T23:22:59.1212996Z",5,Advapi,SYSTEM
"Mar 23, 2025 @ 19:09:27.981",4624,"CP-AKT-002931",Negotiate,1080,"2025-03-22T23:22:58.2142782Z",5,Advapi,SYSTEM
"Mar 23, 2025 @ 19:09:27.959",4624,"CP-AKT000209",Negotiate,1184,"2025-03-21T22:53:38.3080483Z",5,Advapi,SYSTEM
"Mar 23, 2025 @ 19:09:27.950",4624,"CP-AKT-002931",Negotiate,1080,"2025-03-22T23:22:53.2701609Z",5,Advapi,SYSTEM
"Mar 23, 2025 @ 19:09:27.919",4624,"CP-AKT-002931",Negotiate,1080,"2025-03-22T23:08:28.9855721Z",5,Advapi,SYSTEM
"Mar 23, 2025 @ 19:09:27.882",4624,"CP-AKT000209",Negotiate,1184,"2025-03-21T22:42:13.5323848Z",5,Advapi,SYSTEM
"Mar 23, 2025 @ 19:09:27.852",4624,"CP-AKT000209",Negotiate,1184,"2025-03-21T22:42:13.4634267Z",5,Advapi,SYSTEM
"Mar 23, 2025 @ 19:09:27.839",4624,"CP-AKT-002931",Negotiate,1080,"2025-03-22T23:07:51.9629872Z",5,Advapi,SYSTEM
"Mar 23, 2025 @ 19:09:27.789",4624,"CP-AKT000209",Negotiate,1184,"2025-03-21T22:41:49.6744984Z",5,Advapi,SYSTEM
"Mar 23, 2025 @ 19:09:27.726",4624,"CP-AKT000209",Negotiate,1184,"2025-03-21T22:39:54.7555588Z",5,Advapi,SYSTEM
"Mar 23, 2025 @ 19:09:26.620",4624,"CP-AKT000209",Negotiate,1184,"2025-03-21T22:23:36.7083040Z",5,Advapi,SYSTEM
"Mar 23, 2025 @ 19:09:26.603",4624,"CP-AKT000209",Negotiate,1184,"2025-03-21T22:22:17.0243450Z",5,Advapi,SYSTEM
"Mar 23, 2025 @ 19:09:26.566",4624,"CP-AKT-002912",Negotiate,1184,"2025-03-23T14:03:53.7971665Z",5,Advapi,SYSTEM
"Mar 23, 2025 @ 19:09:26.536",4624,"CP-AKT-002912",Negotiate,1184,"2025-03-23T14:03:52.4289489Z",5,Advapi,SYSTEM
"Mar 23, 2025 @ 19:09:26.505",4624,"CP-AKT-002912",Negotiate,1184,"2025-03-23T14:03:52.1281687Z",5,Advapi,SYSTEM
"Mar 23, 2025 @ 19:09:26.490",4625,"CP-AKT-002912",NTLM,1184,"2025-03-23T13:57:17.0285941Z",3,NtLmSsp,Administrator
"Mar 23, 2025 @ 19:09:26.474",4625,"CP-AKT-002912",NTLM,1184,"2025-03-23T13:57:15.9969566Z",3,NtLmSsp,Administrator
"Mar 23, 2025 @ 19:09:26.458",4625,"CP-AKT-002912",NTLM,1184,"2025-03-23T13:57:14.9780501Z",3,NtLmSsp,Administrator
"Mar 23, 2025 @ 19:09:26.427",4624,"CP-AKT-002912",Negotiate,1184,"2025-03-23T13:38:28.3324013Z",5,Advapi,SYSTEM
"Mar 23, 2025 @ 19:09:26.397",4624,"CP-AKT-002912",Negotiate,1184,"2025-03-23T13:34:21.0737345Z",5,Advapi,SYSTEM
"Mar 23, 2025 @ 19:09:26.366",4624,"CP-AKT-002912",Negotiate,1184,"2025-03-23T13:20:29.3226855Z",5,Advapi,SYSTEM
"Mar 23, 2025 @ 19:09:26.335",4624,"CP-AKT-002912",Negotiate,1184,"2025-03-23T13:16:20.2800409Z",5,Advapi,SYSTEM
"Mar 23, 2025 @ 19:09:26.304",4624,"CP-AKT-002912",Negotiate,1184,"2025-03-23T13:03:50.6844098Z",5,Advapi,SYSTEM
"Mar 23, 2025 @ 19:09:26.274",4624,"CP-AKT-002912",Negotiate,1184,"2025-03-23T12:59:11.4042455Z",5,Advapi,SYSTEM
"Mar 23, 2025 @ 19:09:26.258",4625,"CP-AKT-002912",NTLM,1184,"2025-03-23T12:52:41.4286704Z",3,NtLmSsp,Administrator
"Mar 23, 2025 @ 19:09:26.243",4625,"CP-AKT-002912",NTLM,1184,"2025-03-23T12:52:40.3948429Z",3,NtLmSsp,Administrator
"Mar 23, 2025 @ 19:09:26.228",4625,"CP-AKT-002912",NTLM,1184,"2025-03-23T12:52:39.3696925Z",3,NtLmSsp,Administrator
"Mar 23, 2025 @ 19:09:26.197",4624,"CP-AKT-002912",Negotiate,1184,"2025-03-23T12:03:50.5623120Z",5,Advapi,SYSTEM
"Mar 23, 2025 @ 19:09:26.166",4624,"CP-AKT-002912",Negotiate,1184,"2025-03-23T12:01:27.4724757Z",5,Advapi,SYSTEM
"Mar 23, 2025 @ 19:09:26.135",4624,"CP-AKT-002912",Negotiate,1184,"2025-03-23T11:56:52.9136184Z",5,Advapi,SYSTEM
"Mar 23, 2025 @ 19:09:26.104",4624,"CP-AKT-002912",Negotiate,1184,"2025-03-23T11:55:24.5137680Z",5,Advapi,SYSTEM
"Mar 23, 2025 @ 19:09:26.089",4625,"CP-AKT-002912",NTLM,1184,"2025-03-23T11:53:56.7793740Z",3,NtLmSsp,Administrator
"Mar 23, 2025 @ 19:09:26.073",4625,"CP-AKT-002912",NTLM,1184,"2025-03-23T11:53:55.7523854Z",3,NtLmSsp,Administrator
"Mar 23, 2025 @ 19:09:26.058",4625,"CP-AKT-002912",NTLM,1184,"2025-03-23T11:53:54.7300326Z",3,NtLmSsp,Administrator
"Mar 23, 2025 @ 19:09:26.027",4624,"CP-AKT-002912",Negotiate,1184,"2025-03-23T11:53:24.6846197Z",5,Advapi,SYSTEM
"Mar 23, 2025 @ 19:09:25.951",4624,"CP-AKT-002912",Negotiate,1184,"2025-03-23T11:39:25.6546294Z",5,Advapi,SYSTEM
"Mar 23, 2025 @ 19:09:25.920",4624,"CP-AKT-002912",Negotiate,1184,"2025-03-23T11:39:21.5472952Z",5,Advapi,SYSTEM
"Mar 23, 2025 @ 19:09:25.889",4624,"CP-AKT-002912",Negotiate,1184,"2025-03-23T11:38:02.0588840Z",5,Advapi,SYSTEM
"Mar 23, 2025 @ 19:09:25.858",4624,"CP-AKT-002912",Negotiate,1184,"2025-03-23T11:35:51.2012522Z",5,Advapi,SYSTEM
"Mar 23, 2025 @ 19:09:25.828",4624,"CP-AKT-002912",Negotiate,1184,"2025-03-23T11:31:49.1253102Z",5,Advapi,SYSTEM
"Mar 23, 2025 @ 19:09:25.797",4624,"CP-AKT-002912",Negotiate,1184,"2025-03-23T11:26:56.1899395Z",5,Advapi,SYSTEM
"Mar 23, 2025 @ 19:09:25.766",4624,"CP-AKT-002912",Negotiate,1184,"2025-03-23T11:22:45.3692851Z",5,Advapi,SYSTEM
"Mar 23, 2025 @ 19:09:25.705",4624,"CP-AKT-002912",Negotiate,1184,"2025-03-23T11:08:17.6285286Z",5,Advapi,SYSTEM
"Mar 23, 2025 @ 19:09:25.674",4624,"CP-AKT-002912",Negotiate,1184,"2025-03-23T11:08:13.2681759Z",5,Advapi,SYSTEM
"Mar 23, 2025 @ 19:09:25.643",4624,"CP-AKT-002912",Negotiate,1184,"2025-03-23T11:03:49.7250572Z",5,Advapi,SYSTEM
"Mar 23, 2025 @ 19:09:25.582",4624,"CP-AKT-002912",Negotiate,1184,"2025-03-23T10:59:49.2277685Z",5,Advapi,SYSTEM
"Mar 23, 2025 @ 19:09:25.551",4624,"CP-AKT-002912",Negotiate,1184,"2025-03-23T10:55:29.5637397Z",5,Advapi,SYSTEM
"Mar 23, 2025 @ 19:09:25.536",4625,"CP-AKT-002912",NTLM,1184,"2025-03-23T10:51:31.5112788Z",3,NtLmSsp,Administrator
"Mar 23, 2025 @ 19:09:25.520",4625,"CP-AKT-002912",NTLM,1184,"2025-03-23T10:51:30.4851522Z",3,NtLmSsp,Administrator
"Mar 23, 2025 @ 19:09:25.505",4625,"CP-AKT-002912",NTLM,1184,"2025-03-23T10:51:29.4602861Z",3,NtLmSsp,Administrator
"Mar 23, 2025 @ 19:09:25.474",4624,"CP-AKT-002912",Negotiate,1184,"2025-03-23T10:09:51.6249829Z",5,Advapi,SYSTEM
"Mar 23, 2025 @ 19:09:25.413",4624,"CP-AKT-002912",Negotiate,1184,"2025-03-23T10:06:35.1544858Z",5,Advapi,SYSTEM
"Mar 23, 2025 @ 19:09:25.382",4624,"CP-AKT-002912",Negotiate,1184,"2025-03-23T10:06:30.9660054Z",5,Advapi,SYSTEM
"Mar 23, 2025 @ 19:09:25.354",4624,"CP-AKT-002912",Negotiate,1184,"2025-03-23T10:03:49.5329694Z",5,Advapi,SYSTEM
"Mar 23, 2025 @ 19:09:25.167",4624,"CP-AKT-002912",Negotiate,1184,"2025-03-23T09:59:27.2622735Z",5,Advapi,SYSTEM
"Mar 23, 2025 @ 19:09:25.106",4624,"CP-AKT-002912",Negotiate,1184,"2025-03-23T09:59:23.0970424Z",5,Advapi,SYSTEM
"Mar 23, 2025 @ 19:09:25.075",4625,"CP-AKT-002912",NTLM,1184,"2025-03-23T09:51:36.5842000Z",3,NtLmSsp,Administrator
"Mar 23, 2025 @ 19:09:25.059",4625,"CP-AKT-002912",NTLM,1184,"2025-03-23T09:51:35.5591338Z",3,NtLmSsp,Administrator
"Mar 23, 2025 @ 19:09:25.044",4625,"CP-AKT-002912",NTLM,1184,"2025-03-23T09:51:34.5390496Z",3,NtLmSsp,Administrator
"Mar 23, 2025 @ 19:09:25.014",4624,"CP-AKT-002912",Negotiate,1184,"2025-03-23T09:34:17.8599790Z",5,Advapi,SYSTEM
"Mar 23, 2025 @ 19:09:24.952",4624,"CP-AKT-002912",Negotiate,1184,"2025-03-23T09:32:05.1087966Z",5,Advapi,SYSTEM
"Mar 23, 2025 @ 19:09:24.922",4624,"CP-AKT-002912",Negotiate,1184,"2025-03-23T09:32:00.9108386Z",5,Advapi,SYSTEM
"Mar 23, 2025 @ 19:09:24.891",4624,"CP-AKT-002912",Negotiate,1184,"2025-03-23T09:28:49.5971000Z",5,Advapi,SYSTEM
"Mar 23, 2025 @ 19:09:24.860",4624,"CP-AKT-002912",Negotiate,1184,"2025-03-23T09:11:01.0463515Z",5,Advapi,SYSTEM
"Mar 23, 2025 @ 19:09:24.814",4624,"CP-AKT-002912",Negotiate,1184,"2025-03-23T09:10:49.4912343Z",5,Advapi,SYSTEM
"Mar 23, 2025 @ 19:09:24.799",4624,"CP-AKT-002912",Negotiate,1184,"2025-03-23T09:10:49.4763567Z",11,User32,"acuk.student"
"Mar 23, 2025 @ 19:09:24.753",4624,"CP-AKT-002912",Negotiate,1184,"2025-03-23T09:09:48.4545657Z",5,Advapi,SYSTEM
"Mar 23, 2025 @ 19:09:24.692",4624,"CP-AKT-002912",Negotiate,1184,"2025-03-23T08:55:44.5551105Z",5,Advapi,SYSTEM
"Mar 23, 2025 @ 19:09:24.661",4624,"CP-AKT-002912",Negotiate,1184,"2025-03-23T08:55:39.9442921Z",5,Advapi,SYSTEM
"Mar 23, 2025 @ 19:09:24.630",4624,"CP-AKT-002912",Negotiate,1184,"2025-03-23T08:55:36.6729275Z",5,Advapi,SYSTEM
"Mar 23, 2025 @ 19:09:24.600",4624,"CP-AKT-002912",Negotiate,1184,"2025-03-23T08:55:35.8486082Z",5,Advapi,SYSTEM
"Mar 23, 2025 @ 19:09:24.569",4624,"CP-AKT-002912",Negotiate,1184,"2025-03-23T08:55:34.7115077Z",5,Advapi,SYSTEM
"Mar 23, 2025 @ 19:09:24.538",4624,"CP-AKT-002912",Negotiate,1184,"2025-03-23T08:51:31.7790120Z",5,Advapi,SYSTEM
"Mar 23, 2025 @ 19:09:24.523",4625,"CP-AKT-002912",NTLM,1184,"2025-03-23T08:49:31.5542548Z",3,NtLmSsp,Administrator
"Mar 23, 2025 @ 19:09:24.508",4625,"CP-AKT-002912",NTLM,1184,"2025-03-23T08:49:30.5214515Z",3,NtLmSsp,Administrator
"Mar 23, 2025 @ 19:09:24.493",4625,"CP-AKT-002912",NTLM,1184,"2025-03-23T08:49:29.4994740Z",3,NtLmSsp,Administrator
"Mar 23, 2025 @ 19:09:24.401",4624,"CP-AKT-002912",Negotiate,1184,"2025-03-23T08:44:30.2642056Z",5,Advapi,SYSTEM
"Mar 23, 2025 @ 19:09:23.378",4624,"CP-AKT-002908",Negotiate,1072,"2025-03-23T13:59:17.7329413Z",5,Advapi,SYSTEM
"Mar 23, 2025 @ 19:09:23.330",4624,"CP-AKT-002912",Negotiate,1184,"2025-03-23T08:44:28.6615329Z",5,Advapi,SYSTEM
"Mar 23, 2025 @ 19:09:23.067",4624,"CP-AKT-002907",Negotiate,1192,"2025-03-23T13:10:30.5610426Z",5,Advapi,SYSTEM
"Mar 23, 2025 @ 19:09:23.036",4624,"CP-AKT-002907",Negotiate,1192,"2025-03-23T13:10:03.2666401Z",5,Advapi,SYSTEM
"Mar 23, 2025 @ 19:09:23.006",4624,"CP-AKT-002907",Negotiate,1192,"2025-03-23T13:09:03.0238501Z",5,Advapi,SYSTEM
"Mar 23, 2025 @ 19:09:22.990",4625,"CP-AKT-002907",NTLM,1192,"2025-03-23T12:55:11.6279753Z",3,NtLmSsp,Administrator
"Mar 23, 2025 @ 19:09:22.975",4625,"CP-AKT-002907",NTLM,1192,"2025-03-23T12:55:10.5966964Z",3,NtLmSsp,Administrator
"Mar 23, 2025 @ 19:09:22.960",4625,"CP-AKT-002907",NTLM,1192,"2025-03-23T12:55:09.5744207Z",3,NtLmSsp,Administrator
"Mar 23, 2025 @ 19:09:22.947",4624,"CP-AKT-002908",Negotiate,1072,"2025-03-23T13:51:59.2978829Z",5,Advapi,SYSTEM
"Mar 23, 2025 @ 19:09:22.931",4624,"CP-AKT-002907",Negotiate,1192,"2025-03-23T12:52:47.4837980Z",5,Advapi,SYSTEM
"Mar 23, 2025 @ 19:09:22.917",4624,"CP-AKT-002908",Negotiate,1072,"2025-03-23T13:49:27.2464589Z",5,Advapi,SYSTEM
"Mar 23, 2025 @ 19:09:22.905",4624,"CP-AKT-002907",Negotiate,1192,"2025-03-23T12:24:24.9311499Z",5,Advapi,SYSTEM
"Mar 23, 2025 @ 19:09:22.886",4624,"CP-AKT-002908",Negotiate,1072,"2025-03-23T13:49:09.4757231Z",5,Advapi,SYSTEM
"Mar 23, 2025 @ 19:09:22.873",4624,"CP-AKT-002907",Negotiate,1192,"2025-03-23T12:22:02.7630977Z",5,Advapi,SYSTEM
"Mar 23, 2025 @ 19:09:22.857",4624,"CP-AKT-002908",Negotiate,1072,"2025-03-23T13:19:41.7089776Z",5,Advapi,SYSTEM
"Mar 23, 2025 @ 19:09:22.843",4624,"CP-AKT-002907",Negotiate,1192,"2025-03-23T12:21:16.4800029Z",5,Advapi,SYSTEM
"Mar 23, 2025 @ 19:09:22.812",4624,"CP-AKT-002907",Negotiate,1192,"2025-03-23T12:20:58.9258076Z",5,Advapi,SYSTEM
"Mar 23, 2025 @ 19:09:22.781",4624,"CP-AKT-002907",Negotiate,1192,"2025-03-23T12:18:29.4897283Z",5,Advapi,SYSTEM
"Mar 23, 2025 @ 19:09:22.659",4624,"CP-AKT-002907",Negotiate,1192,"2025-03-23T12:17:27.1588524Z",5,Advapi,SYSTEM
"Mar 23, 2025 @ 19:09:22.648",4624,"CP-AKT-002908",Negotiate,1072,"2025-03-23T13:18:26.3686785Z",5,Advapi,SYSTEM
"Mar 23, 2025 @ 19:09:22.627",4624,"CP-AKT-002908",Negotiate,1072,"2025-03-23T13:18:25.9616573Z",5,Advapi,SYSTEM
"Mar 23, 2025 @ 19:09:22.601",4624,"CP-AKT-002908",Negotiate,1072,"2025-03-23T13:18:25.7900566Z",5,Advapi,SYSTEM
"Mar 23, 2025 @ 19:09:22.524",4624,"CP-AKT-002907",Negotiate,1192,"2025-03-23T12:17:26.6934280Z",5,Advapi,SYSTEM
"Mar 23, 2025 @ 19:09:22.504",4624,"CP-AKT-002908",Negotiate,1072,"2025-03-23T12:50:14.7934370Z",5,Advapi,SYSTEM
"Mar 23, 2025 @ 19:09:22.329",4624,"CP-AKT-002908",Negotiate,1072,"2025-03-23T12:50:13.7535290Z",5,Advapi,SYSTEM
"Mar 23, 2025 @ 19:09:22.197",4624,"CP-AKT-002908",Negotiate,1072,"2025-03-23T12:50:13.4746395Z",5,Advapi,SYSTEM
"Mar 23, 2025 @ 19:09:22.182",4624,"CP-AKT-002908",Negotiate,1072,"2025-03-23T12:50:13.4689177Z",5,Advapi,SYSTEM
"Mar 23, 2025 @ 19:09:22.163",4624,"CP-AKT-002908",Negotiate,1072,"2025-03-23T12:50:13.4685620Z",5,Advapi,SYSTEM
"Mar 23, 2025 @ 19:09:22.143",4624,"CP-AKT-002908",Negotiate,1072,"2025-03-23T12:50:13.4221406Z",5,Advapi,SYSTEM
"Mar 23, 2025 @ 19:09:22.129",4624,"CP-AKT-002908",Negotiate,1072,"2025-03-23T12:50:13.4219694Z",5,Advapi,SYSTEM
"Mar 23, 2025 @ 19:09:22.080",4624,"CP-AKT-002908",Negotiate,1072,"2025-03-23T11:00:42.7859581Z",5,Advapi,SYSTEM
"Mar 23, 2025 @ 19:09:22.064",4624,"CP-AKT-002908",Negotiate,1072,"2025-03-23T11:00:38.6677738Z",5,Advapi,SYSTEM
"Mar 23, 2025 @ 19:09:22.034",4624,"CP-AKT-002908",Negotiate,1072,"2025-03-23T10:07:29.6146868Z",5,Advapi,SYSTEM
"Mar 23, 2025 @ 19:09:22.016",4624,"CP-AKT-002908",Negotiate,1072,"2025-03-23T07:38:24.8213738Z",5,Advapi,SYSTEM
"Mar 23, 2025 @ 19:09:21.885",4624,"CP-AKT-002908",Negotiate,1072,"2025-03-23T07:36:38.4955203Z",5,Advapi,SYSTEM
"Mar 23, 2025 @ 19:09:21.870",4624,"CP-AKT-002908",Negotiate,1072,"2025-03-23T07:09:42.4468940Z",5,Advapi,SYSTEM
"Mar 23, 2025 @ 19:09:21.855",4624,"CP-AKT-002908",Negotiate,1072,"2025-03-23T07:09:15.1530564Z",5,Advapi,SYSTEM
"Mar 23, 2025 @ 19:09:21.846",4624,"CP-AKT-002908",Negotiate,1072,"2025-03-23T07:09:09.4044641Z",5,Advapi,SYSTEM
"Mar 23, 2025 @ 19:09:21.831",4624,"CP-AKT-002908",Negotiate,1072,"2025-03-23T07:09:04.2429455Z",5,Advapi,SYSTEM
"Mar 23, 2025 @ 19:09:21.807",4624,"CP-AKT-002908",Negotiate,1072,"2025-03-23T07:07:53.2867717Z",5,Advapi,SYSTEM
"Mar 23, 2025 @ 19:09:21.776",4624,"CP-AKT-002908",Negotiate,1072,"2025-03-23T07:07:52.4941283Z",5,Advapi,SYSTEM
"Mar 23, 2025 @ 19:09:21.720",4624,"CP-AKT-002908",Negotiate,1072,"2025-03-23T07:06:41.5015404Z",11,CredPro,Administrator
"Mar 23, 2025 @ 19:09:21.654",4625,"CP-AKT-002908",Negotiate,1072,"2025-03-23T07:06:08.4875425Z",2,CredPro,Administrator
"Mar 23, 2025 @ 19:09:21.639",4625,"CP-AKT-002908",Negotiate,1072,"2025-03-23T07:06:08.4862581Z",11,CredPro,Administrator
"Mar 23, 2025 @ 19:09:21.614",4625,"CP-AKT-002908",Negotiate,1072,"2025-03-23T07:05:54.7352220Z",2,CredPro,Administrator
"Mar 23, 2025 @ 19:09:21.599",4625,"CP-AKT-002908",Negotiate,1072,"2025-03-23T07:05:54.3807043Z",11,CredPro,Administrator
"Mar 23, 2025 @ 19:09:21.551",4625,"CP-AKT-002908",Negotiate,1072,"2025-03-23T07:05:32.2208466Z",2,CredPro,Administrator
"Mar 23, 2025 @ 19:09:21.536",4625,"CP-AKT-002908",Negotiate,1072,"2025-03-23T07:05:31.8554483Z",11,CredPro,Administrator
"Mar 23, 2025 @ 19:09:20.270",4624,"CP-AKT-002912",Negotiate,1184,"2025-03-23T08:32:29.1486303Z",5,Advapi,SYSTEM
"Mar 23, 2025 @ 19:09:20.239",4624,"CP-AKT-002912",Negotiate,1184,"2025-03-23T08:32:05.4208666Z",5,Advapi,SYSTEM
"Mar 23, 2025 @ 19:09:20.208",4624,"CP-AKT-002912",Negotiate,1184,"2025-03-23T08:30:27.6284320Z",5,Advapi,SYSTEM
"Mar 23, 2025 @ 19:09:20.176",4624,"CP-AKT-002912",Negotiate,1184,"2025-03-23T08:22:16.9877434Z",5,Advapi,SYSTEM
"Mar 23, 2025 @ 19:09:20.145",4624,"CP-AKT-002912",Negotiate,1184,"2025-03-23T08:01:08.1183489Z",5,Advapi,SYSTEM
"Mar 23, 2025 @ 19:09:20.114",4624,"CP-AKT-002912",Negotiate,1184,"2025-03-23T08:01:08.1183346Z",5,Advapi,SYSTEM
"Mar 23, 2025 @ 19:09:20.083",4624,"CP-AKT-002912",Negotiate,1184,"2025-03-23T07:51:58.6566156Z",5,Advapi,SYSTEM
"Mar 23, 2025 @ 19:09:20.052",4624,"CP-AKT-002912",Negotiate,1184,"2025-03-23T07:51:58.6240260Z",5,Advapi,SYSTEM
"Mar 23, 2025 @ 19:09:20.036",4625,"CP-AKT-002912",NTLM,1184,"2025-03-23T07:46:56.3265914Z",3,NtLmSsp,Administrator
"Mar 23, 2025 @ 19:09:20.020",4625,"CP-AKT-002912",NTLM,1184,"2025-03-23T07:46:55.2948333Z",3,NtLmSsp,Administrator
"Mar 23, 2025 @ 19:09:20.005",4625,"CP-AKT-002912",NTLM,1184,"2025-03-23T07:46:54.2671037Z",3,NtLmSsp,Administrator
"Mar 23, 2025 @ 19:09:19.983",4624,"CP-AKT-002912",Negotiate,1184,"2025-03-23T07:20:40.2858949Z",5,Advapi,SYSTEM
"Mar 23, 2025 @ 19:09:19.787",4624,"CP-AKT-002907",Negotiate,1192,"2025-03-23T12:17:18.1324980Z",5,Advapi,SYSTEM
"Mar 23, 2025 @ 19:09:19.766",4624,"CP-AKT-002907",Negotiate,1192,"2025-03-23T11:58:45.9639993Z",5,Advapi,SYSTEM
"Mar 23, 2025 @ 19:09:19.750",4625,"CP-AKT-002907",NTLM,1192,"2025-03-23T11:52:51.3846547Z",3,NtLmSsp,Administrator
"Mar 23, 2025 @ 19:09:19.735",4625,"CP-AKT-002907",NTLM,1192,"2025-03-23T11:52:50.3734745Z",3,NtLmSsp,Administrator
"Mar 23, 2025 @ 19:09:19.720",4625,"CP-AKT-002907",NTLM,1192,"2025-03-23T11:52:49.3536427Z",3,NtLmSsp,Administrator
"Mar 23, 2025 @ 19:09:19.697",4624,"CP-AKT-002907",Negotiate,1192,"2025-03-23T11:52:21.3715642Z",5,Advapi,SYSTEM
"Mar 23, 2025 @ 19:09:19.666",4624,"CP-AKT-002907",Negotiate,1192,"2025-03-23T11:43:46.2074998Z",5,Advapi,SYSTEM
"Mar 23, 2025 @ 19:09:19.635",4624,"CP-AKT-002907",Negotiate,1192,"2025-03-23T11:37:14.6378305Z",5,Advapi,SYSTEM
"Mar 23, 2025 @ 19:09:19.604",4624,"CP-AKT-002907",Negotiate,1192,"2025-03-23T11:29:25.0422455Z",5,Advapi,SYSTEM
"Mar 23, 2025 @ 19:09:19.573",4624,"CP-AKT-002907",Negotiate,1192,"2025-03-23T11:25:37.3002201Z",5,Advapi,SYSTEM
"Mar 23, 2025 @ 19:09:19.541",4624,"CP-AKT-002907",Negotiate,1192,"2025-03-23T10:54:01.2822069Z",5,Advapi,SYSTEM
"Mar 23, 2025 @ 19:09:19.525",4625,"CP-AKT-002907",NTLM,1192,"2025-03-23T10:52:46.5153869Z",3,NtLmSsp,Administrator
"Mar 23, 2025 @ 19:09:19.510",4625,"CP-AKT-002907",NTLM,1192,"2025-03-23T10:52:45.5010612Z",3,NtLmSsp,Administrator
"Mar 23, 2025 @ 19:09:19.494",4625,"CP-AKT-002907",NTLM,1192,"2025-03-23T10:52:44.4874329Z",3,NtLmSsp,Administrator
"Mar 23, 2025 @ 19:09:19.463",4624,"CP-AKT-002907",Negotiate,1192,"2025-03-23T10:41:50.5819905Z",5,Advapi,SYSTEM
"Mar 23, 2025 @ 19:09:19.432",4624,"CP-AKT-002907",Negotiate,1192,"2025-03-23T10:37:14.6346563Z",5,Advapi,SYSTEM
"Mar 23, 2025 @ 19:09:19.402",4624,"CP-AKT-002907",Negotiate,1192,"2025-03-23T10:22:25.4063039Z",5,Advapi,SYSTEM
"Mar 23, 2025 @ 19:09:19.381",4624,"CP-AKT-002907",Negotiate,1192,"2025-03-23T10:21:07.1705064Z",5,Advapi,SYSTEM
"Mar 23, 2025 @ 19:09:19.350",4624,"CP-AKT-002907",Negotiate,1192,"2025-03-23T10:20:59.2231127Z",5,Advapi,SYSTEM
"Mar 23, 2025 @ 19:09:19.320",4624,"CP-AKT-002907",Negotiate,1192,"2025-03-23T09:51:03.2015615Z",5,Advapi,SYSTEM
"Mar 23, 2025 @ 19:09:19.310",4625,"CP-AKT-002907",NTLM,1192,"2025-03-23T09:50:36.3217441Z",3,NtLmSsp,Administrator
"Mar 23, 2025 @ 19:09:19.294",4625,"CP-AKT-002907",NTLM,1192,"2025-03-23T09:50:35.2950502Z",3,NtLmSsp,Administrator
"Mar 23, 2025 @ 19:09:19.279",4625,"CP-AKT-002907",NTLM,1192,"2025-03-23T09:50:34.2713594Z",3,NtLmSsp,Administrator
"Mar 23, 2025 @ 19:09:19.248",4624,"CP-AKT-002907",Negotiate,1192,"2025-03-23T09:37:14.4317891Z",5,Advapi,SYSTEM
"Mar 23, 2025 @ 19:09:19.217",4624,"CP-AKT-002907",Negotiate,1192,"2025-03-23T09:22:22.6303482Z",5,Advapi,SYSTEM
"Mar 23, 2025 @ 19:09:19.187",4624,"CP-AKT-002907",Negotiate,1192,"2025-03-23T09:11:43.9462462Z",5,Advapi,SYSTEM
"Mar 23, 2025 @ 19:09:19.184",4625,"CP-AKT-002907",NTLM,1192,"2025-03-23T08:50:26.5368141Z",3,NtLmSsp,Administrator
"Mar 23, 2025 @ 19:09:19.169",4625,"CP-AKT-002907",NTLM,1192,"2025-03-23T08:50:25.5134233Z",3,NtLmSsp,Administrator
"Mar 23, 2025 @ 19:09:19.152",4625,"CP-AKT-002907",NTLM,1192,"2025-03-23T08:50:24.5017176Z",3,NtLmSsp,Administrator
"Mar 23, 2025 @ 19:09:19.133",4624,"CP-AKT-002907",Negotiate,1192,"2025-03-23T08:42:21.4728255Z",5,Advapi,SYSTEM
"Mar 23, 2025 @ 19:09:19.102",4624,"CP-AKT-002907",Negotiate,1192,"2025-03-23T08:42:17.5734992Z",5,Advapi,SYSTEM
"Mar 23, 2025 @ 19:09:19.082",4624,"CP-AKT-002907",Negotiate,1192,"2025-03-23T08:36:58.8930404Z",5,Advapi,SYSTEM
"Mar 23, 2025 @ 19:09:19.053",4624,"CP-AKT-002907",Negotiate,1192,"2025-03-23T08:28:55.7021234Z",5,Advapi,SYSTEM
"Mar 23, 2025 @ 19:09:19.033",4624,"CP-AKT-002907",Negotiate,1192,"2025-03-23T08:25:07.1257993Z",5,Advapi,SYSTEM
"Mar 23, 2025 @ 19:09:19.002",4624,"CP-AKT-002907",Negotiate,1192,"2025-03-23T08:18:56.9591251Z",5,Advapi,SYSTEM
"Mar 23, 2025 @ 19:09:18.983",4624,"CP-AKT-002907",Negotiate,1192,"2025-03-23T08:14:42.7852217Z",5,Advapi,SYSTEM
"Mar 23, 2025 @ 19:09:18.951",4624,"CP-AKT-002907",Negotiate,1192,"2025-03-23T08:14:39.9746937Z",5,Advapi,SYSTEM
"Mar 23, 2025 @ 19:09:18.920",4624,"CP-AKT-002907",Negotiate,1192,"2025-03-23T08:09:01.7519655Z",5,Advapi,SYSTEM
"Mar 23, 2025 @ 19:09:18.895",4624,"CP-AKT-002907",Negotiate,1192,"2025-03-23T08:04:37.1988705Z",5,Advapi,SYSTEM
"Mar 23, 2025 @ 19:09:18.759",4624,"CP-AKT-002907",Negotiate,1192,"2025-03-23T08:02:32.3508948Z",5,Advapi,SYSTEM
"Mar 23, 2025 @ 19:09:18.728",4624,"CP-AKT-002907",Negotiate,1192,"2025-03-23T07:58:25.4165372Z",5,Advapi,SYSTEM
"Mar 23, 2025 @ 19:09:18.697",4624,"CP-AKT-002907",Negotiate,1192,"2025-03-23T07:54:41.4327398Z",5,Advapi,SYSTEM
"Mar 23, 2025 @ 19:09:18.682",4625,"CP-AKT-002907",NTLM,1192,"2025-03-23T07:49:11.6326543Z",3,NtLmSsp,Administrator
"Mar 23, 2025 @ 19:09:18.666",4625,"CP-AKT-002907",NTLM,1192,"2025-03-23T07:49:10.6089284Z",3,NtLmSsp,Administrator
"Mar 23, 2025 @ 19:09:18.651",4625,"CP-AKT-002907",NTLM,1192,"2025-03-23T07:49:09.5905996Z",3,NtLmSsp,Administrator
"Mar 23, 2025 @ 19:09:18.619",4624,"CP-AKT-002907",Negotiate,1192,"2025-03-23T07:43:03.2400533Z",5,Advapi,SYSTEM
"Mar 23, 2025 @ 19:09:18.587",4624,"CP-AKT-002907",Negotiate,1192,"2025-03-23T07:36:58.8513260Z",5,Advapi,SYSTEM
"Mar 23, 2025 @ 19:09:18.563",4624,"CP-AKT-002907",Negotiate,1192,"2025-03-23T07:24:57.0161320Z",5,Advapi,SYSTEM
"Mar 23, 2025 @ 19:09:18.533",4624,"CP-AKT-002907",Negotiate,1192,"2025-03-23T07:09:17.6485567Z",5,Advapi,SYSTEM
"Mar 23, 2025 @ 19:09:18.503",4624,"CP-AKT-002907",Negotiate,1192,"2025-03-23T07:04:19.7281590Z",5,Advapi,SYSTEM
"Mar 23, 2025 @ 19:09:18.407",4624,"CP-AKT-002907",Negotiate,1192,"2025-03-23T07:00:01.3258932Z",5,Advapi,SYSTEM
"Mar 23, 2025 @ 19:08:53.261",4624,"DESKTOP-5JEIKFF",Negotiate,1016,"2025-03-23T14:08:52.6089777Z",5,Advapi,SYSTEM
"Mar 23, 2025 @ 19:08:52.235",4624,"DESKTOP-5JEIKFF",Negotiate,1016,"2025-03-23T14:08:48.1831502Z",2,User32,Project
"Mar 23, 2025 @ 19:08:52.232",4624,"DESKTOP-5JEIKFF",Negotiate,1016,"2025-03-23T14:08:48.1831428Z",2,User32,Project
"Mar 23, 2025 @ 19:08:52.189",4624,"DESKTOP-5JEIKFF",Negotiate,1016,"2025-03-23T14:08:45.5034650Z",5,Advapi,SYSTEM
"Mar 23, 2025 @ 19:08:52.148",4624,"DESKTOP-5JEIKFF",Negotiate,1016,"2025-03-23T14:08:44.4131216Z",5,Advapi,SYSTEM
"Mar 23, 2025 @ 19:08:52.089",4624,"DESKTOP-5JEIKFF",Negotiate,1016,"2025-03-23T14:08:42.3083902Z",5,Advapi,SYSTEM
"Mar 23, 2025 @ 19:08:52.016",4624,"DESKTOP-5JEIKFF",Negotiate,1016,"2025-03-23T14:08:41.1876266Z",5,Advapi,SYSTEM
"Mar 23, 2025 @ 19:08:51.674",4624,"DESKTOP-5JEIKFF",Negotiate,1016,"2025-03-23T14:08:40.6782525Z",5,Advapi,SYSTEM
"Mar 23, 2025 @ 11:53:24.334",4624,"DESKTOP-5JEIKFF",Negotiate,1016,"2025-03-23T06:53:23.2268351Z",5,Advapi,SYSTEM
"Mar 23, 2025 @ 11:53:13.206",4624,"DESKTOP-5JEIKFF",Negotiate,1016,"2025-03-23T06:53:12.1208172Z",5,Advapi,SYSTEM
"Mar 23, 2025 @ 11:53:13.200",4624,"DESKTOP-5JEIKFF",Negotiate,1016,"2025-03-23T06:53:12.0865506Z",5,Advapi,SYSTEM
"Mar 23, 2025 @ 11:51:43.808",4624,"CP-AKT000209",Negotiate,1184,"2025-03-21T22:18:24.8335229Z",5,Advapi,SYSTEM
"Mar 23, 2025 @ 11:51:27.102",4624,"CP-AKT-002907",Negotiate,1192,"2025-03-23T06:51:25.8168598Z",5,Advapi,SYSTEM
"Mar 23, 2025 @ 11:51:24.363",4624,"CP-AKT-002907",Negotiate,1192,"2025-03-23T06:51:23.0833463Z",5,Advapi,SYSTEM
"Mar 23, 2025 @ 11:51:07.505",4624,"CP-AKT-002931",Negotiate,1080,"2025-03-22T23:01:28.0523764Z",5,Advapi,SYSTEM
"Mar 23, 2025 @ 11:48:39.855",4624,"DESKTOP-5JEIKFF",Negotiate,1016,"2025-03-23T06:48:38.7470150Z",5,Advapi,SYSTEM
"Mar 23, 2025 @ 11:48:08.159",4625,"CP-AKT-002907",NTLM,1192,"2025-03-23T06:48:06.8825700Z",3,NtLmSsp,Administrator
"Mar 23, 2025 @ 11:48:07.142",4625,"CP-AKT-002907",NTLM,1192,"2025-03-23T06:48:05.8689518Z",3,NtLmSsp,Administrator
"Mar 23, 2025 @ 11:48:06.127",4625,"CP-AKT-002907",NTLM,1192,"2025-03-23T06:48:04.8490995Z",3,NtLmSsp,Administrator
"Mar 23, 2025 @ 11:46:57.709",4625,"CP-AKT000209",NTLM,1184,"2025-03-21T22:13:38.7373973Z",3,NtLmSsp,Administrator
"Mar 23, 2025 @ 11:46:56.701",4625,"CP-AKT000209",NTLM,1184,"2025-03-21T22:13:37.7249309Z",3,NtLmSsp,Administrator
"Mar 23, 2025 @ 11:46:55.689",4625,"CP-AKT000209",NTLM,1184,"2025-03-21T22:13:36.7111048Z",3,NtLmSsp,Administrator
"Mar 23, 2025 @ 11:46:09.247",4624,"CP-AKT-002907",Negotiate,1192,"2025-03-23T06:46:07.9774361Z",5,Advapi,SYSTEM
"Mar 23, 2025 @ 11:45:42.324",4625,"CP-AKT-002912",NTLM,1184,"2025-03-23T06:45:41.2222120Z",3,NtLmSsp,Administrator
"Mar 23, 2025 @ 11:45:41.309",4625,"CP-AKT-002912",NTLM,1184,"2025-03-23T06:45:40.2067247Z",3,NtLmSsp,Administrator
"Mar 23, 2025 @ 11:45:40.280",4625,"CP-AKT-002912",NTLM,1184,"2025-03-23T06:45:39.1849532Z",3,NtLmSsp,Administrator
"Mar 23, 2025 @ 11:41:56.719",4624,"CP-AKT-002907",Negotiate,1192,"2025-03-23T06:41:55.4342653Z",5,Advapi,SYSTEM
"Mar 23, 2025 @ 11:41:34.781",4624,"CP-AKT-002931",Negotiate,1080,"2025-03-22T22:51:55.3435223Z",5,Advapi,SYSTEM
"Mar 23, 2025 @ 11:38:30.707",4624,"CP-AKT000209",Negotiate,1184,"2025-03-21T22:05:11.7328177Z",5,Advapi,SYSTEM
"Mar 23, 2025 @ 11:38:29.631",4624,"CP-AKT000209",Negotiate,1184,"2025-03-21T22:05:10.6576862Z",5,Advapi,SYSTEM
"Mar 23, 2025 @ 11:37:54.108",4624,"DESKTOP-5JEIKFF",Negotiate,1016,"2025-03-23T06:37:53.0136763Z",5,Advapi,SYSTEM
"Mar 23, 2025 @ 11:36:58.951",4624,"CP-AKT-002907",Negotiate,1192,"2025-03-23T06:36:57.6721114Z",5,Advapi,SYSTEM
"Mar 23, 2025 @ 11:36:01.636",4624,"DESKTOP-5JEIKFF",Negotiate,1016,"2025-03-23T06:36:00.5417279Z",5,Advapi,SYSTEM
"Mar 23, 2025 @ 11:35:05.197",4624,"CP-AKT-002931",Negotiate,1080,"2025-03-22T22:45:25.7735058Z",5,Advapi,SYSTEM
"Mar 23, 2025 @ 11:31:45.315",4624,"CP-AKT000209",Negotiate,1184,"2025-03-21T21:58:26.5602846Z",5,Advapi,SYSTEM
"Mar 23, 2025 @ 11:31:45.288",4624,"CP-AKT000209",Negotiate,1184,"2025-03-21T21:58:26.5363497Z",5,Advapi,SYSTEM
"Mar 23, 2025 @ 11:31:45.286",4624,"CP-AKT000209",Negotiate,1184,"2025-03-21T21:58:26.3419613Z",5,Advapi,SYSTEM
"Mar 23, 2025 @ 11:31:31.508",4624,"CP-AKT000209",Negotiate,1184,"2025-03-21T21:58:12.5585471Z",5,Advapi,SYSTEM
"Mar 23, 2025 @ 11:31:30.452",4624,"CP-AKT000209",Negotiate,1184,"2025-03-21T21:58:11.7109074Z",5,Advapi,SYSTEM
"Mar 23, 2025 @ 11:31:30.438",4624,"CP-AKT000209",Negotiate,1184,"2025-03-21T21:58:11.4868706Z",5,Advapi,SYSTEM
"Mar 23, 2025 @ 11:28:52.067",4624,"CP-AKT000209",Negotiate,1184,"2025-03-21T21:55:33.1320889Z",5,Advapi,SYSTEM
"Mar 23, 2025 @ 11:26:57.045",4624,"CP-AKT000209",Negotiate,1184,"2025-03-21T21:53:38.1074063Z",5,Advapi,SYSTEM
"Mar 23, 2025 @ 11:25:23.443",4624,"CP-AKT-002907",Negotiate,1192,"2025-03-23T06:25:22.2121879Z",5,Advapi,SYSTEM
"Mar 23, 2025 @ 11:24:48.152",4624,"CP-AKT-002907",Negotiate,1192,"2025-03-23T06:24:46.9236401Z",5,Advapi,SYSTEM
"Mar 23, 2025 @ 11:24:09.004",4624,"CP-AKT-002907",Negotiate,1192,"2025-03-23T06:24:07.7907170Z",5,Advapi,SYSTEM
"Mar 23, 2025 @ 11:23:28.504",4624,"CP-AKT000209",Negotiate,1184,"2025-03-21T21:50:09.5702354Z",5,Advapi,SYSTEM
"Mar 23, 2025 @ 11:21:38.566",4624,"DESKTOP-5JEIKFF",Negotiate,1016,"2025-03-23T06:21:37.5233510Z",5,Advapi,SYSTEM
"Mar 23, 2025 @ 11:20:43.643",4624,"CP-AKT-002931",Negotiate,1080,"2025-03-22T22:31:04.2513859Z",5,Advapi,SYSTEM
"Mar 23, 2025 @ 11:20:00.423",4624,"CP-AKT-002907",Negotiate,1192,"2025-03-23T06:19:59.2053583Z",5,Advapi,SYSTEM
"Mar 23, 2025 @ 11:19:53.667",4624,"CP-AKT-002931",Negotiate,1080,"2025-03-22T22:30:14.2912738Z",5,Advapi,SYSTEM
"Mar 23, 2025 @ 11:19:36.743",4624,"CP-AKT-002931",Negotiate,1080,"2025-03-22T22:29:57.9293111Z",5,Advapi,SYSTEM
"Mar 23, 2025 @ 11:19:35.684",4624,"CP-AKT-002931",Negotiate,1080,"2025-03-22T22:29:56.3076659Z",5,Advapi,SYSTEM
"Mar 23, 2025 @ 11:19:32.662",4624,"CP-AKT-002931",Negotiate,1080,"2025-03-22T22:29:53.2906734Z",5,Advapi,SYSTEM
"Mar 23, 2025 @ 11:19:28.641",4624,"CP-AKT-002931",Negotiate,1080,"2025-03-22T22:29:49.2678977Z",5,Advapi,SYSTEM
"Mar 23, 2025 @ 11:19:26.143",4624,"CP-AKT-002931",Negotiate,1080,"2025-03-22T22:29:47.5570672Z",5,Advapi,SYSTEM
"Mar 23, 2025 @ 11:19:26.130",4624,"CP-AKT-002931",Negotiate,1080,"2025-03-22T22:29:46.7603700Z",5,Advapi,SYSTEM
"Mar 23, 2025 @ 11:19:12.568",4624,"DESKTOP-5JEIKFF",Negotiate,1016,"2025-03-23T06:19:13.1295111Z",5,Advapi,SYSTEM
"Mar 23, 2025 @ 11:19:11.543",4624,"DESKTOP-5JEIKFF",Negotiate,1016,"2025-03-23T06:19:12.9156773Z",5,Advapi,SYSTEM
"Mar 23, 2025 @ 11:19:10.197",4624,"CP-AKT-002908",Negotiate,1072,"2025-03-23T06:19:09.1444400Z",5,Advapi,SYSTEM
"Mar 23, 2025 @ 11:19:00.403",4624,"CP-AKT000209",Negotiate,1184,"2025-03-21T21:45:41.4889948Z",5,Advapi,SYSTEM
"Mar 23, 2025 @ 11:18:42.982",4624,"DESKTOP-5JEIKFF",Negotiate,1016,"2025-03-23T06:18:43.5411703Z",5,Advapi,SYSTEM
"Mar 23, 2025 @ 11:18:41.370",4624,"DESKTOP-5JEIKFF",Negotiate,1016,"2025-03-23T06:18:41.9309586Z",5,Advapi,SYSTEM
"Mar 23, 2025 @ 11:18:09.550",4624,"CP-AKT-002931",Negotiate,1080,"2025-03-22T22:28:30.1865305Z",5,Advapi,SYSTEM
"Mar 23, 2025 @ 11:17:29.268",4624,"DESKTOP-5JEIKFF",Negotiate,1016,"2025-03-23T06:17:29.8293017Z",5,Advapi,SYSTEM
"Mar 23, 2025 @ 11:17:25.898",4624,"CP-AKT-002908",Negotiate,1072,"2025-03-23T06:17:24.8429517Z",5,Advapi,SYSTEM
"Mar 23, 2025 @ 11:17:25.174",4624,"CP-AKT-002907",Negotiate,1192,"2025-03-23T06:17:21.8685948Z",5,Advapi,SYSTEM
"Mar 23, 2025 @ 11:17:25.158",4624,"CP-AKT-002907",Negotiate,1192,"2025-03-23T06:17:18.9211087Z",5,Advapi,SYSTEM
"Mar 23, 2025 @ 11:16:53.568",4624,"DESKTOP-5JEIKFF",Negotiate,1016,"2025-03-23T06:16:54.1239420Z",5,Advapi,SYSTEM
"Mar 23, 2025 @ 11:16:38.752",4624,"DESKTOP-5JEIKFF",Negotiate,1016,"2025-03-23T06:16:39.3066823Z",5,Advapi,SYSTEM
"Mar 23, 2025 @ 11:14:08.351",4624,"CP-AKT-002931",Negotiate,1080,"2025-03-22T22:24:28.9766611Z",5,Advapi,SYSTEM
"Mar 23, 2025 @ 11:12:57.219",4624,"CP-AKT-002931",Negotiate,1080,"2025-03-22T22:23:17.8435546Z",5,Advapi,SYSTEM
"Mar 23, 2025 @ 11:12:55.608",4624,"CP-AKT-002931",Negotiate,1080,"2025-03-22T22:23:16.2987990Z",5,Advapi,SYSTEM
"Mar 23, 2025 @ 11:12:55.578",4624,"CP-AKT-002931",Negotiate,1080,"2025-03-22T22:23:16.2940343Z",5,Advapi,SYSTEM
"Mar 23, 2025 @ 11:12:55.568",4624,"CP-AKT-002931",Negotiate,1080,"2025-03-22T22:23:16.1982189Z",5,Advapi,SYSTEM
"Mar 23, 2025 @ 11:12:41.889",4624,"DESKTOP-5JEIKFF",Negotiate,1016,"2025-03-23T06:12:42.4541480Z",5,Advapi,SYSTEM
"Mar 23, 2025 @ 11:11:42.970",4624,"DESKTOP-5JEIKFF",Negotiate,1016,"2025-03-23T06:11:43.5333324Z",5,Advapi,SYSTEM
"Mar 23, 2025 @ 11:11:20.805",4624,"DESKTOP-5JEIKFF",Negotiate,1016,"2025-03-23T06:11:21.3696491Z",5,Advapi,SYSTEM
"Mar 23, 2025 @ 11:11:09.655",4624,"DESKTOP-5JEIKFF",Negotiate,1016,"2025-03-23T06:11:10.2202952Z",5,Advapi,SYSTEM
"Mar 23, 2025 @ 11:10:58.623",4624,"DESKTOP-5JEIKFF",Negotiate,1016,"2025-03-23T06:10:59.4931834Z",5,Advapi,SYSTEM
"Mar 23, 2025 @ 11:10:58.621",4624,"DESKTOP-5JEIKFF",Negotiate,1016,"2025-03-23T06:10:59.1867846Z",5,Advapi,SYSTEM
"Mar 23, 2025 @ 11:10:57.399",4624,"DESKTOP-5JEIKFF",Negotiate,1016,"2025-03-23T06:10:58.2993348Z",5,Advapi,SYSTEM
"Mar 23, 2025 @ 11:10:57.393",4624,"DESKTOP-5JEIKFF",Negotiate,1016,"2025-03-23T06:10:57.9377363Z",5,Advapi,SYSTEM
"Mar 23, 2025 @ 11:10:57.387",4624,"DESKTOP-5JEIKFF",Negotiate,1016,"2025-03-23T06:10:57.9373590Z",5,Advapi,SYSTEM
"Mar 23, 2025 @ 11:10:57.381",4624,"DESKTOP-5JEIKFF",Negotiate,1016,"2025-03-23T06:10:57.9362306Z",5,Advapi,SYSTEM
"Mar 23, 2025 @ 11:10:57.378",4624,"DESKTOP-5JEIKFF",Negotiate,1016,"2025-03-23T06:10:57.9358073Z",5,Advapi,SYSTEM
"Mar 23, 2025 @ 11:10:57.373",4624,"DESKTOP-5JEIKFF",Negotiate,1016,"2025-03-23T06:10:57.9348941Z",5,Advapi,SYSTEM
"Mar 23, 2025 @ 11:10:47.099",4624,"DESKTOP-5JEIKFF",Negotiate,1016,"2025-03-23T06:10:47.6655931Z",5,Advapi,SYSTEM
"Mar 23, 2025 @ 11:10:03.880",4624,"DESKTOP-5JEIKFF",Negotiate,1016,"2025-03-23T06:10:04.4499662Z",5,Advapi,SYSTEM
"Mar 23, 2025 @ 11:10:02.756",4624,"DESKTOP-5JEIKFF",Negotiate,1016,"2025-03-23T06:10:03.7971134Z",5,Advapi,SYSTEM
"Mar 23, 2025 @ 11:10:02.751",4624,"DESKTOP-5JEIKFF",Negotiate,1016,"2025-03-23T06:10:03.3026997Z",5,Advapi,SYSTEM
"Mar 23, 2025 @ 11:10:02.745",4624,"DESKTOP-5JEIKFF",Negotiate,1016,"2025-03-23T06:10:03.2975332Z",5,Advapi,SYSTEM
"Mar 23, 2025 @ 11:10:02.739",4624,"DESKTOP-5JEIKFF",Negotiate,1016,"2025-03-23T06:10:03.2971290Z",5,Advapi,SYSTEM
"Mar 23, 2025 @ 11:10:02.733",4624,"DESKTOP-5JEIKFF",Negotiate,1016,"2025-03-23T06:10:03.2958212Z",5,Advapi,SYSTEM
"Mar 23, 2025 @ 11:10:02.728",4624,"DESKTOP-5JEIKFF",Negotiate,1016,"2025-03-23T06:10:03.2954281Z",5,Advapi,SYSTEM
"Mar 23, 2025 @ 11:10:02.725",4624,"DESKTOP-5JEIKFF",Negotiate,1016,"2025-03-23T06:10:03.2942324Z",5,Advapi,SYSTEM
"Mar 23, 2025 @ 11:09:53.143",4624,"DESKTOP-5JEIKFF",Negotiate,1016,"2025-03-23T06:09:54.0152195Z",5,Advapi,SYSTEM
"Mar 23, 2025 @ 11:09:38.910",4624,"DESKTOP-5JEIKFF",Negotiate,1016,"2025-03-23T06:09:28.9450347Z",5,Advapi,SYSTEM
"Mar 23, 2025 @ 11:08:25.132",4624,"CP-AKT000209",Negotiate,1184,"2025-03-21T21:35:06.2307954Z",5,Advapi,SYSTEM
"Mar 23, 2025 @ 11:08:14.273",4624,"CP-AKT-002912",Negotiate,1184,"2025-03-23T06:08:13.2390052Z",5,Advapi,SYSTEM
"Mar 23, 2025 @ 11:07:58.991",4624,"CP-AKT-002907",Negotiate,1192,"2025-03-23T06:01:24.2450794Z",5,Advapi,SYSTEM
"Mar 23, 2025 @ 11:07:58.976",4625,"CP-AKT-002907",NTLM,1192,"2025-03-23T05:46:56.7914891Z",3,NtLmSsp,Administrator
"Mar 23, 2025 @ 11:07:58.961",4625,"CP-AKT-002907",NTLM,1192,"2025-03-23T05:46:55.7691786Z",3,NtLmSsp,Administrator
"Mar 23, 2025 @ 11:07:58.944",4625,"CP-AKT-002907",NTLM,1192,"2025-03-23T05:46:54.7415618Z",3,NtLmSsp,Administrator
"Mar 23, 2025 @ 11:07:58.913",4624,"CP-AKT-002907",Negotiate,1192,"2025-03-23T05:31:08.9917319Z",5,Advapi,SYSTEM
"Mar 23, 2025 @ 11:07:58.882",4624,"CP-AKT-002907",Negotiate,1192,"2025-03-23T05:27:40.0873868Z",5,Advapi,SYSTEM
"Mar 23, 2025 @ 11:07:58.850",4624,"CP-AKT-002907",Negotiate,1192,"2025-03-23T05:24:36.8214466Z",5,Advapi,SYSTEM
"Mar 23, 2025 @ 11:07:58.835",4625,"CP-AKT-002907",NTLM,1192,"2025-03-23T04:45:51.4627664Z",3,NtLmSsp,Administrator
"Mar 23, 2025 @ 11:07:58.819",4625,"CP-AKT-002907",NTLM,1192,"2025-03-23T04:45:50.4354683Z",3,NtLmSsp,Administrator
"Mar 23, 2025 @ 11:07:58.803",4625,"CP-AKT-002907",NTLM,1192,"2025-03-23T04:45:49.4138529Z",3,NtLmSsp,Administrator
"Mar 23, 2025 @ 11:07:58.773",4624,"CP-AKT-002907",Negotiate,1192,"2025-03-23T04:38:34.2704582Z",5,Advapi,SYSTEM
"Mar 23, 2025 @ 11:07:58.741",4624,"CP-AKT-002907",Negotiate,1192,"2025-03-23T04:31:08.9909792Z",5,Advapi,SYSTEM
"Mar 23, 2025 @ 11:07:58.709",4624,"CP-AKT-002907",Negotiate,1192,"2025-03-23T04:24:41.5538818Z",5,Advapi,SYSTEM
"Mar 23, 2025 @ 11:07:58.678",4624,"CP-AKT-002907",Negotiate,1192,"2025-03-23T04:24:26.7596903Z",5,Advapi,SYSTEM
"Mar 23, 2025 @ 11:07:58.647",4624,"CP-AKT-002907",Negotiate,1192,"2025-03-23T04:00:08.7005048Z",5,Advapi,SYSTEM
"Mar 23, 2025 @ 11:07:58.616",4624,"CP-AKT-002907",Negotiate,1192,"2025-03-23T03:45:32.7846996Z",5,Advapi,SYSTEM
"Mar 23, 2025 @ 11:07:58.584",4624,"CP-AKT-002907",Negotiate,1192,"2025-03-23T03:43:50.7990493Z",5,Advapi,SYSTEM
"Mar 23, 2025 @ 11:07:58.569",4625,"CP-AKT-002907",NTLM,1192,"2025-03-23T03:43:31.5591943Z",3,NtLmSsp,Administrator
"Mar 23, 2025 @ 11:07:58.554",4625,"CP-AKT-002907",NTLM,1192,"2025-03-23T03:43:30.5325941Z",3,NtLmSsp,Administrator
"Mar 23, 2025 @ 11:07:58.538",4625,"CP-AKT-002907",NTLM,1192,"2025-03-23T03:43:29.5138979Z",3,NtLmSsp,Administrator
"Mar 23, 2025 @ 11:07:58.506",4624,"CP-AKT-002907",Negotiate,1192,"2025-03-23T03:31:08.9168852Z",5,Advapi,SYSTEM
"Mar 23, 2025 @ 11:07:58.475",4624,"CP-AKT-002907",Negotiate,1192,"2025-03-23T03:24:16.6717990Z",5,Advapi,SYSTEM
"Mar 23, 2025 @ 11:07:58.444",4624,"CP-AKT-002907",Negotiate,1192,"2025-03-23T03:22:39.7125672Z",5,Advapi,SYSTEM
"Mar 23, 2025 @ 11:07:58.413",4624,"CP-AKT-002907",Negotiate,1192,"2025-03-23T03:18:25.1958473Z",5,Advapi,SYSTEM
"Mar 23, 2025 @ 11:07:57.210",4624,"CP-AKT-002907",Negotiate,1192,"2025-03-23T03:18:20.3891672Z",5,Advapi,SYSTEM
"Mar 23, 2025 @ 11:07:57.179",4624,"CP-AKT-002907",Negotiate,1192,"2025-03-23T03:18:20.1721153Z",5,Advapi,SYSTEM
"Mar 23, 2025 @ 11:07:57.131",4624,"CP-AKT-002907",Negotiate,1192,"2025-03-23T03:18:10.9319179Z",5,Advapi,SYSTEM
"Mar 23, 2025 @ 11:07:57.116",4624,"CP-AKT-002907",Negotiate,1192,"2025-03-23T03:18:10.9180719Z",11,User32,"acuk.student"
"Mar 23, 2025 @ 11:07:57.085",4625,"CP-AKT-002907",Negotiate,1192,"2025-03-23T03:17:56.0069342Z",2,User32,"acuk.student"
"Mar 23, 2025 @ 11:07:57.053",4624,"CP-AKT-002907",Negotiate,1192,"2025-03-23T03:17:45.4098577Z",5,Advapi,SYSTEM
"Mar 23, 2025 @ 11:07:57.022",4624,"CP-AKT-002907",Negotiate,1192,"2025-03-23T03:13:47.9980805Z",5,Advapi,SYSTEM
"Mar 23, 2025 @ 11:07:56.991",4624,"CP-AKT-002907",Negotiate,1192,"2025-03-23T03:00:43.9903133Z",5,Advapi,SYSTEM
"Mar 23, 2025 @ 11:07:56.960",4624,"CP-AKT-002907",Negotiate,1192,"2025-03-23T02:52:20.0856582Z",5,Advapi,SYSTEM
"Mar 23, 2025 @ 11:07:56.944",4625,"CP-AKT-002907",NTLM,1192,"2025-03-23T02:41:01.3619394Z",3,NtLmSsp,Administrator
"Mar 23, 2025 @ 11:07:56.928",4625,"CP-AKT-002907",NTLM,1192,"2025-03-23T02:41:00.3349871Z",3,NtLmSsp,Administrator
"Mar 23, 2025 @ 11:07:56.913",4625,"CP-AKT-002907",NTLM,1192,"2025-03-23T02:40:59.3158768Z",3,NtLmSsp,Administrator
"Mar 23, 2025 @ 11:07:56.882",4624,"CP-AKT-002907",Negotiate,1192,"2025-03-23T02:38:55.5959162Z",5,Advapi,SYSTEM
"Mar 23, 2025 @ 11:07:56.850",4624,"CP-AKT-002907",Negotiate,1192,"2025-03-23T02:31:07.9875578Z",5,Advapi,SYSTEM
"Mar 23, 2025 @ 11:07:56.819",4624,"CP-AKT-002907",Negotiate,1192,"2025-03-23T02:24:04.7732619Z",5,Advapi,SYSTEM
"Mar 23, 2025 @ 11:07:56.788",4624,"CP-AKT-002907",Negotiate,1192,"2025-03-23T02:24:04.7639710Z",5,Advapi,SYSTEM
"Mar 23, 2025 @ 11:07:56.678",4624,"CP-AKT-002907",Negotiate,1192,"2025-03-23T02:23:34.2862413Z",5,Advapi,SYSTEM
"Mar 23, 2025 @ 11:07:55.584",4624,"CP-AKT-002907",Negotiate,1192,"2025-03-23T02:14:12.6033338Z",5,Advapi,SYSTEM
"Mar 23, 2025 @ 11:07:55.552",4624,"CP-AKT-002907",Negotiate,1192,"2025-03-23T02:14:12.2952793Z",5,Advapi,SYSTEM
"Mar 23, 2025 @ 11:07:55.520",4624,"CP-AKT-002907",Negotiate,1192,"2025-03-23T02:14:12.1170517Z",5,Advapi,SYSTEM
"Mar 23, 2025 @ 11:07:55.489",4624,"CP-AKT-002907",Negotiate,1192,"2025-03-23T02:09:28.8903625Z",5,Advapi,SYSTEM
"Mar 23, 2025 @ 11:07:55.458",4624,"CP-AKT-002907",Negotiate,1192,"2025-03-23T02:00:54.6676261Z",5,Advapi,SYSTEM
"Mar 23, 2025 @ 11:07:55.317",4624,"CP-AKT-002907",Negotiate,1192,"2025-03-23T01:58:02.2498639Z",5,Advapi,SYSTEM
"Mar 23, 2025 @ 11:07:55.286",4624,"CP-AKT-002907",Negotiate,1192,"2025-03-23T01:52:26.1708603Z",5,Advapi,SYSTEM
"Mar 23, 2025 @ 11:07:55.256",4624,"CP-AKT-002907",Negotiate,1192,"2025-03-23T01:45:26.7657797Z",5,Advapi,SYSTEM
"Mar 23, 2025 @ 11:07:55.020",4624,"CP-AKT-002907",Negotiate,1192,"2025-03-23T01:45:25.1846706Z",5,Advapi,SYSTEM
"Mar 23, 2025 @ 11:07:54.989",4624,"CP-AKT-002907",Negotiate,1192,"2025-03-23T01:41:38.5430267Z",5,Advapi,SYSTEM
"Mar 23, 2025 @ 11:07:54.942",4624,"CP-AKT-002907",Negotiate,1192,"2025-03-23T01:41:23.8957721Z",5,Advapi,SYSTEM
"Mar 23, 2025 @ 11:07:54.926",4625,"CP-AKT-002907",NTLM,1192,"2025-03-23T01:40:02.3680971Z",3,NtLmSsp,Administrator
"Mar 23, 2025 @ 11:07:54.911",4625,"CP-AKT-002907",NTLM,1192,"2025-03-23T01:40:01.3415088Z",3,NtLmSsp,Administrator
"Mar 23, 2025 @ 11:07:54.895",4625,"CP-AKT-002907",NTLM,1192,"2025-03-23T01:40:00.3233273Z",3,NtLmSsp,Administrator
"Mar 23, 2025 @ 11:07:54.864",4624,"CP-AKT-002907",Negotiate,1192,"2025-03-23T01:39:59.6411955Z",5,Advapi,SYSTEM
"Mar 23, 2025 @ 11:07:54.832",4624,"CP-AKT-002907",Negotiate,1192,"2025-03-23T01:31:50.3470247Z",5,Advapi,SYSTEM
"Mar 23, 2025 @ 11:07:54.801",4624,"CP-AKT-002907",Negotiate,1192,"2025-03-23T01:31:07.4996016Z",5,Advapi,SYSTEM
"Mar 23, 2025 @ 11:07:54.770",4624,"CP-AKT-002907",Negotiate,1192,"2025-03-23T01:30:01.7681523Z",5,Advapi,SYSTEM
"Mar 23, 2025 @ 11:07:54.707",4624,"CP-AKT-002907",Negotiate,1192,"2025-03-23T01:21:13.9593816Z",5,Advapi,SYSTEM
"Mar 23, 2025 @ 11:07:54.567",4624,"CP-AKT-002907",Negotiate,1192,"2025-03-23T01:20:17.6767713Z",5,Advapi,SYSTEM
"Mar 23, 2025 @ 11:07:54.333",4624,"CP-AKT-002907",Negotiate,1192,"2025-03-23T01:20:12.8446168Z",5,Advapi,SYSTEM
"Mar 23, 2025 @ 11:07:54.302",4624,"CP-AKT-002907",Negotiate,1192,"2025-03-23T01:15:52.1114343Z",5,Advapi,SYSTEM
"Mar 23, 2025 @ 11:07:54.270",4624,"CP-AKT-002907",Negotiate,1192,"2025-03-23T01:15:48.1702393Z",5,Advapi,SYSTEM
"Mar 23, 2025 @ 11:07:52.929",4624,"CP-AKT-002912",Negotiate,1184,"2025-03-23T06:07:36.8035616Z",5,Advapi,SYSTEM
"Mar 23, 2025 @ 11:07:52.653",4624,"CP-AKT-002912",Negotiate,1184,"2025-03-23T06:07:19.2367528Z",5,Advapi,SYSTEM
"Mar 23, 2025 @ 11:07:52.552",4625,"DESKTOP-5JEIKFF",Negotiate,1016,"2025-03-23T06:07:51.8153247Z",2,User32,Project
"Mar 23, 2025 @ 11:07:52.546",4624,"DESKTOP-5JEIKFF",Negotiate,1016,"2025-03-23T06:07:43.2633702Z",5,Advapi,SYSTEM
"Mar 23, 2025 @ 11:07:52.523",4624,"CP-AKT-002912",Negotiate,1184,"2025-03-23T06:07:12.4381242Z",5,Advapi,SYSTEM
"Mar 23, 2025 @ 11:07:52.522",4624,"CP-AKT-002912",Negotiate,1184,"2025-03-23T06:06:25.5376881Z",5,Advapi,SYSTEM
"Mar 23, 2025 @ 11:07:52.521",4624,"CP-AKT-002912",Negotiate,1184,"2025-03-23T06:02:02.3956720Z",5,Advapi,SYSTEM
"Mar 23, 2025 @ 11:07:52.520",4624,"CP-AKT-002912",Negotiate,1184,"2025-03-23T05:51:51.9619169Z",5,Advapi,SYSTEM
"Mar 23, 2025 @ 11:07:52.519",4624,"CP-AKT-002912",Negotiate,1184,"2025-03-23T05:48:08.8382445Z",5,Advapi,SYSTEM
"Mar 23, 2025 @ 11:07:52.519",4624,"CP-AKT-002912",Negotiate,1184,"2025-03-23T05:51:47.7837756Z",5,Advapi,SYSTEM
"Mar 23, 2025 @ 11:07:52.518",4624,"CP-AKT-002907",Negotiate,1192,"2025-03-23T01:14:15.5107019Z",5,Advapi,SYSTEM
"Mar 23, 2025 @ 11:07:52.518",4625,"CP-AKT-002912",NTLM,1184,"2025-03-23T05:45:39.3823935Z",3,NtLmSsp,Administrator
"Mar 23, 2025 @ 11:07:52.518",4625,"CP-AKT-002912",NTLM,1184,"2025-03-23T05:45:41.4416939Z",3,NtLmSsp,Administrator
"Mar 23, 2025 @ 11:07:52.518",4625,"CP-AKT-002912",NTLM,1184,"2025-03-23T05:45:40.4170518Z",3,NtLmSsp,Administrator
"Mar 23, 2025 @ 11:07:52.517",4624,"CP-AKT-002912",Negotiate,1184,"2025-03-23T05:09:23.6385236Z",5,Advapi,SYSTEM
"Mar 23, 2025 @ 11:07:52.516",4624,"CP-AKT-002912",Negotiate,1184,"2025-03-23T04:46:38.4119207Z",5,Advapi,SYSTEM
"Mar 23, 2025 @ 11:07:52.515",4624,"CP-AKT-002912",Negotiate,1184,"2025-03-23T04:45:21.4425407Z",5,Advapi,SYSTEM
"Mar 23, 2025 @ 11:07:52.515",4624,"CP-AKT-002907",Negotiate,1192,"2025-03-23T01:14:14.4479412Z",5,Advapi,SYSTEM
"Mar 23, 2025 @ 11:07:52.514",4624,"CP-AKT-002907",Negotiate,1192,"2025-03-23T01:14:14.4479411Z",5,Advapi,SYSTEM
"Mar 23, 2025 @ 11:07:52.514",4624,"CP-AKT-002912",Negotiate,1184,"2025-03-23T04:45:17.2779240Z",5,Advapi,SYSTEM
"Mar 23, 2025 @ 11:07:52.513",4625,"CP-AKT-002912",NTLM,1184,"2025-03-23T04:43:26.2486097Z",3,NtLmSsp,Administrator
"Mar 23, 2025 @ 11:07:52.513",4624,"CP-AKT-002907",Negotiate,1192,"2025-03-23T01:14:14.3550306Z",5,Advapi,SYSTEM
"Mar 23, 2025 @ 11:07:52.513",4624,"CP-AKT-002912",Negotiate,1184,"2025-03-23T04:45:08.4900742Z",5,Advapi,SYSTEM
"Mar 23, 2025 @ 11:07:52.512",4625,"CP-AKT-002912",NTLM,1184,"2025-03-23T04:43:25.2180890Z",3,NtLmSsp,Administrator
"Mar 23, 2025 @ 11:07:52.512",4625,"CP-AKT-002912",NTLM,1184,"2025-03-23T04:43:24.1884382Z",3,NtLmSsp,Administrator
"Mar 23, 2025 @ 11:07:52.511",4624,"CP-AKT-002912",Negotiate,1184,"2025-03-23T04:14:35.1953776Z",5,Advapi,SYSTEM
"Mar 23, 2025 @ 11:07:52.510",4624,"CP-AKT-002912",Negotiate,1184,"2025-03-23T04:14:31.3275984Z",5,Advapi,SYSTEM
"Mar 23, 2025 @ 11:07:52.509",4624,"CP-AKT-002912",Negotiate,1184,"2025-03-23T04:00:57.2804866Z",5,Advapi,SYSTEM
"Mar 23, 2025 @ 11:07:52.508",4624,"CP-AKT-002912",Negotiate,1184,"2025-03-23T04:00:50.2236348Z",5,Advapi,SYSTEM
"Mar 23, 2025 @ 11:07:52.505",4624,"CP-AKT-002907",Negotiate,1192,"2025-03-23T01:14:13.9583678Z",5,Advapi,SYSTEM
"Mar 23, 2025 @ 11:07:52.495",4624,"CP-AKT-002907",Negotiate,1192,"2025-03-23T01:14:13.3915803Z",5,Advapi,SYSTEM
"Mar 23, 2025 @ 11:07:52.494",4624,"CP-AKT-002907",Negotiate,1192,"2025-03-23T01:14:13.3835711Z",5,Advapi,SYSTEM
"Mar 23, 2025 @ 11:07:52.493",4624,"CP-AKT-002907",Negotiate,1192,"2025-03-23T01:14:13.3763818Z",5,Advapi,SYSTEM
"Mar 23, 2025 @ 11:07:52.493",4624,"CP-AKT-002907",Negotiate,1192,"2025-03-23T01:14:13.3250798Z",5,Advapi,SYSTEM
"Mar 23, 2025 @ 11:07:52.492",4624,"CP-AKT-002907",Negotiate,1192,"2025-03-23T01:14:13.2763305Z",5,Advapi,SYSTEM
"Mar 23, 2025 @ 11:07:52.491",4624,"CP-AKT-002907",Negotiate,1192,"2025-03-23T01:14:13.2558472Z",5,Advapi,SYSTEM
"Mar 23, 2025 @ 11:07:52.490",4624,"CP-AKT-002907",Negotiate,1192,"2025-03-21T16:10:10.0926232Z",5,Advapi,SYSTEM
"Mar 23, 2025 @ 11:07:52.489",4624,"CP-AKT-002907",Negotiate,1192,"2025-03-21T16:10:04.7925853Z",5,Advapi,SYSTEM
"Mar 23, 2025 @ 11:07:52.489",4625,"DESKTOP-5JEIKFF",Negotiate,1016,"2025-03-23T06:07:29.3591977Z",2,User32,Project
"Mar 23, 2025 @ 11:07:52.487",4624,"CP-AKT-002907",Negotiate,1192,"2025-03-21T16:09:41.6344952Z",5,Advapi,SYSTEM
"Mar 23, 2025 @ 11:07:52.485",4624,"CP-AKT-002907",Negotiate,1192,"2025-03-21T16:09:13.3635964Z",5,Advapi,SYSTEM
"Mar 23, 2025 @ 11:07:52.484",4624,"CP-AKT-002907",Negotiate,1192,"2025-03-21T16:04:35.6147377Z",5,Advapi,SYSTEM
"Mar 23, 2025 @ 11:07:52.483",4624,"CP-AKT-002907",Negotiate,1192,"2025-03-21T16:04:33.8831139Z",5,Advapi,SYSTEM
"Mar 23, 2025 @ 11:07:52.483",4624,"CP-AKT-002907",Negotiate,1192,"2025-03-21T16:03:33.8091869Z",5,Advapi,SYSTEM
"Mar 23, 2025 @ 11:07:52.482",4624,"CP-AKT-002907",Negotiate,1192,"2025-03-21T16:03:22.8268277Z",5,Advapi,SYSTEM
"Mar 23, 2025 @ 11:07:52.481",4624,"CP-AKT-002907",Negotiate,1192,"2025-03-21T15:59:41.0977160Z",5,Advapi,SYSTEM
"Mar 23, 2025 @ 11:07:52.480",4624,"CP-AKT-002907",Negotiate,1192,"2025-03-21T15:59:32.2339288Z",5,Advapi,SYSTEM
"Mar 23, 2025 @ 11:07:52.479",4624,"CP-AKT-002907",Negotiate,1192,"2025-03-21T15:59:12.9392947Z",5,Advapi,SYSTEM
"Mar 23, 2025 @ 11:07:52.478",4624,"CP-AKT-002907",Negotiate,1192,"2025-03-21T15:59:07.2586937Z",5,Advapi,SYSTEM
"Mar 23, 2025 @ 11:07:52.477",4624,"CP-AKT-002907",Negotiate,1192,"2025-03-21T15:57:58.5758896Z",5,Advapi,SYSTEM
"Mar 23, 2025 @ 11:07:52.476",4624,"DESKTOP-5JEIKFF",Negotiate,1016,"2025-03-23T06:07:01.5550427Z",5,Advapi,SYSTEM
"Mar 23, 2025 @ 11:07:52.475",4624,"CP-AKT-002907",Negotiate,1192,"2025-03-21T15:56:19.0775125Z",5,Advapi,SYSTEM
"Mar 23, 2025 @ 11:07:52.474",4624,"CP-AKT-002907",Negotiate,1192,"2025-03-21T15:56:17.7944650Z",5,Advapi,SYSTEM
"Mar 23, 2025 @ 11:07:52.472",4624,"DESKTOP-5JEIKFF",Negotiate,1016,"2025-03-23T06:06:58.5029154Z",5,Advapi,SYSTEM
"Mar 23, 2025 @ 11:07:52.472",4624,"CP-AKT-002907",Negotiate,1192,"2025-03-21T15:56:17.4053991Z",5,Advapi,SYSTEM
"Mar 23, 2025 @ 11:07:52.470",4624,"DESKTOP-5JEIKFF",Negotiate,1016,"2025-03-23T06:06:58.0143968Z",5,Advapi,SYSTEM
"Mar 23, 2025 @ 11:07:52.470",4624,"DESKTOP-5JEIKFF",Negotiate,1016,"2025-03-23T06:06:58.0202507Z",5,Advapi,SYSTEM
"Mar 23, 2025 @ 11:07:52.469",4624,"DESKTOP-5JEIKFF",Negotiate,1016,"2025-03-23T06:06:57.9958884Z",5,Advapi,SYSTEM
"Mar 23, 2025 @ 11:07:52.466",4624,"CP-AKT-002907",Negotiate,1192,"2025-03-21T15:56:12.9750082Z",5,Advapi,SYSTEM
"Mar 23, 2025 @ 11:07:52.465",4624,"DESKTOP-5JEIKFF",Negotiate,1016,"2025-03-23T06:06:53.5397245Z",5,Advapi,SYSTEM
"Mar 23, 2025 @ 11:07:52.465",4624,"DESKTOP-5JEIKFF",Negotiate,1016,"2025-03-23T06:06:54.0970162Z",5,Advapi,SYSTEM
"Mar 23, 2025 @ 11:07:52.464",4624,"CP-AKT-002912",Negotiate,1184,"2025-03-23T04:00:47.8336071Z",5,Advapi,SYSTEM
"Mar 23, 2025 @ 11:07:52.462",4624,"CP-AKT-002931",Negotiate,1080,"2025-03-22T22:17:39.1106700Z",5,Advapi,SYSTEM
"Mar 23, 2025 @ 11:07:52.462",4624,"CP-AKT-002907",Negotiate,1192,"2025-03-21T15:56:03.5248191Z",5,Advapi,SYSTEM
"Mar 23, 2025 @ 11:07:52.462",4624,"CP-AKT-002912",Negotiate,1184,"2025-03-23T04:00:47.4599190Z",5,Advapi,SYSTEM
"Mar 23, 2025 @ 11:07:52.462",4624,"CP-AKT-002912",Negotiate,1184,"2025-03-23T04:00:47.3965422Z",5,Advapi,SYSTEM
"Mar 23, 2025 @ 11:07:52.462",4624,"CP-AKT-002931",Negotiate,1080,"2025-03-22T22:17:39.2347717Z",5,Advapi,SYSTEM
"Mar 23, 2025 @ 11:07:52.461",4624,"CP-AKT-002912",Negotiate,1184,"2025-03-23T04:00:47.3885732Z",5,Advapi,SYSTEM
"Mar 23, 2025 @ 11:07:52.461",4624,"CP-AKT-002907",Negotiate,1192,"2025-03-21T15:55:06.0982086Z",5,Advapi,SYSTEM
"Mar 23, 2025 @ 11:07:52.461",4624,"CP-AKT-002912",Negotiate,1184,"2025-03-23T04:00:47.3961558Z",5,Advapi,SYSTEM
"Mar 23, 2025 @ 11:07:52.460",4625,"CP-AKT-002912",NTLM,1184,"2025-03-23T03:42:25.2058357Z",3,NtLmSsp,Administrator
"Mar 23, 2025 @ 11:07:52.460",4624,"CP-AKT-002912",Negotiate,1184,"2025-03-23T04:00:46.4167053Z",5,Advapi,SYSTEM
"Mar 23, 2025 @ 11:07:52.460",4625,"CP-AKT-002912",NTLM,1184,"2025-03-23T03:42:26.2289133Z",3,NtLmSsp,Administrator
"Mar 23, 2025 @ 11:07:52.459",4625,"CP-AKT-002912",NTLM,1184,"2025-03-23T03:42:24.1775824Z",3,NtLmSsp,Administrator
"Mar 23, 2025 @ 11:07:52.459",4624,"CP-AKT-002907",Negotiate,1192,"2025-03-21T15:54:53.6438937Z",5,Advapi,SYSTEM
"Mar 23, 2025 @ 11:07:52.458",4624,"CP-AKT-002912",Negotiate,1184,"2025-03-23T03:39:47.3063892Z",5,Advapi,SYSTEM
"Mar 23, 2025 @ 11:07:52.457",4624,"CP-AKT-002912",Negotiate,1184,"2025-03-23T03:39:47.2575920Z",5,Advapi,SYSTEM
"Mar 23, 2025 @ 11:07:52.455",4624,"CP-AKT-002907",Negotiate,1192,"2025-03-21T15:54:53.5254498Z",5,Advapi,SYSTEM
"Mar 23, 2025 @ 11:07:52.453",4624,"CP-AKT-002912",Negotiate,1184,"2025-03-23T03:26:39.5832947Z",5,Advapi,SYSTEM
"Mar 23, 2025 @ 11:07:52.452",4624,"CP-AKT-002912",Negotiate,1184,"2025-03-23T03:17:20.1519680Z",5,Advapi,SYSTEM
"Mar 23, 2025 @ 11:07:52.451",4624,"CP-AKT-002912",Negotiate,1184,"2025-03-23T03:15:01.9195672Z",5,Advapi,SYSTEM
"Mar 23, 2025 @ 11:07:52.451",4624,"CP-AKT-002907",Negotiate,1192,"2025-03-21T15:54:51.5710048Z",5,Advapi,SYSTEM
"Mar 23, 2025 @ 11:07:52.450",4624,"CP-AKT-002907",Negotiate,1192,"2025-03-21T15:54:51.2564400Z",5,Advapi,SYSTEM
"Mar 23, 2025 @ 11:07:52.447",4624,"CP-AKT-002907",Negotiate,1192,"2025-03-21T15:54:43.5868160Z",5,Advapi,SYSTEM
"Mar 23, 2025 @ 11:07:52.444",4624,"CP-AKT-002908",Negotiate,1072,"2025-03-23T06:00:42.6920068Z",5,Advapi,SYSTEM
"Mar 23, 2025 @ 11:07:52.444",4624,"CP-AKT-002908",Negotiate,1072,"2025-03-23T06:00:38.5079496Z",5,Advapi,SYSTEM
"Mar 23, 2025 @ 11:07:52.443",4624,"CP-AKT-002908",Negotiate,1072,"2025-03-23T05:26:23.5777590Z",5,Advapi,SYSTEM
"Mar 23, 2025 @ 11:07:52.443",4624,"CP-AKT-002931",Negotiate,1080,"2025-03-22T22:01:27.5871749Z",5,Advapi,SYSTEM
"Mar 23, 2025 @ 11:07:52.443",4624,"CP-AKT-002931",Negotiate,1080,"2025-03-22T21:49:03.2544431Z",5,Advapi,SYSTEM
"Mar 23, 2025 @ 11:07:52.442",4624,"CP-AKT-002931",Negotiate,1080,"2025-03-22T21:35:53.9408226Z",5,Advapi,SYSTEM
"Mar 23, 2025 @ 11:07:52.442",4624,"CP-AKT-002908",Negotiate,1072,"2025-03-23T03:29:06.8863832Z",5,Advapi,SYSTEM
"Mar 23, 2025 @ 11:07:52.434",4624,"CP-AKT-002912",Negotiate,1184,"2025-03-23T03:04:40.7289724Z",5,Advapi,SYSTEM
"Mar 23, 2025 @ 11:07:52.429",4624,"CP-AKT-002931",Negotiate,1080,"2025-03-22T21:27:26.4963140Z",5,Advapi,SYSTEM
"Mar 23, 2025 @ 11:07:52.429",4624,"CP-AKT-002931",Negotiate,1080,"2025-03-22T21:31:27.3253407Z",5,Advapi,SYSTEM
"Mar 23, 2025 @ 11:07:52.427",4624,"CP-AKT-002908",Negotiate,1072,"2025-03-23T03:25:01.4277682Z",5,Advapi,SYSTEM
"Mar 23, 2025 @ 11:07:52.426",4624,"CP-AKT-002908",Negotiate,1072,"2025-03-23T03:24:55.3298175Z",5,Advapi,SYSTEM
"Mar 23, 2025 @ 11:07:52.426",4624,"CP-AKT-002908",Negotiate,1072,"2025-03-23T03:24:51.4092900Z",5,Advapi,SYSTEM
"Mar 23, 2025 @ 11:07:52.425",4624,"CP-AKT-002908",Negotiate,1072,"2025-03-23T03:24:51.0072451Z",5,Advapi,SYSTEM
"Mar 23, 2025 @ 11:07:52.423",4624,"CP-AKT-002908",Negotiate,1072,"2025-03-23T03:21:54.8993737Z",5,Advapi,SYSTEM
"Mar 23, 2025 @ 11:07:52.422",4624,"CP-AKT-002908",Negotiate,1072,"2025-03-23T02:02:04.1480871Z",5,Advapi,SYSTEM
"Mar 23, 2025 @ 11:07:52.421",4624,"CP-AKT-002908",Negotiate,1072,"2025-03-23T02:01:59.9645646Z",5,Advapi,SYSTEM
"Mar 23, 2025 @ 11:07:52.400",4624,"CP-AKT-002912",Negotiate,1184,"2025-03-23T03:04:22.3225613Z",5,Advapi,SYSTEM
"Mar 23, 2025 @ 11:07:52.399",4624,"CP-AKT-002912",Negotiate,1184,"2025-03-23T02:55:05.5296133Z",5,Advapi,SYSTEM
"Mar 23, 2025 @ 11:07:52.399",4624,"CP-AKT-002912",Negotiate,1184,"2025-03-23T02:57:28.3250480Z",5,Advapi,SYSTEM
"Mar 23, 2025 @ 11:07:52.399",4624,"CP-AKT-002912",Negotiate,1184,"2025-03-23T03:03:52.2666579Z",5,Advapi,SYSTEM
"Mar 23, 2025 @ 11:07:52.398",4625,"CP-AKT-002912",NTLM,1184,"2025-03-23T02:43:25.3499296Z",3,NtLmSsp,Administrator
"Mar 23, 2025 @ 11:07:52.398",4625,"CP-AKT-002912",NTLM,1184,"2025-03-23T02:43:26.3743177Z",3,NtLmSsp,Administrator
"Mar 23, 2025 @ 11:07:52.398",4625,"CP-AKT-002912",NTLM,1184,"2025-03-23T02:43:24.3252024Z",3,NtLmSsp,Administrator
"Mar 23, 2025 @ 11:07:52.397",4624,"CP-AKT-002912",Negotiate,1184,"2025-03-23T02:26:42.2700681Z",5,Advapi,SYSTEM
"Mar 23, 2025 @ 11:07:52.395",4624,"CP-AKT-002931",Negotiate,1080,"2025-03-22T21:01:27.0323633Z",5,Advapi,SYSTEM
"Mar 23, 2025 @ 11:07:51.930",4624,"CP-AKT-002908",Negotiate,1072,"2025-03-23T01:28:41.3029610Z",5,Advapi,SYSTEM
"Mar 23, 2025 @ 11:07:51.929",4624,"CP-AKT-002908",Negotiate,1072,"2025-03-23T01:19:09.9228112Z",5,Advapi,SYSTEM
"Mar 23, 2025 @ 11:07:51.929",4624,"CP-AKT-002908",Negotiate,1072,"2025-03-23T01:19:14.0906802Z",5,Advapi,SYSTEM
"Mar 23, 2025 @ 11:07:51.927",4624,"CP-AKT-002931",Negotiate,1080,"2025-03-22T20:31:26.7346378Z",5,Advapi,SYSTEM
"Mar 23, 2025 @ 11:07:51.926",4624,"CP-AKT-002908",Negotiate,1072,"2025-03-23T01:16:42.0717154Z",5,Advapi,SYSTEM
"Mar 23, 2025 @ 11:07:51.919",4624,"CP-AKT-002912",Negotiate,1184,"2025-03-23T02:26:35.4993985Z",5,Advapi,SYSTEM
"Mar 23, 2025 @ 11:07:51.919",4624,"CP-AKT-002912",Negotiate,1184,"2025-03-23T02:26:38.8235785Z",5,Advapi,SYSTEM
"Mar 23, 2025 @ 11:07:51.918",4624,"CP-AKT-002912",Negotiate,1184,"2025-03-23T02:24:46.6213108Z",5,Advapi,SYSTEM
"Mar 23, 2025 @ 11:07:51.918",4624,"CP-AKT-002912",Negotiate,1184,"2025-03-23T02:26:15.4003903Z",5,Advapi,SYSTEM
"Mar 23, 2025 @ 11:07:51.914",4624,"CP-AKT-002912",Negotiate,1184,"2025-03-23T02:02:51.3130087Z",5,Advapi,SYSTEM
"Mar 23, 2025 @ 11:07:51.914",4624,"CP-AKT-002912",Negotiate,1184,"2025-03-23T02:02:55.4897930Z",5,Advapi,SYSTEM
"Mar 23, 2025 @ 11:07:51.913",4624,"CP-AKT-002907",Negotiate,1192,"2025-03-21T15:54:42.0015312Z",5,Advapi,SYSTEM
"Mar 23, 2025 @ 11:07:51.913",4624,"CP-AKT-002912",Negotiate,1184,"2025-03-23T02:01:55.7246898Z",5,Advapi,SYSTEM
"Mar 23, 2025 @ 11:07:50.104",4624,"CP-AKT-002912",Negotiate,1184,"2025-03-23T02:01:48.3637493Z",5,Advapi,SYSTEM
"Mar 23, 2025 @ 11:07:50.103",4624,"CP-AKT-002907",Negotiate,1192,"2025-03-21T15:54:41.9234298Z",5,Advapi,SYSTEM
"Mar 23, 2025 @ 11:07:50.101",4624,"CP-AKT-002931",Negotiate,1080,"2025-03-22T19:35:54.0369267Z",5,Advapi,SYSTEM
"Mar 23, 2025 @ 11:07:50.101",4624,"CP-AKT-002931",Negotiate,1080,"2025-03-22T20:01:26.4574873Z",5,Advapi,SYSTEM
"Mar 23, 2025 @ 11:07:50.100",4624,"CP-AKT-002912",Negotiate,1184,"2025-03-23T01:54:47.3841019Z",5,Advapi,SYSTEM
"Mar 23, 2025 @ 11:07:50.100",4624,"CP-AKT-002907",Negotiate,1192,"2025-03-21T15:54:41.2125586Z",5,Advapi,SYSTEM
"Mar 23, 2025 @ 11:07:50.100",4624,"CP-AKT-002931",Negotiate,1080,"2025-03-22T19:35:46.7220419Z",5,Advapi,SYSTEM
"Mar 23, 2025 @ 11:07:50.100",4624,"CP-AKT-002912",Negotiate,1184,"2025-03-23T01:54:47.6392543Z",5,Advapi,SYSTEM
"Mar 23, 2025 @ 11:07:50.099",4624,"CP-AKT-002907",Negotiate,1192,"2025-03-21T15:54:41.1782073Z",5,Advapi,SYSTEM
"Mar 23, 2025 @ 11:07:50.099",4624,"CP-AKT-002912",Negotiate,1184,"2025-03-23T01:54:47.3587205Z",5,Advapi,SYSTEM
"Mar 23, 2025 @ 11:07:50.098",4624,"CP-AKT-002931",Negotiate,1080,"2025-03-22T19:31:42.7839379Z",5,Advapi,SYSTEM
"Mar 23, 2025 @ 11:07:50.098",4624,"CP-AKT-002931",Negotiate,1080,"2025-03-22T19:31:43.3379289Z",5,Advapi,SYSTEM
"Mar 23, 2025 @ 11:07:50.098",4624,"CP-AKT-002912",Negotiate,1184,"2025-03-23T01:51:37.5609838Z",5,Advapi,SYSTEM
"Mar 23, 2025 @ 11:07:50.098",4624,"CP-AKT-002907",Negotiate,1192,"2025-03-21T15:54:40.9004858Z",5,Advapi,SYSTEM
"Mar 23, 2025 @ 11:07:50.098",4624,"CP-AKT-002931",Negotiate,1080,"2025-03-22T19:31:43.4129766Z",5,Advapi,SYSTEM
"Mar 23, 2025 @ 11:07:50.097",4624,"CP-AKT-002931",Negotiate,1080,"2025-03-22T19:31:42.7472180Z",5,Advapi,SYSTEM
"Mar 23, 2025 @ 11:07:50.097",4624,"CP-AKT-002912",Negotiate,1184,"2025-03-23T01:51:33.3342934Z",5,Advapi,SYSTEM
"Mar 23, 2025 @ 11:07:50.095",4624,"CP-AKT-002912",Negotiate,1184,"2025-03-23T01:50:41.4329973Z",5,Advapi,SYSTEM
"Mar 23, 2025 @ 11:07:50.094",4624,"CP-AKT-002912",Negotiate,1184,"2025-03-23T01:50:39.8800742Z",5,Advapi,SYSTEM
"Mar 23, 2025 @ 11:07:50.093",4624,"CP-AKT-002907",Negotiate,1192,"2025-03-21T15:54:40.6264270Z",5,Advapi,SYSTEM
"Mar 23, 2025 @ 11:07:50.093",4624,"CP-AKT-002908",Negotiate,1072,"2025-03-23T01:15:55.1367983Z",5,Advapi,SYSTEM
"Mar 23, 2025 @ 11:07:50.092",4624,"CP-AKT-002931",Negotiate,1080,"2025-03-22T19:31:26.2532721Z",5,Advapi,SYSTEM
"Mar 23, 2025 @ 11:07:50.092",4624,"CP-AKT-002912",Negotiate,1184,"2025-03-23T01:50:39.8381438Z",5,Advapi,SYSTEM
"Mar 23, 2025 @ 11:07:50.092",4624,"CP-AKT-002907",Negotiate,1192,"2025-03-21T15:54:40.2173696Z",11,User32,"acuk.student"
"Mar 23, 2025 @ 11:07:50.091",4624,"CP-AKT-002912",Negotiate,1184,"2025-03-23T01:47:36.6721794Z",5,Advapi,SYSTEM
"Mar 23, 2025 @ 11:07:50.090",4624,"CP-AKT-002908",Negotiate,1072,"2025-03-23T01:08:37.6383076Z",5,Advapi,SYSTEM
"Mar 23, 2025 @ 11:07:50.090",4624,"CP-AKT-002912",Negotiate,1184,"2025-03-23T01:47:07.9443566Z",5,Advapi,SYSTEM
"Mar 23, 2025 @ 11:07:50.090",4624,"CP-AKT-002908",Negotiate,1072,"2025-03-23T01:08:39.8493337Z",5,Advapi,SYSTEM
"Mar 23, 2025 @ 11:07:50.090",4624,"CP-AKT-002908",Negotiate,1072,"2025-03-23T01:08:43.0512258Z",5,Advapi,SYSTEM
"Mar 23, 2025 @ 11:07:50.090",4624,"CP-AKT-002907",Negotiate,1192,"2025-03-21T15:54:14.2966429Z",5,Advapi,SYSTEM
"Mar 23, 2025 @ 11:07:50.089",4624,"CP-AKT-002908",Negotiate,1072,"2025-03-23T01:08:29.7214791Z",5,Advapi,SYSTEM
"Mar 23, 2025 @ 11:07:50.089",4624,"CP-AKT-002908",Negotiate,1072,"2025-03-23T01:08:29.8807782Z",5,Advapi,SYSTEM
"Mar 23, 2025 @ 11:07:50.089",4624,"CP-AKT-002912",Negotiate,1184,"2025-03-23T01:45:14.5909685Z",5,Advapi,SYSTEM
"Mar 23, 2025 @ 11:07:50.089",4624,"CP-AKT-002931",Negotiate,1080,"2025-03-22T19:09:36.0847857Z",5,Advapi,SYSTEM
"Mar 23, 2025 @ 11:07:50.088",4624,"CP-AKT-002912",Negotiate,1184,"2025-03-23T01:44:03.3885205Z",5,Advapi,SYSTEM
"Mar 23, 2025 @ 11:07:50.087",4624,"CP-AKT-002908",Negotiate,1072,"2025-03-23T01:06:29.2834817Z",5,Advapi,SYSTEM
"Mar 23, 2025 @ 11:07:50.087",4625,"CP-AKT-002912",NTLM,1184,"2025-03-23T01:43:21.6802061Z",3,NtLmSsp,Administrator
"Mar 23, 2025 @ 11:07:50.087",4625,"CP-AKT-002912",NTLM,1184,"2025-03-23T01:43:20.6625388Z",3,NtLmSsp,Administrator
"Mar 23, 2025 @ 11:07:50.087",4624,"CP-AKT-002908",Negotiate,1072,"2025-03-23T01:08:25.2654703Z",5,Advapi,SYSTEM
"Mar 23, 2025 @ 11:07:50.087",4624,"CP-AKT-002912",Negotiate,1184,"2025-03-23T01:44:02.5038025Z",5,Advapi,SYSTEM
"Mar 23, 2025 @ 11:07:50.086",4624,"CP-AKT-002907",Negotiate,1192,"2025-03-21T15:54:13.3189642Z",5,Advapi,SYSTEM
"Mar 23, 2025 @ 11:07:50.086",4625,"CP-AKT-002912",NTLM,1184,"2025-03-23T01:43:19.6263314Z",3,NtLmSsp,Administrator
"Mar 23, 2025 @ 11:07:50.086",4624,"CP-AKT-002908",Negotiate,1072,"2025-03-23T01:06:03.0473111Z",5,Advapi,SYSTEM
"Mar 23, 2025 @ 11:07:50.086",4624,"CP-AKT-002908",Negotiate,1072,"2025-03-23T01:06:03.0253398Z",5,Advapi,SYSTEM
"Mar 23, 2025 @ 11:07:50.086",4624,"CP-AKT-002907",Negotiate,1192,"2025-03-21T15:54:13.2987540Z",5,Advapi,"9CBF1039-E6DB-4A24-AED9-CAA37908CFAF"
"Mar 23, 2025 @ 11:07:50.086",4624,"CP-AKT-002908",Negotiate,1072,"2025-03-23T01:02:31.9034585Z",5,Advapi,SYSTEM
"Mar 23, 2025 @ 11:07:50.084",4624,"CP-AKT-002912",Negotiate,1184,"2025-03-23T01:42:47.3296415Z",5,Advapi,SYSTEM
"Mar 23, 2025 @ 11:07:50.084",4624,"CP-AKT-002907",Negotiate,1192,"2025-03-21T15:54:13.2279615Z",5,Advapi,SYSTEM
"Mar 23, 2025 @ 11:07:50.080",4624,"CP-AKT-002931",Negotiate,1080,"2025-03-22T19:01:26.0498639Z",5,Advapi,SYSTEM
"Mar 23, 2025 @ 11:07:50.079",4624,"CP-AKT-002931",Negotiate,1080,"2025-03-22T18:41:00.0306601Z",5,Advapi,SYSTEM
"Mar 23, 2025 @ 11:07:50.078",4624,"CP-AKT-002908",Negotiate,1072,"2025-03-23T01:00:37.5104648Z",5,Advapi,SYSTEM
"Mar 23, 2025 @ 11:07:50.075",4624,"CP-AKT-002908",Negotiate,1072,"2025-03-23T01:00:36.2156119Z",5,Advapi,SYSTEM
"Mar 23, 2025 @ 11:07:50.074",4624,"CP-AKT-002908",Negotiate,1072,"2025-03-23T01:00:35.9354042Z",5,Advapi,SYSTEM
"Mar 23, 2025 @ 11:07:50.073",4624,"CP-AKT-002931",Negotiate,1080,"2025-03-22T18:39:32.9972163Z",5,Advapi,SYSTEM
"Mar 23, 2025 @ 11:07:50.070",4624,"CP-AKT-002908",Negotiate,1072,"2025-03-23T01:00:35.6885427Z",5,Advapi,SYSTEM
"Mar 23, 2025 @ 11:07:50.070",4624,"CP-AKT-002908",Negotiate,1072,"2025-03-23T01:00:35.5941860Z",5,Advapi,SYSTEM
"Mar 23, 2025 @ 11:07:50.070",4624,"CP-AKT-002908",Negotiate,1072,"2025-03-23T01:00:35.6168716Z",5,Advapi,SYSTEM
"Mar 23, 2025 @ 11:07:50.069",4624,"CP-AKT-002908",Negotiate,1072,"2025-03-23T01:00:35.5700285Z",5,Advapi,SYSTEM
"Mar 23, 2025 @ 11:07:50.069",4624,"CP-AKT-002908",Negotiate,1072,"2025-03-23T01:00:35.5926151Z",5,Advapi,SYSTEM
"Mar 23, 2025 @ 11:07:50.068",4624,"CP-AKT-002931",Negotiate,1080,"2025-03-22T18:31:25.7826842Z",5,Advapi,SYSTEM
"Mar 23, 2025 @ 11:07:50.068",4624,"CP-AKT-002908",Negotiate,1072,"2025-03-23T01:00:35.4843149Z",5,Advapi,SYSTEM
"Mar 23, 2025 @ 11:07:50.067",4624,"CP-AKT-002908",Negotiate,1072,"2025-03-21T16:03:32.1404035Z",5,Advapi,SYSTEM
"Mar 23, 2025 @ 11:07:50.065",4624,"CP-AKT-002908",Negotiate,1072,"2025-03-21T16:03:20.5714590Z",5,Advapi,"SQLTELEMETRY$SQLEXPRESS"
"Mar 23, 2025 @ 11:07:50.063",4624,"CP-AKT-002908",Negotiate,1072,"2025-03-21T16:03:20.5257439Z",5,Advapi,"MSSQL$SQLEXPRESS"
"Mar 23, 2025 @ 11:07:50.063",4624,"CP-AKT-002931",Negotiate,1080,"2025-03-22T18:22:04.3649853Z",5,Advapi,SYSTEM
"Mar 23, 2025 @ 11:07:50.063",4624,"CP-AKT-002931",Negotiate,1080,"2025-03-22T18:26:25.4830236Z",5,Advapi,SYSTEM
"Mar 23, 2025 @ 11:07:50.059",4624,"CP-AKT-002908",Negotiate,1072,"2025-03-21T16:02:53.0390603Z",5,Advapi,SYSTEM
"Mar 23, 2025 @ 11:07:50.058",4624,"CP-AKT-002908",Negotiate,1072,"2025-03-21T16:02:38.3336043Z",5,Advapi,SYSTEM
"Mar 23, 2025 @ 11:07:50.057",4624,"CP-AKT-002931",Negotiate,1080,"2025-03-22T18:21:25.1665487Z",5,Advapi,SYSTEM
"Mar 23, 2025 @ 11:07:50.056",4624,"CP-AKT-002908",Negotiate,1072,"2025-03-21T16:02:37.9668605Z",5,Advapi,SYSTEM
"Mar 23, 2025 @ 11:07:50.052",4624,"CP-AKT-002931",Negotiate,1080,"2025-03-22T18:16:24.8827524Z",5,Advapi,SYSTEM
"Mar 23, 2025 @ 11:07:50.052",4624,"CP-AKT-002908",Negotiate,1072,"2025-03-21T16:02:27.1760264Z",5,Advapi,SYSTEM
"Mar 23, 2025 @ 11:07:50.048",4624,"CP-AKT-002908",Negotiate,1072,"2025-03-21T16:02:21.3465115Z",5,Advapi,SYSTEM
"Mar 23, 2025 @ 11:07:50.041",4624,"CP-AKT-002908",Negotiate,1072,"2025-03-21T16:02:11.6420386Z",5,Advapi,SYSTEM
"Mar 23, 2025 @ 11:07:50.037",4624,"CP-AKT-002931",Negotiate,1080,"2025-03-22T18:04:30.6169754Z",5,Advapi,SYSTEM
"Mar 23, 2025 @ 11:07:50.027",4624,"CP-AKT-002908",Negotiate,1072,"2025-03-21T16:02:11.0641155Z",5,Advapi,SYSTEM
"Mar 23, 2025 @ 11:07:50.024",4624,"CP-AKT-002908",Negotiate,1072,"2025-03-21T16:02:10.5748164Z",5,Advapi,SYSTEM
"Mar 23, 2025 @ 11:07:50.020",4624,"CP-AKT-002908",Negotiate,1072,"2025-03-21T16:02:09.2675172Z",11,User32,"acuk.student"
"Mar 23, 2025 @ 11:07:50.019",4624,"CP-AKT-002908",Negotiate,1072,"2025-03-21T16:01:47.5110577Z",5,Advapi,SYSTEM
"Mar 23, 2025 @ 11:07:50.018",4624,"CP-AKT-002931",Negotiate,1080,"2025-03-22T18:03:29.7895101Z",5,Advapi,SYSTEM
"Mar 23, 2025 @ 11:07:50.018",4624,"CP-AKT-002908",Negotiate,1072,"2025-03-21T16:01:47.4723729Z",5,Advapi,SYSTEM
"Mar 23, 2025 @ 11:07:50.017",4624,"CP-AKT-002908",Negotiate,1072,"2025-03-21T16:01:47.4099472Z",5,Advapi,SYSTEM
"Mar 23, 2025 @ 11:07:50.016",4624,"CP-AKT-002908",Negotiate,1072,"2025-03-21T16:01:47.3326836Z",5,Advapi,SYSTEM
"Mar 23, 2025 @ 11:07:49.872",4624,"CP-AKT-002908",Negotiate,1072,"2025-03-21T16:01:47.2859262Z",5,Advapi,SYSTEM
"Mar 23, 2025 @ 11:07:49.871",4624,"CP-AKT-002908",Negotiate,1072,"2025-03-21T16:01:47.2857759Z",5,Advapi,SYSTEM
"Mar 23, 2025 @ 11:07:49.870",4624,"CP-AKT-002908",Negotiate,1072,"2025-03-21T16:01:47.2851725Z",5,Advapi,SYSTEM
"Mar 23, 2025 @ 11:07:49.866",4624,"CP-AKT-002908",Negotiate,1072,"2025-03-21T16:01:19.4772492Z",5,Advapi,SYSTEM
"Mar 23, 2025 @ 11:07:49.863",4624,"CP-AKT-002908",Negotiate,1072,"2025-03-21T16:01:17.3205390Z",5,Advapi,SYSTEM
"Mar 23, 2025 @ 11:07:49.861",4624,"CP-AKT-002908",Negotiate,1072,"2025-03-21T16:01:17.2695933Z",5,Advapi,SYSTEM
"Mar 23, 2025 @ 11:07:49.860",4624,"CP-AKT-002908",Negotiate,1072,"2025-03-21T16:01:17.2689149Z",5,Advapi,SYSTEM
"Mar 23, 2025 @ 11:07:49.859",4624,"CP-AKT-002908",Negotiate,1072,"2025-03-21T16:01:17.2685925Z",5,Advapi,SYSTEM
"Mar 23, 2025 @ 11:07:49.858",4624,"CP-AKT-002908",Negotiate,1072,"2025-03-21T16:01:17.2684398Z",5,Advapi,SYSTEM
"Mar 23, 2025 @ 11:07:49.857",4624,"CP-AKT-002908",Negotiate,1072,"2025-03-21T16:01:17.2682484Z",5,Advapi,SYSTEM
"Mar 23, 2025 @ 11:07:49.856",4624,"CP-AKT-002908",Negotiate,1072,"2025-03-21T16:01:17.2679945Z",5,Advapi,SYSTEM
"Mar 23, 2025 @ 11:07:49.855",4624,"CP-AKT-002908",Negotiate,1072,"2025-03-21T16:01:17.2675625Z",5,Advapi,SYSTEM
"Mar 23, 2025 @ 11:07:49.853",4624,"CP-AKT-002908",Negotiate,1072,"2025-03-21T16:01:17.2667202Z",5,Advapi,SYSTEM
"Mar 23, 2025 @ 11:07:49.852",4624,"CP-AKT-002908",Negotiate,1072,"2025-03-21T16:01:17.2660280Z",5,Advapi,SYSTEM
"Mar 23, 2025 @ 11:07:49.850",4624,"CP-AKT-002908",Negotiate,1072,"2025-03-21T16:01:17.2175593Z",5,Advapi,SYSTEM
"Mar 23, 2025 @ 11:07:49.850",4624,"CP-AKT-002908",Negotiate,1072,"2025-03-21T16:01:17.1867891Z",5,Advapi,SYSTEM
"Mar 23, 2025 @ 11:07:49.849",4624,"CP-AKT-002908",Negotiate,1072,"2025-03-21T16:01:17.1790241Z",5,Advapi,SYSTEM
"Mar 23, 2025 @ 11:07:49.848",4624,"CP-AKT-002908",Negotiate,1072,"2025-03-21T16:01:17.1598564Z",5,Advapi,SYSTEM
"Mar 23, 2025 @ 11:07:49.846",4624,"CP-AKT-002908",Negotiate,1072,"2025-03-21T16:01:17.1187494Z",5,Advapi,SYSTEM
"Mar 23, 2025 @ 11:07:49.833",4624,"CP-AKT-002912",Negotiate,1184,"2025-03-23T01:39:49.4086152Z",5,Advapi,SYSTEM
"Mar 23, 2025 @ 11:07:38.609",4624,"CP-AKT-002931",Negotiate,1080,"2025-03-22T18:01:14.2963627Z",5,Advapi,SYSTEM
"Mar 23, 2025 @ 11:07:38.605",4624,"CP-AKT-002931",Negotiate,1080,"2025-03-22T17:56:24.0646093Z",5,Advapi,SYSTEM
"Mar 23, 2025 @ 11:07:38.602",4624,"CP-AKT-002931",Negotiate,1080,"2025-03-22T17:51:23.8461374Z",5,Advapi,SYSTEM
"Mar 23, 2025 @ 11:07:38.601",4624,"CP-AKT-002931",Negotiate,1080,"2025-03-22T17:46:43.0257077Z",5,Advapi,SYSTEM
"Mar 23, 2025 @ 11:07:38.600",4624,"CP-AKT-002912",Negotiate,1184,"2025-03-23T01:39:46.6147782Z",5,Advapi,SYSTEM
"Mar 23, 2025 @ 11:07:38.600",4624,"CP-AKT-002912",Negotiate,1184,"2025-03-23T01:39:46.4676011Z",11,User32,"acuk.student"
"Mar 23, 2025 @ 11:07:38.600",4624,"CP-AKT-002912",Negotiate,1184,"2025-03-23T01:39:46.6154334Z",5,Advapi,SYSTEM
"Mar 23, 2025 @ 11:07:38.599",4624,"CP-AKT-002912",Negotiate,1184,"2025-03-23T01:39:22.0683992Z",5,Advapi,SQLTELEMETRY
"Mar 23, 2025 @ 11:07:38.599",4624,"CP-AKT-002931",Negotiate,1080,"2025-03-22T17:45:46.2805307Z",5,Advapi,SYSTEM
"Mar 23, 2025 @ 11:07:38.599",4624,"CP-AKT-002912",Negotiate,1184,"2025-03-23T01:39:22.3234039Z",5,Advapi,"SQLTELEMETRY$SQLEXPRESS"
"Mar 23, 2025 @ 11:07:38.599",4624,"CP-AKT-002912",Negotiate,1184,"2025-03-23T01:39:22.6692552Z",5,Advapi,SYSTEM
"Mar 23, 2025 @ 11:07:38.598",4624,"CP-AKT-002931",Negotiate,1080,"2025-03-22T17:45:45.8266156Z",5,Advapi,SYSTEM
"Mar 23, 2025 @ 11:07:38.598",4624,"CP-AKT-002931",Negotiate,1080,"2025-03-22T17:45:46.0469754Z",5,Advapi,SYSTEM
"Mar 23, 2025 @ 11:07:38.598",4624,"CP-AKT-002912",Negotiate,1184,"2025-03-23T01:39:20.6045079Z",5,Advapi,SYSTEM
"Mar 23, 2025 @ 11:07:38.596",4624,"CP-AKT-002931",Negotiate,1080,"2025-03-22T17:41:23.3127245Z",5,Advapi,SYSTEM
"Mar 23, 2025 @ 11:07:38.595",4624,"CP-AKT-002931",Negotiate,1080,"2025-03-22T17:41:08.5380689Z",5,Advapi,SYSTEM
"Mar 23, 2025 @ 11:07:38.595",4624,"CP-AKT-002931",Negotiate,1080,"2025-03-22T17:41:08.2627564Z",5,Advapi,SYSTEM
"Mar 23, 2025 @ 11:07:38.594",4624,"CP-AKT-002931",Negotiate,1080,"2025-03-22T17:38:01.2955761Z",5,Advapi,SYSTEM
"Mar 23, 2025 @ 11:07:38.593",4624,"CP-AKT-002912",Negotiate,1184,"2025-03-23T01:39:18.9760006Z",5,Advapi,MSSQLSERVER
"Mar 23, 2025 @ 11:07:38.591",4624,"CP-AKT-002931",Negotiate,1080,"2025-03-22T17:36:42.7725382Z",5,Advapi,SYSTEM
"Mar 23, 2025 @ 11:07:38.586",4624,"CP-AKT-002912",Negotiate,1184,"2025-03-23T01:39:17.5930173Z",5,Advapi,"MSSQL$SQLEXPRESS"
"Mar 23, 2025 @ 11:07:38.585",4624,"CP-AKT-002912",Negotiate,1184,"2025-03-23T01:39:16.5042657Z",5,Advapi,SYSTEM
"Mar 23, 2025 @ 11:07:38.584",4624,"CP-AKT-002912",Negotiate,1184,"2025-03-23T01:39:03.6586700Z",5,Advapi,SYSTEM
"Mar 23, 2025 @ 11:07:38.578",4624,"CP-AKT-002912",Negotiate,1184,"2025-03-23T01:38:19.4392937Z",5,Advapi,SYSTEM
"Mar 23, 2025 @ 11:07:38.577",4624,"CP-AKT-002931",Negotiate,1080,"2025-03-22T17:32:48.6251582Z",5,Advapi,SYSTEM
"Mar 23, 2025 @ 11:07:38.576",4624,"CP-AKT-002931",Negotiate,1080,"2025-03-22T17:32:35.6624195Z",5,Advapi,SYSTEM
"Mar 23, 2025 @ 11:07:38.576",4624,"CP-AKT-002931",Negotiate,1080,"2025-03-22T17:32:35.2978582Z",5,Advapi,SYSTEM
"Mar 23, 2025 @ 11:07:38.576",4624,"CP-AKT-002912",Negotiate,1184,"2025-03-23T01:38:18.9887925Z",5,Advapi,SYSTEM
"Mar 23, 2025 @ 11:07:38.575",4624,"CP-AKT-002931",Negotiate,1080,"2025-03-22T17:32:34.6901010Z",5,Advapi,SYSTEM
"Mar 23, 2025 @ 11:07:38.575",4624,"CP-AKT-002931",Negotiate,1080,"2025-03-22T17:32:34.7707190Z",5,Advapi,SYSTEM
"Mar 23, 2025 @ 11:07:38.574",4624,"CP-AKT-002912",Negotiate,1184,"2025-03-23T01:38:18.9106153Z",5,Advapi,SYSTEM
"Mar 23, 2025 @ 11:07:38.572",4624,"CP-AKT-002912",Negotiate,1184,"2025-03-23T01:38:18.0833879Z",5,Advapi,SYSTEM
"Mar 23, 2025 @ 11:07:38.570",4624,"CP-AKT-002912",Negotiate,1184,"2025-03-23T01:38:17.9731969Z",5,Advapi,SYSTEM
"Mar 23, 2025 @ 11:07:38.569",4624,"CP-AKT-002912",Negotiate,1184,"2025-03-23T01:38:17.9268652Z",5,Advapi,SYSTEM
"Mar 23, 2025 @ 11:07:38.569",4624,"CP-AKT-002912",Negotiate,1184,"2025-03-23T01:38:17.9492949Z",5,Advapi,SYSTEM
"Mar 23, 2025 @ 11:07:38.568",4624,"CP-AKT-002912",Negotiate,1184,"2025-03-23T01:38:17.9160098Z",5,Advapi,SYSTEM
"Mar 23, 2025 @ 11:07:38.568",4624,"CP-AKT-002912",Negotiate,1184,"2025-03-23T01:38:17.8552854Z",5,Advapi,SYSTEM
"Mar 23, 2025 @ 11:07:38.568",4624,"CP-AKT-002912",Negotiate,1184,"2025-03-18T12:07:11.2982769Z",5,Advapi,SYSTEM
"Mar 23, 2025 @ 11:07:38.568",4624,"CP-AKT-002912",Negotiate,1184,"2025-03-23T01:38:17.8415721Z",5,Advapi,SYSTEM
"Mar 23, 2025 @ 11:07:38.567",4624,"CP-AKT-002912",Negotiate,1184,"2025-03-18T12:06:50.9582747Z",5,Advapi,SYSTEM
"Mar 23, 2025 @ 11:07:38.567",4624,"CP-AKT-002912",Negotiate,1184,"2025-03-18T12:06:50.8849293Z",5,Advapi,SYSTEM
"Mar 23, 2025 @ 11:07:38.567",4624,"CP-AKT-002931",Negotiate,1080,"2025-03-22T17:31:51.5282594Z",5,Advapi,SYSTEM
"Mar 23, 2025 @ 11:07:38.567",4624,"CP-AKT-002912",Negotiate,1184,"2025-03-18T12:06:51.0559841Z",5,Advapi,SYSTEM
"Mar 23, 2025 @ 11:07:38.567",4624,"CP-AKT-002912",Negotiate,1184,"2025-03-18T12:06:51.0973433Z",5,Advapi,SYSTEM
"Mar 23, 2025 @ 11:07:38.566",4624,"CP-AKT-002912",Negotiate,1184,"2025-03-18T12:06:50.8847089Z",5,Advapi,SYSTEM
"Mar 23, 2025 @ 11:07:38.566",4624,"CP-AKT-002931",Negotiate,1080,"2025-03-22T17:31:49.4979919Z",5,Advapi,SYSTEM
"Mar 23, 2025 @ 11:07:38.566",4624,"CP-AKT-002912",Negotiate,1184,"2025-03-18T12:06:45.8162408Z",5,Advapi,SYSTEM
"Mar 23, 2025 @ 11:07:38.566",4624,"CP-AKT-002912",Negotiate,1184,"2025-03-18T12:06:50.8846545Z",5,Advapi,SYSTEM
"Mar 23, 2025 @ 11:07:38.564",4624,"CP-AKT-002912",Negotiate,1184,"2025-03-18T12:06:23.1256823Z",5,Advapi,SYSTEM
"Mar 23, 2025 @ 11:07:38.564",4624,"CP-AKT-002912",Negotiate,1184,"2025-03-18T12:06:23.2103069Z",5,Advapi,"2193E8EA-4E70-44B2-B568-3C1CA36C59F6"
"Mar 23, 2025 @ 11:07:38.557",4624,"CP-AKT-002931",Negotiate,1080,"2025-03-22T17:31:47.3530072Z",5,Advapi,SYSTEM
"Mar 23, 2025 @ 11:07:38.556",4624,"CP-AKT-002931",Negotiate,1080,"2025-03-22T17:31:46.2609204Z",5,Advapi,SYSTEM
"Mar 23, 2025 @ 11:07:38.536",4624,"CP-AKT-002931",Negotiate,1080,"2025-03-22T17:31:44.0885314Z",5,Advapi,SYSTEM
"Mar 23, 2025 @ 11:07:38.532",4624,"CP-AKT-002931",Negotiate,1080,"2025-03-22T17:31:43.0639645Z",5,Advapi,SYSTEM
"Mar 23, 2025 @ 11:07:38.531",4624,"CP-AKT-002931",Negotiate,1080,"2025-03-22T17:31:42.9679672Z",5,Advapi,SYSTEM
"Mar 23, 2025 @ 11:07:38.528",4624,"CP-AKT-002931",Negotiate,1080,"2025-03-22T17:31:38.5113940Z",5,Advapi,SYSTEM
"Mar 23, 2025 @ 11:07:38.528",4624,"CP-AKT-002931",Negotiate,1080,"2025-03-22T17:31:41.8660874Z",11,User32,"acuk.student"
"Mar 23, 2025 @ 11:07:38.527",4624,"CP-AKT-002931",Negotiate,1080,"2025-03-22T17:31:14.9571950Z",5,Advapi,SYSTEM
"Mar 23, 2025 @ 11:07:38.527",4624,"CP-AKT-002931",Negotiate,1080,"2025-03-22T17:31:14.9962455Z",5,Advapi,SYSTEM
"Mar 23, 2025 @ 11:07:38.526",4624,"CP-AKT-002931",Negotiate,1080,"2025-03-22T17:31:14.8642399Z",5,Advapi,SYSTEM
"Mar 23, 2025 @ 11:07:38.524",4624,"CP-AKT-002931",Negotiate,1080,"2025-03-22T17:31:14.8010958Z",5,Advapi,SYSTEM
"Mar 23, 2025 @ 11:07:38.524",4624,"CP-AKT-002931",Negotiate,1080,"2025-03-22T17:31:14.8013409Z",5,Advapi,SYSTEM
"Mar 23, 2025 @ 11:07:38.524",4624,"CP-AKT-002931",Negotiate,1080,"2025-03-22T17:30:47.3505272Z",5,Advapi,SYSTEM
"Mar 23, 2025 @ 11:07:38.524",4624,"CP-AKT-002931",Negotiate,1080,"2025-03-22T17:31:14.8013488Z",5,Advapi,SYSTEM
"Mar 23, 2025 @ 11:07:30.570",4624,"CP-AKT-002931",Negotiate,1080,"2025-03-22T17:30:45.2504589Z",5,Advapi,SYSTEM
"Mar 23, 2025 @ 11:07:30.538",4624,"CP-AKT-002931",Negotiate,1080,"2025-03-22T17:30:44.9067860Z",5,Advapi,SYSTEM
"Mar 23, 2025 @ 11:07:30.477",4624,"CP-AKT-002931",Negotiate,1080,"2025-03-22T17:30:44.7978291Z",5,Advapi,SYSTEM
"Mar 23, 2025 @ 11:07:30.384",4624,"CP-AKT-002931",Negotiate,1080,"2025-03-22T17:30:44.7732797Z",5,Advapi,SYSTEM
"Mar 23, 2025 @ 11:07:30.353",4624,"CP-AKT-002931",Negotiate,1080,"2025-03-22T17:30:44.7299445Z",5,Advapi,SYSTEM
"Mar 23, 2025 @ 11:07:30.321",4624,"CP-AKT-002931",Negotiate,1080,"2025-03-22T17:30:44.7291369Z",5,Advapi,SYSTEM
"Mar 23, 2025 @ 11:07:30.290",4624,"CP-AKT-002931",Negotiate,1080,"2025-03-22T17:30:44.7287205Z",5,Advapi,SYSTEM
"Mar 23, 2025 @ 11:07:30.261",4624,"CP-AKT-002931",Negotiate,1080,"2025-03-22T17:30:44.7285849Z",5,Advapi,SYSTEM
"Mar 23, 2025 @ 11:07:30.229",4624,"CP-AKT-002931",Negotiate,1080,"2025-03-22T17:30:44.7285336Z",5,Advapi,SYSTEM
"Mar 23, 2025 @ 11:07:30.199",4624,"CP-AKT-002931",Negotiate,1080,"2025-03-22T17:30:44.7281252Z",5,Advapi,SYSTEM
"Mar 23, 2025 @ 11:07:30.167",4624,"CP-AKT-002931",Negotiate,1080,"2025-03-22T17:30:44.7279672Z",5,Advapi,SYSTEM
"Mar 23, 2025 @ 11:07:30.136",4624,"CP-AKT-002931",Negotiate,1080,"2025-03-22T17:30:44.7266996Z",5,Advapi,SYSTEM
"Mar 23, 2025 @ 11:07:30.106",4624,"CP-AKT-002931",Negotiate,1080,"2025-03-22T17:30:44.6790836Z",5,Advapi,SYSTEM
"Mar 23, 2025 @ 11:07:30.073",4624,"CP-AKT-002931",Negotiate,1080,"2025-03-22T17:30:44.6474373Z",5,Advapi,SYSTEM
"Mar 23, 2025 @ 11:07:30.066",4624,"CP-AKT-002931",Negotiate,1080,"2025-03-22T17:30:44.6394728Z",5,Advapi,SYSTEM
"Mar 23, 2025 @ 11:07:30.064",4624,"CP-AKT-002931",Negotiate,1080,"2025-03-22T17:30:44.5617525Z",5,Advapi,SYSTEM
"Mar 23, 2025 @ 11:07:30.063",4624,"CP-AKT-002931",Negotiate,1080,"2025-03-22T17:30:44.5298378Z",5,Advapi,SYSTEM
"Mar 21, 2025 @ 13:14:24.419",4624,"CP-AKT-002931",Negotiate,1052,"2025-03-21T01:30:22.5816775Z",5,Advapi,SYSTEM
"Mar 21, 2025 @ 13:14:12.806",4624,"CP-AKT000209",Negotiate,1184,"2025-03-21T08:14:10.8791214Z",5,Advapi,SYSTEM
"Mar 21, 2025 @ 13:12:03.659",4624,"CP-AKT-002912",Negotiate,1204,"2025-03-21T08:12:02.5631192Z",5,Advapi,SYSTEM
"Mar 21, 2025 @ 13:12:01.686",4624,"CP-AKT-002912",Negotiate,1204,"2025-03-21T08:12:00.6200728Z",5,Advapi,SYSTEM
"Mar 21, 2025 @ 13:12:01.674",4624,"CP-AKT-002912",Negotiate,1204,"2025-03-21T08:12:00.5977832Z",5,Advapi,SYSTEM
"Mar 21, 2025 @ 13:09:01.656",4624,"CP-AKT-002907",Negotiate,1176,"2025-03-21T08:09:00.4814003Z",5,Advapi,SYSTEM
"Mar 21, 2025 @ 13:08:47.110",4624,"DESKTOP-5JEIKFF",Negotiate,1016,"2025-03-21T08:08:45.5207011Z",5,Advapi,SYSTEM
"Mar 21, 2025 @ 13:00:30.519",4624,"DESKTOP-5JEIKFF",Negotiate,1016,"2025-03-21T08:00:28.9347313Z",5,Advapi,SYSTEM
"Mar 21, 2025 @ 12:55:31.488",4625,"CP-AKT000209",NTLM,1184,"2025-03-21T07:55:29.6203026Z",3,NtLmSsp,Administrator
"Mar 21, 2025 @ 12:55:30.454",4625,"CP-AKT000209",NTLM,1184,"2025-03-21T07:55:28.5804985Z",3,NtLmSsp,Administrator
"Mar 21, 2025 @ 12:55:29.424",4625,"CP-AKT000209",NTLM,1184,"2025-03-21T07:55:27.5510678Z",3,NtLmSsp,Administrator
"Mar 21, 2025 @ 12:54:21.279",4625,"CP-AKT-002911",NTLM,1112,"2025-03-21T07:54:19.8511378Z",3,NtLmSsp,Administrator
"Mar 21, 2025 @ 12:54:20.243",4625,"CP-AKT-002911",NTLM,1112,"2025-03-21T07:54:18.8217457Z",3,NtLmSsp,Administrator
"Mar 21, 2025 @ 12:54:19.226",4625,"CP-AKT-002911",NTLM,1112,"2025-03-21T07:54:17.7979617Z",3,NtLmSsp,Administrator
"Mar 21, 2025 @ 12:53:16.038",4625,"CP-AKT-002907",NTLM,1176,"2025-03-21T07:53:14.9269240Z",3,NtLmSsp,Administrator
"Mar 21, 2025 @ 12:53:15.008",4625,"CP-AKT-002907",NTLM,1176,"2025-03-21T07:53:13.8984906Z",3,NtLmSsp,Administrator
"Mar 21, 2025 @ 12:53:13.998",4625,"CP-AKT-002907",NTLM,1176,"2025-03-21T07:53:12.8796341Z",3,NtLmSsp,Administrator
"Mar 21, 2025 @ 12:53:11.025",4625,"CP-AKT-002912",NTLM,1204,"2025-03-21T07:53:10.0027899Z",3,NtLmSsp,Administrator
"Mar 21, 2025 @ 12:53:09.994",4625,"CP-AKT-002912",NTLM,1204,"2025-03-21T07:53:08.9764040Z",3,NtLmSsp,Administrator
"Mar 21, 2025 @ 12:53:08.982",4625,"CP-AKT-002912",NTLM,1204,"2025-03-21T07:53:07.9493381Z",3,NtLmSsp,Administrator
"Mar 21, 2025 @ 12:52:04.930",4624,"CP-AKT-002907",Negotiate,1176,"2025-03-21T07:52:03.8278498Z",5,Advapi,SYSTEM
"Mar 21, 2025 @ 12:51:54.395",4624,"CP-AKT-002907",Negotiate,1176,"2025-03-21T07:51:53.2867629Z",5,Advapi,SYSTEM
"Mar 21, 2025 @ 12:46:53.554",4624,"CP-AKT000209",Negotiate,1184,"2025-03-21T07:46:51.8157503Z",5,Advapi,SYSTEM
"Mar 21, 2025 @ 12:46:35.756",4624,"DESKTOP-5JEIKFF",Negotiate,1016,"2025-03-21T07:46:35.2347106Z",5,Advapi,SYSTEM
"Mar 21, 2025 @ 12:44:58.996",4624,"DESKTOP-5JEIKFF",Negotiate,1016,"2025-03-21T07:44:58.4819626Z",5,Advapi,SYSTEM
"Mar 21, 2025 @ 12:44:57.981",4624,"DESKTOP-5JEIKFF",Negotiate,1016,"2025-03-21T07:44:57.4671509Z",5,Advapi,SYSTEM
"Mar 21, 2025 @ 12:44:56.883",4624,"DESKTOP-5JEIKFF",Negotiate,1016,"2025-03-21T07:44:56.3682722Z",5,Advapi,SYSTEM
"Mar 21, 2025 @ 12:44:26.827",4624,"DESKTOP-5JEIKFF",Negotiate,1016,"2025-03-21T07:44:26.6096587Z",5,Advapi,SYSTEM
"Mar 21, 2025 @ 12:44:26.825",4624,"DESKTOP-5JEIKFF",Negotiate,1016,"2025-03-21T07:44:26.3096266Z",5,Advapi,SYSTEM
"Mar 21, 2025 @ 12:44:23.911",4624,"CP-AKT-002931",Negotiate,1052,"2025-03-21T01:00:22.2655717Z",5,Advapi,SYSTEM
"Mar 21, 2025 @ 12:44:09.279",4624,"CP-AKT000209",Negotiate,1184,"2025-03-21T07:44:07.5300995Z",5,Advapi,SYSTEM
"Mar 21, 2025 @ 12:40:53.049",4624,"DESKTOP-5JEIKFF",Negotiate,1016,"2025-03-21T07:40:52.5308659Z",5,Advapi,SYSTEM
"Mar 21, 2025 @ 12:40:02.056",4624,"CP-AKT-002907",Negotiate,1176,"2025-03-21T07:40:01.9788926Z",5,Advapi,SYSTEM
"Mar 21, 2025 @ 12:40:02.046",4624,"CP-AKT-002907",Negotiate,1176,"2025-03-21T07:40:01.0458267Z",5,Advapi,SYSTEM
"Mar 21, 2025 @ 12:39:23.579",4624,"CP-AKT-002931",Negotiate,1052,"2025-03-21T00:55:21.9232232Z",5,Advapi,SYSTEM
"Mar 21, 2025 @ 12:38:31.430",4624,"DESKTOP-5JEIKFF",Negotiate,1016,"2025-03-21T07:38:30.9082952Z",5,Advapi,SYSTEM
"Mar 21, 2025 @ 12:35:30.842",4624,"DESKTOP-5JEIKFF",Negotiate,1016,"2025-03-21T07:35:30.3540972Z",5,Advapi,SYSTEM
"Mar 21, 2025 @ 12:35:30.840",4624,"DESKTOP-5JEIKFF",Negotiate,1016,"2025-03-21T07:35:30.3068515Z",5,Advapi,SYSTEM
"Mar 21, 2025 @ 12:34:33.756",4624,"CP-AKT-002911",Negotiate,1112,"2025-03-21T07:34:32.4291005Z",5,Advapi,SYSTEM
"Mar 21, 2025 @ 12:34:25.075",4624,"CP-AKT-002911",Negotiate,1112,"2025-03-21T07:34:23.9096841Z",5,Advapi,SYSTEM
"Mar 21, 2025 @ 12:34:25.043",4624,"CP-AKT-002911",Negotiate,1112,"2025-03-21T07:34:23.9056206Z",5,Advapi,SYSTEM
"Mar 21, 2025 @ 12:34:25.012",4624,"CP-AKT-002911",Negotiate,1112,"2025-03-21T07:34:23.8369530Z",5,Advapi,SYSTEM
"Mar 21, 2025 @ 12:34:24.998",4624,"CP-AKT-002911",Negotiate,1112,"2025-03-21T07:34:23.6856799Z",5,Advapi,SYSTEM
"Mar 21, 2025 @ 12:34:23.336",4624,"CP-AKT-002931",Negotiate,1052,"2025-03-21T00:50:21.6556158Z",5,Advapi,SYSTEM
"Mar 21, 2025 @ 12:32:49.119",4624,"CP-AKT-002911",Negotiate,1112,"2025-03-21T07:32:47.7820321Z",5,Advapi,SYSTEM
"Mar 21, 2025 @ 12:31:59.642",4624,"CP-AKT-002931",Negotiate,1052,"2025-03-21T00:47:57.9597258Z",5,Advapi,SYSTEM
"Mar 21, 2025 @ 12:31:58.521",4624,"CP-AKT-002931",Negotiate,1052,"2025-03-21T00:47:56.8362200Z",5,Advapi,SYSTEM
"Mar 21, 2025 @ 12:31:57.129",4624,"CP-AKT-002931",Negotiate,1052,"2025-03-21T00:47:55.4447574Z",5,Advapi,SYSTEM
"Mar 21, 2025 @ 12:31:55.494",4624,"CP-AKT-002931",Negotiate,1052,"2025-03-21T00:47:53.8923312Z",5,Advapi,SYSTEM
"Mar 21, 2025 @ 12:31:55.479",4624,"CP-AKT-002931",Negotiate,1052,"2025-03-21T00:47:53.8056361Z",5,Advapi,SYSTEM
"Mar 21, 2025 @ 12:31:07.774",4624,"CP-AKT-002911",Negotiate,1112,"2025-03-21T07:31:06.4137384Z",5,Advapi,SYSTEM
"Mar 21, 2025 @ 12:30:56.329",4624,"CP-AKT-002911",Negotiate,1112,"2025-03-21T07:30:54.9744946Z",5,Advapi,SYSTEM
"Mar 21, 2025 @ 12:30:22.084",4624,"CP-AKT-002911",Negotiate,1112,"2025-03-21T07:30:20.7034406Z",5,Advapi,SYSTEM
"Mar 21, 2025 @ 12:29:23.043",4624,"CP-AKT-002931",Negotiate,1052,"2025-03-21T00:45:21.3228643Z",5,Advapi,SYSTEM
"Mar 21, 2025 @ 12:28:00.610",4624,"DESKTOP-5JEIKFF",Negotiate,1016,"2025-03-21T07:28:00.0575171Z",5,Advapi,SYSTEM
"Mar 21, 2025 @ 12:28:00.597",4624,"DESKTOP-5JEIKFF",Negotiate,1016,"2025-03-21T07:28:00.0109082Z",5,Advapi,SYSTEM
"Mar 21, 2025 @ 12:26:54.083",4624,"DESKTOP-5JEIKFF",Negotiate,1016,"2025-03-21T07:26:53.5001881Z",5,Advapi,SYSTEM
"Mar 21, 2025 @ 12:25:06.613",4624,"CP-AKT-002912",Negotiate,1204,"2025-03-21T07:25:05.6087604Z",5,Advapi,SYSTEM
"Mar 21, 2025 @ 12:25:05.623",4624,"CP-AKT-002912",Negotiate,1204,"2025-03-21T07:25:05.4672567Z",5,Advapi,SYSTEM
"Mar 21, 2025 @ 12:25:05.612",4624,"CP-AKT-002912",Negotiate,1204,"2025-03-21T07:25:04.6199014Z",5,Advapi,SYSTEM
"Mar 21, 2025 @ 12:24:22.767",4624,"CP-AKT-002931",Negotiate,1052,"2025-03-21T00:40:21.0499059Z",5,Advapi,SYSTEM
"Mar 21, 2025 @ 12:23:02.658",4624,"CP-AKT-002911",Negotiate,1112,"2025-03-21T07:23:01.2693933Z",5,Advapi,SYSTEM
"Mar 21, 2025 @ 12:22:31.299",4624,"CP-AKT-002907",Negotiate,1176,"2025-03-21T07:22:30.2321378Z",5,Advapi,SYSTEM
"Mar 21, 2025 @ 12:21:46.492",4624,"DESKTOP-5JEIKFF",Negotiate,1016,"2025-03-21T07:21:45.9050384Z",5,Advapi,SYSTEM
"Mar 21, 2025 @ 12:21:44.315",4624,"CP-AKT000209",Negotiate,1184,"2025-03-21T07:21:42.4972837Z",5,Advapi,SYSTEM
"Mar 21, 2025 @ 12:19:22.555",4624,"CP-AKT-002931",Negotiate,1052,"2025-03-21T00:35:20.8276559Z",5,Advapi,SYSTEM
"Mar 21, 2025 @ 12:18:33.009",4624,"CP-AKT-002907",Negotiate,1176,"2025-03-21T07:18:31.9174099Z",5,Advapi,SYSTEM
"Mar 21, 2025 @ 12:17:33.443",4624,"DESKTOP-5JEIKFF",Negotiate,1016,"2025-03-21T07:17:32.8417453Z",5,Advapi,SYSTEM
"Mar 21, 2025 @ 12:17:29.025",4624,"CP-AKT000209",Negotiate,1184,"2025-03-21T07:17:27.1811586Z",5,Advapi,SYSTEM
"Mar 21, 2025 @ 12:17:08.952",4624,"CP-AKT-002911",Negotiate,1112,"2025-03-21T07:17:07.5618042Z",5,Advapi,SYSTEM
"Mar 21, 2025 @ 12:16:24.711",4624,"CP-AKT000209",Negotiate,1184,"2025-03-21T07:16:22.8799564Z",5,Advapi,SYSTEM
"Mar 21, 2025 @ 12:15:56.718",4624,"CP-AKT-002911",Negotiate,1112,"2025-03-21T07:15:55.3136273Z",5,Advapi,SYSTEM
"Mar 21, 2025 @ 12:15:32.922",4624,"CP-AKT-002907",Negotiate,1176,"2025-03-21T07:15:31.7986905Z",5,Advapi,SYSTEM
"Mar 21, 2025 @ 12:15:26.179",4624,"DESKTOP-5JEIKFF",Negotiate,1016,"2025-03-21T07:15:25.5642932Z",5,Advapi,SYSTEM
"Mar 21, 2025 @ 12:15:19.716",4624,"CP-AKT000209",Negotiate,1184,"2025-03-21T07:15:18.3591947Z",5,Advapi,SYSTEM
"Mar 21, 2025 @ 12:14:17.171",4624,"CP-AKT-002931",Negotiate,1052,"2025-03-21T00:30:15.4086101Z",5,Advapi,SYSTEM
"Mar 21, 2025 @ 12:14:12.629",4624,"CP-AKT000209",Negotiate,1184,"2025-03-21T07:14:10.7612118Z",5,Advapi,SYSTEM
"Mar 21, 2025 @ 12:09:22.118",4624,"CP-AKT-002931",Negotiate,1052,"2025-03-21T00:25:20.3421958Z",5,Advapi,SYSTEM
"Mar 21, 2025 @ 12:05:44.097",4624,"CP-AKT-002911",Negotiate,1112,"2025-03-21T07:05:42.6875507Z",5,Advapi,SYSTEM
"Mar 21, 2025 @ 12:05:24.490",4624,"CP-AKT-002911",Negotiate,1112,"2025-03-21T07:05:23.0803593Z",5,Advapi,SYSTEM
"Mar 21, 2025 @ 12:05:21.938",4624,"CP-AKT-002911",Negotiate,1112,"2025-03-21T07:05:20.5841371Z",5,Advapi,SYSTEM
"Mar 21, 2025 @ 12:05:21.933",4624,"CP-AKT-002911",Negotiate,1112,"2025-03-21T07:05:20.5234375Z",5,Advapi,SYSTEM
"Mar 21, 2025 @ 12:04:21.768",4624,"CP-AKT-002931",Negotiate,1052,"2025-03-21T00:20:20.0089736Z",5,Advapi,SYSTEM
"Mar 21, 2025 @ 12:04:18.578",4624,"CP-AKT-002911",Negotiate,1112,"2025-03-21T07:04:16.8146248Z",5,Advapi,SYSTEM
"Mar 21, 2025 @ 12:04:10.932",4624,"CP-AKT-002911",Negotiate,1112,"2025-03-21T07:04:09.5164512Z",5,Advapi,SYSTEM
"Mar 21, 2025 @ 12:04:09.856",4624,"CP-AKT-002911",Negotiate,1112,"2025-03-21T07:04:08.4524535Z",5,Advapi,SYSTEM
"Mar 21, 2025 @ 12:04:00.800",4624,"CP-AKT-002911",Negotiate,1112,"2025-03-21T07:03:59.3876830Z",5,Advapi,SYSTEM
"Mar 21, 2025 @ 12:03:43.313",4624,"CP-AKT-002911",Negotiate,1112,"2025-03-21T07:03:41.9050353Z",5,Advapi,SYSTEM
"Mar 21, 2025 @ 12:03:03.699",4624,"CP-AKT-002911",Negotiate,1112,"2025-03-21T07:03:02.2957746Z",5,Advapi,SYSTEM
"Mar 21, 2025 @ 12:02:55.432",4624,"DESKTOP-5JEIKFF",Negotiate,1016,"2025-03-21T07:02:54.7891579Z",5,Advapi,SYSTEM
"Mar 21, 2025 @ 12:02:32.801",4624,"DESKTOP-5JEIKFF",Negotiate,1016,"2025-03-21T07:02:32.3591968Z",5,Advapi,SYSTEM
"Mar 21, 2025 @ 12:02:32.779",4624,"DESKTOP-5JEIKFF",Negotiate,1016,"2025-03-21T07:02:32.1650245Z",5,Advapi,SYSTEM
"Mar 21, 2025 @ 12:02:20.519",4624,"CP-AKT-002912",Negotiate,1204,"2025-03-21T07:02:19.4717798Z",5,Advapi,SYSTEM
"Mar 21, 2025 @ 12:01:35.051",4624,"CP-AKT-002911",Negotiate,1112,"2025-03-21T07:01:33.9028714Z",5,Advapi,SYSTEM
"Mar 21, 2025 @ 12:01:30.031",4624,"CP-AKT-002911",Negotiate,1112,"2025-03-21T07:01:29.2647474Z",5,Advapi,SYSTEM
"Mar 21, 2025 @ 12:01:30.018",4624,"CP-AKT-002911",Negotiate,1112,"2025-03-21T07:01:28.8678453Z",5,Advapi,SYSTEM
"Mar 21, 2025 @ 12:00:02.845",4624,"CP-AKT-002907",Negotiate,1176,"2025-03-21T07:00:01.7304670Z",5,Advapi,SYSTEM
"Mar 21, 2025 @ 11:59:44.295",4624,"CP-AKT-002912",Negotiate,1204,"2025-03-21T06:59:43.2504818Z",5,Advapi,SYSTEM
"Mar 21, 2025 @ 11:59:41.398",4624,"CP-AKT-002931",Negotiate,1052,"2025-03-21T00:15:39.8621933Z",5,Advapi,SYSTEM
"Mar 21, 2025 @ 11:59:41.388",4624,"CP-AKT-002931",Negotiate,1052,"2025-03-21T00:15:39.6555092Z",5,Advapi,SYSTEM
"Mar 21, 2025 @ 11:59:04.469",4624,"CP-AKT-002931",Negotiate,1052,"2025-03-21T00:15:02.7342267Z",5,Advapi,SYSTEM
"Mar 21, 2025 @ 11:59:03.015",4624,"CP-AKT-002931",Negotiate,1052,"2025-03-21T00:15:01.4374216Z",5,Advapi,SYSTEM
"Mar 21, 2025 @ 11:59:03.007",4624,"CP-AKT-002931",Negotiate,1052,"2025-03-21T00:15:01.2760790Z",5,Advapi,SYSTEM
"Mar 21, 2025 @ 11:57:11.401",4624,"CP-AKT-002907",Negotiate,1176,"2025-03-21T06:57:10.3020834Z",5,Advapi,SYSTEM
"Mar 21, 2025 @ 11:55:41.039",4624,"CP-AKT-002931",Negotiate,1052,"2025-03-21T00:11:39.5083083Z",5,Advapi,SYSTEM
"Mar 21, 2025 @ 11:55:41.027",4624,"CP-AKT-002931",Negotiate,1052,"2025-03-21T00:11:39.3218720Z",5,Advapi,SYSTEM
"Mar 21, 2025 @ 11:55:10.179",4624,"DESKTOP-5JEIKFF",Negotiate,1016,"2025-03-21T06:55:09.6075537Z",5,Advapi,SYSTEM
"Mar 21, 2025 @ 11:55:05.388",4624,"DESKTOP-5JEIKFF",Negotiate,1016,"2025-03-21T06:55:04.8172344Z",5,Advapi,SYSTEM
"Mar 21, 2025 @ 11:54:55.373",4624,"DESKTOP-5JEIKFF",Negotiate,1016,"2025-03-21T06:54:54.7954562Z",5,Advapi,SYSTEM
"Mar 21, 2025 @ 11:54:21.128",4624,"CP-AKT-002931",Negotiate,1052,"2025-03-21T00:10:19.4261986Z",5,Advapi,SYSTEM
"Mar 21, 2025 @ 11:54:05.895",4624,"DESKTOP-5JEIKFF",Negotiate,1016,"2025-03-21T06:54:05.3749930Z",5,Advapi,SYSTEM
"Mar 21, 2025 @ 11:53:21.362",4625,"CP-AKT-002911",NTLM,1112,"2025-03-21T06:53:20.2553326Z",3,NtLmSsp,Administrator
"Mar 21, 2025 @ 11:53:20.330",4625,"CP-AKT-002911",NTLM,1112,"2025-03-21T06:53:19.2233004Z",3,NtLmSsp,Administrator
"Mar 21, 2025 @ 11:53:19.313",4625,"CP-AKT-002911",NTLM,1112,"2025-03-21T06:53:18.1980522Z",3,NtLmSsp,Administrator
"Mar 21, 2025 @ 11:53:06.358",4625,"CP-AKT-002907",NTLM,1176,"2025-03-21T06:53:05.2736065Z",3,NtLmSsp,Administrator
"Mar 21, 2025 @ 11:53:05.328",4625,"CP-AKT-002907",NTLM,1176,"2025-03-21T06:53:04.2411624Z",3,NtLmSsp,Administrator
"Mar 21, 2025 @ 11:53:04.307",4625,"CP-AKT-002907",NTLM,1176,"2025-03-21T06:53:03.2155590Z",3,NtLmSsp,Administrator
"Mar 21, 2025 @ 11:51:44.880",4624,"DESKTOP-5JEIKFF",Negotiate,1016,"2025-03-21T06:51:44.6206195Z",5,Advapi,SYSTEM
"Mar 21, 2025 @ 11:51:10.422",4624,"DESKTOP-5JEIKFF",Negotiate,1016,"2025-03-21T06:51:09.8548177Z",5,Advapi,SYSTEM
"Mar 21, 2025 @ 11:51:06.403",4624,"CP-AKT-002931",Negotiate,1052,"2025-03-21T00:07:04.7097564Z",5,Advapi,SYSTEM
"Mar 21, 2025 @ 11:51:00.868",4625,"CP-AKT-002912",NTLM,1204,"2025-03-21T06:50:59.8627054Z",3,NtLmSsp,Administrator
"Mar 21, 2025 @ 11:50:59.861",4625,"CP-AKT-002912",NTLM,1204,"2025-03-21T06:50:58.8477736Z",3,NtLmSsp,Administrator
"Mar 21, 2025 @ 11:50:58.856",4625,"CP-AKT-002912",NTLM,1204,"2025-03-21T06:50:57.8344460Z",3,NtLmSsp,Administrator
"Mar 21, 2025 @ 11:50:57.043",4624,"DESKTOP-5JEIKFF",Negotiate,1016,"2025-03-21T06:50:56.4742311Z",5,Advapi,SYSTEM
"Mar 21, 2025 @ 11:50:57.037",4624,"DESKTOP-5JEIKFF",Negotiate,1016,"2025-03-21T06:50:56.4209441Z",5,Advapi,SYSTEM
"Mar 21, 2025 @ 11:50:53.093",4624,"CP-AKT-002931",Negotiate,1052,"2025-03-21T00:06:51.3854562Z",5,Advapi,SYSTEM
"Mar 21, 2025 @ 11:50:50.865",4625,"CP-AKT000209",NTLM,1184,"2025-03-21T06:50:49.0391190Z",3,NtLmSsp,Administrator
"Mar 21, 2025 @ 11:50:49.847",4625,"CP-AKT000209",NTLM,1184,"2025-03-21T06:50:48.0223642Z",3,NtLmSsp,Administrator
"Mar 21, 2025 @ 11:50:48.811",4625,"CP-AKT000209",NTLM,1184,"2025-03-21T06:50:46.9955283Z",3,NtLmSsp,Administrator
"Mar 21, 2025 @ 11:50:02.347",4624,"CP-AKT-002907",Negotiate,1176,"2025-03-21T06:50:01.2548224Z",5,Advapi,SYSTEM
"Mar 21, 2025 @ 11:49:59.785",4624,"CP-AKT000209",Negotiate,1184,"2025-03-21T06:49:57.9674003Z",5,Advapi,SYSTEM
"Mar 21, 2025 @ 11:49:43.768",4624,"CP-AKT-002931",Negotiate,1052,"2025-03-21T00:05:42.7211245Z",5,Advapi,SYSTEM
"Mar 21, 2025 @ 11:49:43.766",4624,"CP-AKT-002931",Negotiate,1052,"2025-03-21T00:05:42.5833347Z",5,Advapi,SYSTEM
"Mar 21, 2025 @ 11:49:43.762",4624,"CP-AKT-002931",Negotiate,1052,"2025-03-21T00:05:42.0654190Z",5,Advapi,SYSTEM
"Mar 21, 2025 @ 11:49:41.147",4624,"CP-AKT-002931",Negotiate,1052,"2025-03-21T00:05:39.4454198Z",5,Advapi,SYSTEM
"Mar 21, 2025 @ 11:49:14.033",4624,"CP-AKT000209",Negotiate,1184,"2025-03-21T06:49:12.2048916Z",5,Advapi,SYSTEM
"Mar 21, 2025 @ 11:46:03.021",4624,"CP-AKT-002931",Negotiate,1052,"2025-03-21T00:02:01.7234922Z",5,Advapi,SYSTEM
"Mar 21, 2025 @ 11:46:03.018",4624,"CP-AKT-002931",Negotiate,1052,"2025-03-21T00:02:01.3198598Z",5,Advapi,SYSTEM
"Mar 21, 2025 @ 11:45:51.032",4624,"CP-AKT-002931",Negotiate,1052,"2025-03-21T00:01:49.7636649Z",5,Advapi,SYSTEM
"Mar 21, 2025 @ 11:44:56.043",4624,"CP-AKT-002931",Negotiate,1052,"2025-03-21T00:00:54.3383798Z",5,Advapi,SYSTEM
"Mar 21, 2025 @ 11:44:52.832",4624,"CP-AKT-002931",Negotiate,1052,"2025-03-21T00:00:50.1473266Z",5,Advapi,SYSTEM
"Mar 21, 2025 @ 11:44:51.922",4624,"CP-AKT-002931",Negotiate,1052,"2025-03-21T00:00:49.6567372Z",5,Advapi,SYSTEM
"Mar 21, 2025 @ 11:44:50.758",4624,"CP-AKT-002931",Negotiate,1052,"2025-03-21T00:00:47.5908839Z",5,Advapi,SYSTEM
"Mar 21, 2025 @ 11:44:44.100",4624,"CP-AKT-002931",Negotiate,1052,"2025-03-21T00:00:41.8111784Z",5,Advapi,SYSTEM
"Mar 21, 2025 @ 11:44:43.131",4624,"CP-AKT-002931",Negotiate,1052,"2025-03-21T00:00:40.9320359Z",5,Advapi,SYSTEM
"Mar 21, 2025 @ 11:44:43.037",4624,"CP-AKT-002931",Negotiate,1052,"2025-03-21T00:00:40.3517634Z",5,Advapi,SYSTEM
"Mar 21, 2025 @ 11:44:42.976",4624,"CP-AKT-002931",Negotiate,1052,"2025-03-21T00:00:39.7790802Z",5,Advapi,SYSTEM
"Mar 21, 2025 @ 11:44:42.850",4624,"CP-AKT-002931",Negotiate,1052,"2025-03-21T00:00:38.1688985Z",11,User32,"acuk.student"
"Mar 21, 2025 @ 11:44:42.804",4624,"CP-AKT-002931",Negotiate,1052,"2025-03-21T00:00:30.2815160Z",5,Advapi,SYSTEM
"Mar 21, 2025 @ 11:44:42.773",4624,"CP-AKT-002931",Negotiate,1052,"2025-03-21T00:00:30.2446887Z",5,Advapi,SYSTEM
"Mar 21, 2025 @ 11:44:42.741",4624,"CP-AKT-002931",Negotiate,1052,"2025-03-21T00:00:30.1536523Z",5,Advapi,SYSTEM
"Mar 21, 2025 @ 11:44:42.709",4624,"CP-AKT-002931",Negotiate,1052,"2025-03-21T00:00:30.0884392Z",5,Advapi,SYSTEM
"Mar 21, 2025 @ 11:44:42.663",4624,"CP-AKT-002931",Negotiate,1052,"2025-03-21T00:00:30.0883517Z",5,Advapi,SYSTEM
"Mar 21, 2025 @ 11:44:42.648",4624,"CP-AKT-002931",Negotiate,1052,"2025-03-21T00:00:30.0883510Z",5,Advapi,SYSTEM
"Mar 21, 2025 @ 11:44:42.476",4624,"CP-AKT-002931",Negotiate,1052,"2025-03-21T00:00:00.7055976Z",5,Advapi,SYSTEM
"Mar 21, 2025 @ 11:44:09.358",4624,"CP-AKT000209",Negotiate,1184,"2025-03-21T06:44:07.5191963Z",5,Advapi,SYSTEM
"Mar 21, 2025 @ 11:42:57.221",4624,"CP-AKT-002931",Negotiate,1044,"2025-03-20T23:58:54.6742926Z",5,Advapi,SYSTEM
"Mar 21, 2025 @ 11:42:56.149",4624,"CP-AKT-002931",Negotiate,1044,"2025-03-20T23:58:53.6005595Z",5,Advapi,SYSTEM
"Mar 21, 2025 @ 11:42:20.591",4624,"DESKTOP-5JEIKFF",Negotiate,1016,"2025-03-21T06:42:20.9729349Z",5,Advapi,SYSTEM
"Mar 21, 2025 @ 11:42:20.588",4624,"DESKTOP-5JEIKFF",Negotiate,1016,"2025-03-21T06:42:19.9904482Z",5,Advapi,SYSTEM
"Mar 21, 2025 @ 11:42:18.347",4624,"DESKTOP-5JEIKFF",Negotiate,1016,"2025-03-21T06:42:18.5965645Z",5,Advapi,SYSTEM
"Mar 21, 2025 @ 11:42:18.341",4624,"DESKTOP-5JEIKFF",Negotiate,1016,"2025-03-21T06:42:18.5913887Z",5,Advapi,SYSTEM
"Mar 21, 2025 @ 11:42:18.335",4624,"DESKTOP-5JEIKFF",Negotiate,1016,"2025-03-21T06:42:18.5910297Z",5,Advapi,SYSTEM
"Mar 21, 2025 @ 11:42:18.329",4624,"DESKTOP-5JEIKFF",Negotiate,1016,"2025-03-21T06:42:18.5899949Z",5,Advapi,SYSTEM
"Mar 21, 2025 @ 11:42:18.323",4624,"DESKTOP-5JEIKFF",Negotiate,1016,"2025-03-21T06:42:18.5895901Z",5,Advapi,SYSTEM
"Mar 21, 2025 @ 11:42:18.318",4624,"DESKTOP-5JEIKFF",Negotiate,1016,"2025-03-21T06:42:18.5886818Z",5,Advapi,SYSTEM
"Mar 21, 2025 @ 11:42:18.298",4624,"DESKTOP-5JEIKFF",Negotiate,1016,"2025-03-21T06:42:17.7013083Z",5,Advapi,SYSTEM
"Mar 21, 2025 @ 11:41:55.376",4624,"DESKTOP-5JEIKFF",Negotiate,1016,"2025-03-21T06:41:54.7855667Z",5,Advapi,SYSTEM
"Mar 21, 2025 @ 11:41:52.975",4624,"DESKTOP-5JEIKFF",Negotiate,1016,"2025-03-21T06:41:52.3728943Z",5,Advapi,SYSTEM
"Mar 21, 2025 @ 11:41:52.969",4624,"DESKTOP-5JEIKFF",Negotiate,1016,"2025-03-21T06:41:52.3641593Z",5,Advapi,SYSTEM
"Mar 21, 2025 @ 11:41:52.963",4624,"DESKTOP-5JEIKFF",Negotiate,1016,"2025-03-21T06:41:52.3636908Z",5,Advapi,SYSTEM
"Mar 21, 2025 @ 11:41:52.957",4624,"DESKTOP-5JEIKFF",Negotiate,1016,"2025-03-21T06:41:52.3620987Z",5,Advapi,SYSTEM
"Mar 21, 2025 @ 11:41:52.951",4624,"DESKTOP-5JEIKFF",Negotiate,1016,"2025-03-21T06:41:52.3616348Z",5,Advapi,SYSTEM
"Mar 21, 2025 @ 11:41:52.949",4624,"DESKTOP-5JEIKFF",Negotiate,1016,"2025-03-21T06:41:52.3602863Z",5,Advapi,SYSTEM
"Mar 21, 2025 @ 11:39:56.933",4624,"CP-AKT-002931",Negotiate,1044,"2025-03-20T23:35:53.7664661Z",5,Advapi,SYSTEM
"Mar 21, 2025 @ 11:39:56.060",4624,"CP-AKT-002931",Negotiate,1044,"2025-03-20T23:29:46.6115921Z",5,Advapi,SYSTEM
"Mar 21, 2025 @ 11:39:56.028",4624,"CP-AKT-002931",Negotiate,1044,"2025-03-20T23:29:05.7102119Z",5,Advapi,SYSTEM
"Mar 21, 2025 @ 11:39:55.997",4624,"CP-AKT-002931",Negotiate,1044,"2025-03-20T23:26:03.4647656Z",5,Advapi,SYSTEM
"Mar 21, 2025 @ 11:39:55.966",4624,"CP-AKT-002931",Negotiate,1044,"2025-03-20T23:22:35.3676447Z",5,Advapi,SYSTEM
"Mar 21, 2025 @ 11:39:55.903",4624,"CP-AKT-002931",Negotiate,1044,"2025-03-20T23:14:53.3876915Z",5,Advapi,SYSTEM
"Mar 21, 2025 @ 11:39:55.871",4624,"CP-AKT-002931",Negotiate,1044,"2025-03-20T23:14:07.4600471Z",5,Advapi,SYSTEM
"Mar 21, 2025 @ 11:39:55.840",4624,"CP-AKT-002931",Negotiate,1044,"2025-03-20T23:13:57.2439844Z",5,Advapi,SYSTEM
"Mar 21, 2025 @ 11:39:55.808",4624,"CP-AKT-002931",Negotiate,1044,"2025-03-20T23:13:39.8177384Z",5,Advapi,SYSTEM
"Mar 21, 2025 @ 11:39:55.776",4624,"CP-AKT-002931",Negotiate,1044,"2025-03-20T23:08:49.6521050Z",5,Advapi,SYSTEM
"Mar 21, 2025 @ 11:39:55.744",4624,"CP-AKT-002931",Negotiate,1044,"2025-03-20T23:03:03.3832740Z",5,Advapi,SYSTEM
"Mar 21, 2025 @ 11:39:55.666",4624,"CP-AKT-002931",Negotiate,1044,"2025-03-20T23:00:30.1188935Z",5,Advapi,SYSTEM
"Mar 21, 2025 @ 11:39:55.634",4624,"CP-AKT-002931",Negotiate,1044,"2025-03-20T23:00:30.0408698Z",5,Advapi,SYSTEM
"Mar 21, 2025 @ 11:39:54.757",4624,"CP-AKT-002931",Negotiate,1044,"2025-03-20T22:59:46.3790969Z",5,Advapi,SYSTEM
"Mar 21, 2025 @ 11:39:54.725",4624,"CP-AKT-002931",Negotiate,1044,"2025-03-20T22:54:53.4656786Z",5,Advapi,SYSTEM
"Mar 21, 2025 @ 11:39:54.684",4624,"CP-AKT-002931",Negotiate,1044,"2025-03-20T22:45:15.5446380Z",5,Advapi,SYSTEM
"Mar 21, 2025 @ 11:39:54.654",4624,"CP-AKT-002931",Negotiate,1044,"2025-03-20T22:45:14.4733586Z",5,Advapi,SYSTEM
"Mar 21, 2025 @ 11:39:54.623",4624,"CP-AKT-002931",Negotiate,1044,"2025-03-20T22:38:35.5627798Z",5,Advapi,SYSTEM
"Mar 21, 2025 @ 11:39:54.136",4624,"CP-AKT-002931",Negotiate,1044,"2025-03-20T22:29:46.0893753Z",5,Advapi,SYSTEM
"Mar 21, 2025 @ 11:39:54.105",4624,"CP-AKT-002931",Negotiate,1044,"2025-03-20T22:18:42.7589887Z",5,Advapi,SYSTEM
"Mar 21, 2025 @ 11:39:53.274",4624,"CP-AKT-002931",Negotiate,1044,"2025-03-20T21:59:45.8149661Z",5,Advapi,SYSTEM
"Mar 21, 2025 @ 11:39:53.242",4624,"CP-AKT-002931",Negotiate,1044,"2025-03-20T21:57:01.2795322Z",5,Advapi,SYSTEM
"Mar 21, 2025 @ 11:39:53.211",4624,"CP-AKT-002931",Negotiate,1044,"2025-03-20T21:46:05.6362302Z",5,Advapi,SYSTEM
"Mar 21, 2025 @ 11:39:53.180",4624,"CP-AKT-002931",Negotiate,1044,"2025-03-20T21:38:39.6378379Z",5,Advapi,SYSTEM
"Mar 21, 2025 @ 11:39:52.818",4624,"CP-AKT-002931",Negotiate,1044,"2025-03-20T21:29:45.5101496Z",5,Advapi,SYSTEM
"Mar 21, 2025 @ 11:39:52.787",4624,"CP-AKT-002931",Negotiate,1044,"2025-03-20T21:28:40.0092110Z",5,Advapi,SYSTEM
"Mar 21, 2025 @ 11:39:52.756",4624,"CP-AKT-002931",Negotiate,1044,"2025-03-20T21:23:25.3575598Z",5,Advapi,SYSTEM
"Mar 21, 2025 @ 11:39:52.724",4624,"CP-AKT-002931",Negotiate,1044,"2025-03-20T21:17:37.3713834Z",5,Advapi,SYSTEM
"Mar 21, 2025 @ 11:39:52.692",4624,"CP-AKT-002931",Negotiate,1044,"2025-03-20T21:14:00.8312025Z",5,Advapi,SYSTEM
"Mar 21, 2025 @ 11:39:52.661",4624,"CP-AKT-002931",Negotiate,1044,"2025-03-20T21:13:59.7727485Z",5,Advapi,SYSTEM
"Mar 21, 2025 @ 11:39:52.629",4624,"CP-AKT-002931",Negotiate,1044,"2025-03-20T21:12:51.1289090Z",5,Advapi,SYSTEM
"Mar 21, 2025 @ 11:39:51.992",4624,"CP-AKT000209",Negotiate,1184,"2025-03-21T06:39:00.3702150Z",5,Advapi,SYSTEM
"Mar 21, 2025 @ 11:39:51.961",4624,"CP-AKT000209",Negotiate,1184,"2025-03-21T06:25:48.9314663Z",5,Advapi,SYSTEM
"Mar 21, 2025 @ 11:39:51.929",4624,"CP-AKT000209",Negotiate,1184,"2025-03-21T06:20:29.0452492Z",5,Advapi,SYSTEM
"Mar 21, 2025 @ 11:39:51.789",4624,"CP-AKT000209",Negotiate,1184,"2025-03-21T06:20:08.5094454Z",5,Advapi,SYSTEM
"Mar 21, 2025 @ 11:39:51.742",4624,"CP-AKT000209",Negotiate,1184,"2025-03-21T06:14:27.9356682Z",5,Advapi,SYSTEM
"Mar 21, 2025 @ 11:39:51.689",4624,"CP-AKT-002931",Negotiate,1044,"2025-03-20T20:59:45.2564684Z",5,Advapi,SYSTEM
"Mar 21, 2025 @ 11:39:51.657",4624,"CP-AKT-002931",Negotiate,1044,"2025-03-20T20:47:56.9315653Z",5,Advapi,SYSTEM
"Mar 21, 2025 @ 11:39:51.626",4624,"CP-AKT-002931",Negotiate,1044,"2025-03-20T20:38:35.0298357Z",5,Advapi,SYSTEM
"Mar 21, 2025 @ 11:39:51.397",4624,"CP-AKT000209",Negotiate,1184,"2025-03-21T06:14:10.6712445Z",5,Advapi,SYSTEM
"Mar 21, 2025 @ 11:39:51.335",4624,"CP-AKT000209",Negotiate,1184,"2025-03-21T06:09:24.0845071Z",5,Advapi,SYSTEM
"Mar 21, 2025 @ 11:39:51.156",4624,"CP-AKT-002931",Negotiate,1044,"2025-03-20T20:29:44.9765210Z",5,Advapi,SYSTEM
"Mar 21, 2025 @ 11:39:51.124",4624,"CP-AKT-002931",Negotiate,1044,"2025-03-20T20:22:47.7733620Z",5,Advapi,SYSTEM
"Mar 21, 2025 @ 11:39:51.085",4624,"CP-AKT000209",Negotiate,1184,"2025-03-21T06:07:59.5580094Z",5,Advapi,SYSTEM
"Mar 21, 2025 @ 11:39:50.835",4624,"CP-AKT000209",Negotiate,1184,"2025-03-21T06:07:51.7156183Z",5,Advapi,SYSTEM
"Mar 21, 2025 @ 11:39:50.804",4624,"CP-AKT000209",Negotiate,1184,"2025-03-21T05:55:58.5416104Z",5,Advapi,SYSTEM
"Mar 21, 2025 @ 11:39:50.788",4625,"CP-AKT000209",NTLM,1184,"2025-03-21T05:49:38.9094270Z",3,NtLmSsp,Administrator
"Mar 21, 2025 @ 11:39:50.773",4625,"CP-AKT000209",NTLM,1184,"2025-03-21T05:49:37.8846355Z",3,NtLmSsp,Administrator
"Mar 21, 2025 @ 11:39:50.757",4625,"CP-AKT000209",NTLM,1184,"2025-03-21T05:49:36.8635428Z",3,NtLmSsp,Administrator
"Mar 21, 2025 @ 11:39:50.308",4624,"CP-AKT-002931",Negotiate,1044,"2025-03-20T19:59:44.6928617Z",5,Advapi,SYSTEM
"Mar 21, 2025 @ 11:39:50.276",4624,"CP-AKT-002931",Negotiate,1044,"2025-03-20T19:59:44.2004978Z",5,Advapi,SYSTEM
"Mar 21, 2025 @ 11:39:50.257",4624,"CP-AKT-002931",Negotiate,1044,"2025-03-20T19:53:05.6108505Z",5,Advapi,SYSTEM
"Mar 21, 2025 @ 11:39:50.225",4624,"CP-AKT-002931",Negotiate,1044,"2025-03-20T19:51:56.8395239Z",5,Advapi,SYSTEM
"Mar 21, 2025 @ 11:39:50.194",4624,"CP-AKT-002931",Negotiate,1044,"2025-03-20T19:46:40.0028936Z",5,Advapi,SYSTEM
"Mar 21, 2025 @ 11:39:50.163",4624,"CP-AKT-002931",Negotiate,1044,"2025-03-20T19:44:23.8772746Z",5,Advapi,SYSTEM
"Mar 21, 2025 @ 11:39:50.132",4624,"CP-AKT-002931",Negotiate,1044,"2025-03-20T19:38:34.9964261Z",5,Advapi,SYSTEM
"Mar 21, 2025 @ 11:39:50.100",4624,"CP-AKT-002931",Negotiate,1044,"2025-03-20T19:35:53.7589883Z",5,Advapi,SYSTEM
"Mar 21, 2025 @ 11:39:49.943",4624,"CP-AKT000209",Negotiate,1184,"2025-03-21T05:44:07.5140141Z",5,Advapi,SYSTEM
"Mar 21, 2025 @ 11:39:49.912",4624,"CP-AKT000209",Negotiate,1184,"2025-03-21T05:35:01.4235658Z",5,Advapi,SYSTEM
"Mar 21, 2025 @ 11:39:49.724",4624,"CP-AKT-002931",Negotiate,1044,"2025-03-20T19:29:44.3848346Z",5,Advapi,SYSTEM
"Mar 21, 2025 @ 11:39:49.693",4624,"CP-AKT-002931",Negotiate,1044,"2025-03-20T19:29:11.9905655Z",5,Advapi,SYSTEM
"Mar 21, 2025 @ 11:39:49.661",4624,"CP-AKT-002931",Negotiate,1044,"2025-03-20T19:21:55.0921384Z",5,Advapi,SYSTEM
"Mar 21, 2025 @ 11:39:49.630",4624,"CP-AKT-002931",Negotiate,1044,"2025-03-20T19:21:55.0921326Z",5,Advapi,SYSTEM
"Mar 21, 2025 @ 11:39:49.598",4624,"CP-AKT-002931",Negotiate,1044,"2025-03-20T19:19:44.4035769Z",5,Advapi,SYSTEM
"Mar 21, 2025 @ 11:39:49.568",4624,"CP-AKT000209",Negotiate,1184,"2025-03-21T05:14:10.5522034Z",5,Advapi,SYSTEM
"Mar 21, 2025 @ 11:39:49.566",4624,"CP-AKT-002931",Negotiate,1044,"2025-03-20T19:19:39.4214317Z",5,Advapi,SYSTEM
"Mar 21, 2025 @ 11:39:49.537",4624,"CP-AKT000209",Negotiate,1184,"2025-03-21T04:55:58.5279765Z",5,Advapi,SYSTEM
"Mar 21, 2025 @ 11:39:49.521",4625,"CP-AKT000209",NTLM,1184,"2025-03-21T04:49:44.1055676Z",3,NtLmSsp,Administrator
"Mar 21, 2025 @ 11:39:49.506",4625,"CP-AKT000209",NTLM,1184,"2025-03-21T04:49:43.0868321Z",3,NtLmSsp,Administrator
"Mar 21, 2025 @ 11:39:49.489",4625,"CP-AKT000209",NTLM,1184,"2025-03-21T04:49:42.0694428Z",3,NtLmSsp,Administrator
"Mar 21, 2025 @ 11:39:49.458",4624,"CP-AKT000209",Negotiate,1184,"2025-03-21T04:46:15.8834975Z",5,Advapi,SYSTEM
"Mar 21, 2025 @ 11:39:48.849",4624,"CP-AKT000209",Negotiate,1184,"2025-03-21T04:43:16.5250879Z",5,Advapi,SYSTEM
"Mar 21, 2025 @ 11:39:48.640",4624,"CP-AKT-002931",Negotiate,1044,"2025-03-20T18:59:44.1031768Z",5,Advapi,SYSTEM
"Mar 21, 2025 @ 11:39:48.609",4624,"CP-AKT-002931",Negotiate,1044,"2025-03-20T18:38:34.9671627Z",5,Advapi,SYSTEM
"Mar 21, 2025 @ 11:39:48.608",4624,"CP-AKT000209",Negotiate,1184,"2025-03-21T04:43:14.9784980Z",5,Advapi,SYSTEM
"Mar 21, 2025 @ 11:39:48.577",4624,"CP-AKT000209",Negotiate,1184,"2025-03-21T04:43:14.9262828Z",5,Advapi,SYSTEM
"Mar 21, 2025 @ 11:39:48.546",4624,"CP-AKT000209",Negotiate,1184,"2025-03-21T04:43:14.8374665Z",5,Advapi,SYSTEM
"Mar 21, 2025 @ 11:39:48.514",4624,"CP-AKT000209",Negotiate,1184,"2025-03-21T04:43:14.8255416Z",5,Advapi,SYSTEM
"Mar 21, 2025 @ 11:39:48.483",4624,"CP-AKT000209",Negotiate,1184,"2025-03-21T04:30:25.5163052Z",5,Advapi,SYSTEM
"Mar 21, 2025 @ 11:39:48.123",4624,"CP-AKT000209",Negotiate,1184,"2025-03-21T04:30:20.2790289Z",5,Advapi,SYSTEM
"Mar 21, 2025 @ 11:39:48.092",4624,"CP-AKT000209",Negotiate,1184,"2025-03-21T04:30:18.7820874Z",5,Advapi,SYSTEM
"Mar 21, 2025 @ 11:39:48.061",4624,"CP-AKT000209",Negotiate,1184,"2025-03-21T04:30:17.8047324Z",5,Advapi,SYSTEM
"Mar 21, 2025 @ 11:39:47.902",4624,"CP-AKT-002931",Negotiate,1044,"2025-03-20T18:32:36.3595230Z",5,Advapi,SYSTEM
"Mar 21, 2025 @ 11:39:47.827",4624,"CP-AKT000209",Negotiate,1184,"2025-03-21T04:14:11.1176777Z",5,Advapi,SYSTEM
"Mar 21, 2025 @ 11:39:47.795",4624,"CP-AKT000209",Negotiate,1184,"2025-03-21T03:55:58.5101815Z",5,Advapi,SYSTEM
"Mar 21, 2025 @ 11:39:47.764",4624,"CP-AKT000209",Negotiate,1184,"2025-03-21T03:51:02.5321114Z",5,Advapi,SYSTEM
"Mar 21, 2025 @ 11:39:47.749",4625,"CP-AKT000209",NTLM,1184,"2025-03-21T03:46:18.8704045Z",3,NtLmSsp,Administrator
"Mar 21, 2025 @ 11:39:47.732",4625,"CP-AKT000209",NTLM,1184,"2025-03-21T03:46:17.8400279Z",3,NtLmSsp,Administrator
"Mar 21, 2025 @ 11:39:47.717",4625,"CP-AKT000209",NTLM,1184,"2025-03-21T03:46:16.8160766Z",3,NtLmSsp,Administrator
"Mar 21, 2025 @ 11:39:47.429",4624,"CP-AKT-002931",Negotiate,1044,"2025-03-20T18:29:43.7660591Z",5,Advapi,SYSTEM
"Mar 21, 2025 @ 11:39:47.398",4624,"CP-AKT-002931",Negotiate,1044,"2025-03-20T18:05:32.7020288Z",5,Advapi,SYSTEM
"Mar 21, 2025 @ 11:39:47.367",4624,"CP-AKT-002931",Negotiate,1044,"2025-03-20T18:05:31.6327453Z",5,Advapi,SYSTEM
"Mar 21, 2025 @ 11:39:46.904",4624,"CP-AKT000209",Negotiate,1184,"2025-03-21T03:44:07.4929270Z",5,Advapi,SYSTEM
"Mar 21, 2025 @ 11:39:46.644",4624,"CP-AKT-002931",Negotiate,1044,"2025-03-20T17:59:35.0965741Z",5,Advapi,SYSTEM
"Mar 21, 2025 @ 11:39:46.544",4624,"CP-AKT000209",Negotiate,1184,"2025-03-21T03:14:10.5479709Z",5,Advapi,SYSTEM
"Mar 21, 2025 @ 11:39:46.513",4624,"CP-AKT000209",Negotiate,1184,"2025-03-21T03:04:33.7489611Z",5,Advapi,SYSTEM
"Mar 21, 2025 @ 11:39:46.482",4624,"CP-AKT000209",Negotiate,1184,"2025-03-21T03:04:32.8972005Z",5,Advapi,SYSTEM
"Mar 21, 2025 @ 11:39:46.450",4624,"CP-AKT000209",Negotiate,1184,"2025-03-21T02:55:58.5010625Z",5,Advapi,SYSTEM
"Mar 21, 2025 @ 11:39:46.434",4625,"CP-AKT000209",NTLM,1184,"2025-03-21T02:47:29.1603989Z",3,NtLmSsp,Administrator
"Mar 21, 2025 @ 11:39:46.419",4625,"CP-AKT000209",NTLM,1184,"2025-03-21T02:47:28.1347608Z",3,NtLmSsp,Administrator
"Mar 21, 2025 @ 11:39:46.403",4625,"CP-AKT000209",NTLM,1184,"2025-03-21T02:47:27.1074008Z",3,NtLmSsp,Administrator
"Mar 21, 2025 @ 11:39:46.263",4624,"CP-AKT000209",Negotiate,1184,"2025-03-21T02:46:42.4161117Z",5,Advapi,SYSTEM
"Mar 21, 2025 @ 11:39:46.231",4624,"CP-AKT000209",Negotiate,1184,"2025-03-21T02:46:37.1372560Z",5,Advapi,SYSTEM
"Mar 21, 2025 @ 11:39:46.200",4624,"CP-AKT000209",Negotiate,1184,"2025-03-21T02:45:19.3187212Z",5,Advapi,SYSTEM
"Mar 21, 2025 @ 11:39:46.079",4624,"CP-AKT-002931",Negotiate,1044,"2025-03-20T17:59:13.2538981Z",5,Advapi,SYSTEM
"Mar 21, 2025 @ 11:39:46.048",4624,"CP-AKT-002931",Negotiate,1044,"2025-03-20T17:59:12.9991998Z",5,Advapi,SYSTEM
"Mar 21, 2025 @ 11:39:46.016",4624,"CP-AKT-002931",Negotiate,1044,"2025-03-20T17:56:13.1150588Z",5,Advapi,SYSTEM
"Mar 21, 2025 @ 11:39:45.985",4624,"CP-AKT-002931",Negotiate,1044,"2025-03-20T17:38:34.9712038Z",5,Advapi,SYSTEM
"Mar 21, 2025 @ 11:39:45.954",4624,"CP-AKT-002931",Negotiate,1044,"2025-03-20T17:33:00.3417318Z",5,Advapi,SYSTEM
"Mar 21, 2025 @ 11:39:45.575",4624,"CP-AKT-002931",Negotiate,1044,"2025-03-20T17:29:43.2873282Z",5,Advapi,SYSTEM
"Mar 21, 2025 @ 11:39:45.543",4624,"CP-AKT-002931",Negotiate,1044,"2025-03-20T17:27:51.2395493Z",5,Advapi,SYSTEM
"Mar 21, 2025 @ 11:39:45.512",4624,"CP-AKT-002931",Negotiate,1044,"2025-03-20T17:25:09.2819070Z",5,Advapi,SYSTEM
"Mar 21, 2025 @ 11:39:45.497",4624,"CP-AKT000209",Negotiate,1184,"2025-03-21T02:44:07.4784444Z",5,Advapi,SYSTEM
"Mar 21, 2025 @ 11:39:45.480",4624,"CP-AKT-002931",Negotiate,1044,"2025-03-20T17:12:51.3051342Z",5,Advapi,SYSTEM
"Mar 21, 2025 @ 11:39:45.465",4624,"CP-AKT000209",Negotiate,1184,"2025-03-21T02:24:17.2761323Z",5,Advapi,SYSTEM
"Mar 21, 2025 @ 11:39:45.449",4624,"CP-AKT-002931",Negotiate,1044,"2025-03-20T17:02:48.0833764Z",5,Advapi,SYSTEM
"Mar 21, 2025 @ 11:39:45.231",4624,"CP-AKT000209",Negotiate,1184,"2025-03-21T02:14:10.8319554Z",5,Advapi,SYSTEM
"Mar 21, 2025 @ 11:39:45.200",4624,"CP-AKT000209",Negotiate,1184,"2025-03-21T01:56:02.8343895Z",5,Advapi,SYSTEM
"Mar 21, 2025 @ 11:39:45.168",4624,"CP-AKT000209",Negotiate,1184,"2025-03-21T01:55:58.4957953Z",5,Advapi,SYSTEM
"Mar 21, 2025 @ 11:39:45.153",4625,"CP-AKT000209",NTLM,1184,"2025-03-21T01:45:03.9971748Z",3,NtLmSsp,Administrator
"Mar 21, 2025 @ 11:39:45.137",4625,"CP-AKT000209",NTLM,1184,"2025-03-21T01:45:02.9696869Z",3,NtLmSsp,Administrator
"Mar 21, 2025 @ 11:39:45.121",4625,"CP-AKT000209",NTLM,1184,"2025-03-21T01:45:01.9438571Z",3,NtLmSsp,Administrator
"Mar 21, 2025 @ 11:39:44.521",4624,"CP-AKT-002931",Negotiate,1044,"2025-03-20T16:59:42.9671876Z",5,Advapi,SYSTEM
"Mar 21, 2025 @ 11:39:44.490",4624,"CP-AKT-002931",Negotiate,1044,"2025-03-20T16:48:52.6865534Z",5,Advapi,SYSTEM
"Mar 21, 2025 @ 11:39:44.459",4624,"CP-AKT-002931",Negotiate,1044,"2025-03-20T16:38:34.9558110Z",5,Advapi,SYSTEM
"Mar 21, 2025 @ 11:39:44.427",4624,"CP-AKT-002931",Negotiate,1044,"2025-03-20T16:34:12.6369000Z",5,Advapi,SYSTEM
"Mar 21, 2025 @ 11:39:44.308",4624,"CP-AKT000209",Negotiate,1184,"2025-03-21T01:44:07.4668509Z",5,Advapi,SYSTEM
"Mar 21, 2025 @ 11:39:43.965",4624,"CP-AKT000209",Negotiate,1184,"2025-03-21T01:14:10.5045610Z",5,Advapi,SYSTEM
"Mar 21, 2025 @ 11:39:43.956",4624,"CP-AKT-002931",Negotiate,1044,"2025-03-20T16:29:42.6503876Z",5,Advapi,SYSTEM
"Mar 21, 2025 @ 11:39:43.924",4624,"CP-AKT-002931",Negotiate,1044,"2025-03-20T16:11:55.4308177Z",5,Advapi,SYSTEM
"Mar 21, 2025 @ 11:39:43.918",4624,"CP-AKT000209",Negotiate,1184,"2025-03-21T01:12:29.6732479Z",5,Advapi,SYSTEM
"Mar 21, 2025 @ 11:39:43.893",4624,"CP-AKT-002931",Negotiate,1044,"2025-03-20T16:11:08.2330263Z",5,Advapi,SYSTEM
"Mar 21, 2025 @ 11:39:43.886",4624,"CP-AKT000209",Negotiate,1184,"2025-03-21T00:55:58.4855359Z",5,Advapi,SYSTEM
"Mar 21, 2025 @ 11:39:43.196",4624,"CP-AKT000209",Negotiate,1184,"2025-03-21T00:44:07.4538395Z",5,Advapi,SYSTEM
"Mar 21, 2025 @ 11:39:43.180",4625,"CP-AKT000209",NTLM,1184,"2025-03-21T00:42:43.7914173Z",3,NtLmSsp,Administrator
"Mar 21, 2025 @ 11:39:43.164",4625,"CP-AKT000209",NTLM,1184,"2025-03-21T00:42:42.7700970Z",3,NtLmSsp,Administrator
"Mar 21, 2025 @ 11:39:43.149",4625,"CP-AKT000209",NTLM,1184,"2025-03-21T00:42:41.7457316Z",3,NtLmSsp,Administrator
"Mar 21, 2025 @ 11:39:43.062",4624,"CP-AKT-002931",Negotiate,1044,"2025-03-20T15:59:42.2802389Z",5,Advapi,SYSTEM
"Mar 21, 2025 @ 11:39:43.031",4624,"CP-AKT-002931",Negotiate,1044,"2025-03-20T15:38:34.9776366Z",5,Advapi,SYSTEM
"Mar 21, 2025 @ 11:39:42.999",4624,"CP-AKT-002931",Negotiate,1044,"2025-03-20T15:35:53.6675378Z",5,Advapi,SYSTEM
"Mar 21, 2025 @ 11:39:42.898",4624,"CP-AKT000209",Negotiate,1184,"2025-03-21T00:14:10.5462857Z",5,Advapi,SYSTEM
"Mar 21, 2025 @ 11:39:42.867",4624,"CP-AKT000209",Negotiate,1184,"2025-03-20T23:55:58.4919450Z",5,Advapi,SYSTEM
"Mar 21, 2025 @ 11:39:42.789",4624,"CP-AKT000209",Negotiate,1184,"2025-03-20T23:54:23.5662160Z",5,Advapi,SYSTEM
"Mar 21, 2025 @ 11:39:42.758",4624,"CP-AKT000209",Negotiate,1184,"2025-03-20T23:54:23.4572948Z",5,Advapi,SYSTEM
"Mar 21, 2025 @ 11:39:42.637",4624,"CP-AKT-002931",Negotiate,1044,"2025-03-20T15:29:42.0075238Z",5,Advapi,SYSTEM
"Mar 21, 2025 @ 11:39:42.606",4624,"CP-AKT-002931",Negotiate,1044,"2025-03-20T15:09:59.9649298Z",5,Advapi,SYSTEM
"Mar 21, 2025 @ 11:39:41.945",4624,"CP-AKT000209",Negotiate,1184,"2025-03-20T23:44:07.4488978Z",5,Advapi,SYSTEM
"Mar 21, 2025 @ 11:39:41.929",4625,"CP-AKT000209",NTLM,1184,"2025-03-20T23:42:44.0277175Z",3,NtLmSsp,Administrator
"Mar 21, 2025 @ 11:39:41.914",4625,"CP-AKT000209",NTLM,1184,"2025-03-20T23:42:43.0118833Z",3,NtLmSsp,Administrator
"Mar 21, 2025 @ 11:39:41.898",4625,"CP-AKT000209",NTLM,1184,"2025-03-20T23:42:41.9856424Z",3,NtLmSsp,Administrator
"Mar 21, 2025 @ 11:39:41.866",4624,"CP-AKT000209",Negotiate,1184,"2025-03-20T23:18:05.1265984Z",5,Advapi,SYSTEM
"Mar 21, 2025 @ 11:39:41.664",4624,"CP-AKT-002931",Negotiate,1044,"2025-03-20T14:59:41.6600017Z",5,Advapi,SYSTEM
"Mar 21, 2025 @ 11:39:41.632",4624,"CP-AKT-002931",Negotiate,1044,"2025-03-20T14:56:54.8780681Z",5,Advapi,SYSTEM
"Mar 21, 2025 @ 11:39:41.601",4624,"CP-AKT-002931",Negotiate,1044,"2025-03-20T14:56:53.8188731Z",5,Advapi,SYSTEM
"Mar 21, 2025 @ 11:39:41.569",4624,"CP-AKT-002931",Negotiate,1044,"2025-03-20T14:38:38.4941516Z",5,Advapi,SYSTEM
"Mar 21, 2025 @ 11:39:41.538",4624,"CP-AKT-002931",Negotiate,1044,"2025-03-20T14:38:37.7634214Z",5,Advapi,SYSTEM
"Mar 21, 2025 @ 11:39:41.523",4624,"CP-AKT000209",Negotiate,1184,"2025-03-20T23:14:10.3541005Z",5,Advapi,SYSTEM
"Mar 21, 2025 @ 11:39:41.491",4624,"CP-AKT000209",Negotiate,1184,"2025-03-20T22:55:58.4861660Z",5,Advapi,SYSTEM
"Mar 21, 2025 @ 11:39:41.076",4624,"CP-AKT-002931",Negotiate,1044,"2025-03-20T14:29:41.3830602Z",5,Advapi,SYSTEM
"Mar 21, 2025 @ 11:39:41.044",4624,"CP-AKT-002931",Negotiate,1044,"2025-03-20T14:24:54.9569816Z",5,Advapi,SYSTEM
"Mar 21, 2025 @ 11:39:40.788",4624,"CP-AKT000209",Negotiate,1184,"2025-03-20T22:44:07.4386239Z",5,Advapi,SYSTEM
"Mar 21, 2025 @ 11:39:40.772",4625,"CP-AKT000209",NTLM,1184,"2025-03-20T22:42:49.1098217Z",3,NtLmSsp,Administrator
"Mar 21, 2025 @ 11:39:40.757",4625,"CP-AKT000209",NTLM,1184,"2025-03-20T22:42:48.0808507Z",3,NtLmSsp,Administrator
"Mar 21, 2025 @ 11:39:40.741",4625,"CP-AKT000209",NTLM,1184,"2025-03-20T22:42:47.0625291Z",3,NtLmSsp,Administrator
"Mar 21, 2025 @ 11:39:40.506",4624,"CP-AKT000209",Negotiate,1184,"2025-03-20T22:14:10.1533670Z",5,Advapi,SYSTEM
"Mar 21, 2025 @ 11:39:40.460",4624,"CP-AKT000209",Negotiate,1184,"2025-03-20T21:55:58.4646111Z",5,Advapi,SYSTEM
"Mar 21, 2025 @ 11:39:40.428",4624,"CP-AKT000209",Negotiate,1184,"2025-03-20T21:51:12.4463923Z",5,Advapi,SYSTEM
"Mar 21, 2025 @ 11:39:39.929",4624,"CP-AKT-002931",Negotiate,1044,"2025-03-20T13:59:21.4344507Z",5,Advapi,SYSTEM
"Mar 21, 2025 @ 11:39:39.709",4624,"CP-AKT-002931",Negotiate,1044,"2025-03-20T13:59:21.1897188Z",5,Advapi,SYSTEM
"Mar 21, 2025 @ 11:39:39.663",4624,"CP-AKT-002931",Negotiate,1044,"2025-03-20T13:59:20.9248230Z",5,Advapi,SYSTEM
"Mar 21, 2025 @ 11:39:39.630",4624,"CP-AKT000209",Negotiate,1184,"2025-03-20T21:44:07.4300139Z",5,Advapi,SYSTEM
"Mar 21, 2025 @ 11:39:39.615",4624,"CP-AKT-002931",Negotiate,1044,"2025-03-20T13:59:20.8617002Z",5,Advapi,SYSTEM
"Mar 21, 2025 @ 11:39:39.599",4624,"CP-AKT-002931",Negotiate,1044,"2025-03-20T13:59:20.8616955Z",5,Advapi,SYSTEM
"Mar 21, 2025 @ 11:39:39.599",4625,"CP-AKT000209",NTLM,1184,"2025-03-20T21:40:23.9743476Z",3,NtLmSsp,Administrator
"Mar 21, 2025 @ 11:39:39.584",4625,"CP-AKT000209",NTLM,1184,"2025-03-20T21:40:22.9397928Z",3,NtLmSsp,Administrator
"Mar 21, 2025 @ 11:39:39.568",4625,"CP-AKT000209",NTLM,1184,"2025-03-20T21:40:21.8942855Z",3,NtLmSsp,Administrator
"Mar 21, 2025 @ 11:39:39.568",4624,"CP-AKT-002931",Negotiate,1044,"2025-03-20T13:59:18.9244696Z",5,Advapi,SYSTEM
"Mar 21, 2025 @ 11:39:39.316",4624,"CP-AKT-002931",Negotiate,1044,"2025-03-20T13:59:12.4393630Z",5,Advapi,SYSTEM
"Mar 21, 2025 @ 11:39:39.254",4624,"CP-AKT-002931",Negotiate,1044,"2025-03-20T13:59:12.3903246Z",5,Advapi,SYSTEM
"Mar 21, 2025 @ 11:39:39.224",4624,"CP-AKT000209",Negotiate,1184,"2025-03-20T21:14:09.9572281Z",5,Advapi,SYSTEM
"Mar 21, 2025 @ 11:39:39.222",4624,"CP-AKT-002931",Negotiate,1044,"2025-03-20T13:50:18.7700336Z",5,Advapi,SYSTEM
"Mar 21, 2025 @ 11:39:39.191",4624,"CP-AKT-002931",Negotiate,1044,"2025-03-20T13:50:17.7207832Z",5,Advapi,SYSTEM
"Mar 21, 2025 @ 11:39:39.160",4624,"CP-AKT-002931",Negotiate,1044,"2025-03-20T13:38:34.9503625Z",5,Advapi,SYSTEM
"Mar 21, 2025 @ 11:39:39.128",4624,"CP-AKT-002931",Negotiate,1044,"2025-03-20T13:35:53.6889499Z",5,Advapi,SYSTEM
"Mar 21, 2025 @ 11:39:38.989",4624,"CP-AKT000209",Negotiate,1184,"2025-03-20T21:07:49.7315399Z",5,Advapi,SYSTEM
"Mar 21, 2025 @ 11:39:38.959",4624,"CP-AKT000209",Negotiate,1184,"2025-03-20T20:55:58.4511087Z",5,Advapi,SYSTEM
"Mar 21, 2025 @ 11:39:38.657",4624,"CP-AKT-002931",Negotiate,1044,"2025-03-20T13:29:40.8000882Z",5,Advapi,SYSTEM
"Mar 21, 2025 @ 11:39:38.625",4624,"CP-AKT-002931",Negotiate,1044,"2025-03-20T13:29:12.0984363Z",5,Advapi,SYSTEM
"Mar 21, 2025 @ 11:39:38.142",4624,"CP-AKT000209",Negotiate,1184,"2025-03-20T20:44:07.3111650Z",5,Advapi,SYSTEM
"Mar 21, 2025 @ 11:39:38.126",4625,"CP-AKT000209",NTLM,1184,"2025-03-20T20:40:24.1059431Z",3,NtLmSsp,Administrator
"Mar 21, 2025 @ 11:39:38.111",4625,"CP-AKT000209",NTLM,1184,"2025-03-20T20:40:23.0858847Z",3,NtLmSsp,Administrator
"Mar 21, 2025 @ 11:39:38.095",4625,"CP-AKT000209",NTLM,1184,"2025-03-20T20:40:22.0541066Z",3,NtLmSsp,Administrator
"Mar 21, 2025 @ 11:39:38.033",4624,"CP-AKT000209",Negotiate,1184,"2025-03-20T20:28:26.4701891Z",5,Advapi,SYSTEM
"Mar 21, 2025 @ 11:39:38.001",4624,"CP-AKT000209",Negotiate,1184,"2025-03-20T20:18:19.7692765Z",5,Advapi,SYSTEM
"Mar 21, 2025 @ 11:39:37.970",4624,"CP-AKT000209",Negotiate,1184,"2025-03-20T20:14:20.8919373Z",5,Advapi,SYSTEM
"Mar 21, 2025 @ 11:39:37.809",4624,"CP-AKT-002931",Negotiate,1044,"2025-03-20T12:59:40.5161653Z",5,Advapi,SYSTEM
"Mar 21, 2025 @ 11:39:37.778",4624,"CP-AKT-002931",Negotiate,1044,"2025-03-20T12:50:44.4135392Z",5,Advapi,SYSTEM
"Mar 21, 2025 @ 11:39:37.747",4624,"CP-AKT-002931",Negotiate,1044,"2025-03-20T12:38:38.5295442Z",5,Advapi,SYSTEM
"Mar 21, 2025 @ 11:39:37.715",4624,"CP-AKT-002931",Negotiate,1044,"2025-03-20T12:38:37.8573085Z",5,Advapi,SYSTEM
"Mar 21, 2025 @ 11:39:37.684",4624,"CP-AKT-002931",Negotiate,1044,"2025-03-20T12:38:37.7217028Z",5,Advapi,SYSTEM
"Mar 21, 2025 @ 11:39:37.501",4624,"CP-AKT000209",Negotiate,1184,"2025-03-20T20:11:03.2869092Z",5,Advapi,SYSTEM
"Mar 21, 2025 @ 11:39:37.469",4624,"CP-AKT000209",Negotiate,1184,"2025-03-20T19:55:58.4470151Z",5,Advapi,SYSTEM
"Mar 21, 2025 @ 11:39:37.307",4624,"CP-AKT-002931",Negotiate,1044,"2025-03-20T12:29:40.1457499Z",5,Advapi,SYSTEM
"Mar 21, 2025 @ 11:39:37.276",4624,"CP-AKT-002931",Negotiate,1044,"2025-03-20T12:28:32.7141177Z",5,Advapi,SYSTEM
"Mar 21, 2025 @ 11:39:37.244",4624,"CP-AKT-002931",Negotiate,1044,"2025-03-20T12:22:27.1378084Z",5,Advapi,SYSTEM
"Mar 21, 2025 @ 11:39:37.213",4624,"CP-AKT-002931",Negotiate,1044,"2025-03-20T12:21:57.5237146Z",5,Advapi,SYSTEM
"Mar 21, 2025 @ 11:39:36.657",4624,"CP-AKT000209",Negotiate,1184,"2025-03-20T19:44:07.4172796Z",5,Advapi,SYSTEM
"Mar 21, 2025 @ 11:39:36.641",4625,"CP-AKT000209",NTLM,1184,"2025-03-20T19:38:07.4362145Z",3,NtLmSsp,Administrator
"Mar 21, 2025 @ 11:39:36.625",4625,"CP-AKT000209",NTLM,1184,"2025-03-20T19:38:06.4151953Z",3,NtLmSsp,Administrator
"Mar 21, 2025 @ 11:39:36.609",4625,"CP-AKT000209",NTLM,1184,"2025-03-20T19:38:05.3965610Z",3,NtLmSsp,Administrator
"Mar 21, 2025 @ 11:39:36.287",4624,"CP-AKT-002931",Negotiate,1044,"2025-03-20T11:59:39.8630316Z",5,Advapi,SYSTEM
"Mar 21, 2025 @ 11:39:36.255",4624,"CP-AKT-002931",Negotiate,1044,"2025-03-20T11:38:34.9476448Z",5,Advapi,SYSTEM
"Mar 21, 2025 @ 11:39:36.224",4624,"CP-AKT-002931",Negotiate,1044,"2025-03-20T11:35:53.7852114Z",5,Advapi,SYSTEM
"Mar 21, 2025 @ 11:39:36.156",4624,"CP-AKT000209",Negotiate,1184,"2025-03-20T19:11:03.2650175Z",5,Advapi,SYSTEM
"Mar 21, 2025 @ 11:39:36.125",4624,"CP-AKT000209",Negotiate,1184,"2025-03-20T18:55:58.4412018Z",5,Advapi,SYSTEM
"Mar 21, 2025 @ 11:39:35.753",4624,"CP-AKT-002931",Negotiate,1044,"2025-03-20T11:29:39.5244718Z",5,Advapi,SYSTEM
"Mar 21, 2025 @ 11:39:35.722",4624,"CP-AKT-002931",Negotiate,1044,"2025-03-20T11:29:05.1714265Z",5,Advapi,SYSTEM
"Mar 21, 2025 @ 11:39:35.691",4624,"CP-AKT-002931",Negotiate,1044,"2025-03-20T11:29:04.1120115Z",5,Advapi,SYSTEM
"Mar 21, 2025 @ 11:39:35.660",4624,"CP-AKT-002931",Negotiate,1044,"2025-03-20T11:07:15.1973979Z",5,Advapi,SYSTEM
"Mar 21, 2025 @ 11:39:35.422",4624,"CP-AKT000209",Negotiate,1184,"2025-03-20T18:44:07.4158629Z",5,Advapi,SYSTEM
"Mar 21, 2025 @ 11:39:35.406",4625,"CP-AKT000209",NTLM,1184,"2025-03-20T18:38:14.1837443Z",3,NtLmSsp,Administrator
"Mar 21, 2025 @ 11:39:35.391",4625,"CP-AKT000209",NTLM,1184,"2025-03-20T18:38:13.1560361Z",3,NtLmSsp,Administrator
"Mar 21, 2025 @ 11:39:35.375",4625,"CP-AKT000209",NTLM,1184,"2025-03-20T18:38:12.1308890Z",3,NtLmSsp,Administrator
"Mar 21, 2025 @ 11:39:35.344",4624,"CP-AKT000209",Negotiate,1184,"2025-03-20T18:16:44.7651733Z",5,Advapi,SYSTEM
"Mar 21, 2025 @ 11:39:35.094",4624,"CP-AKT000209",Negotiate,1184,"2025-03-20T18:14:09.5600722Z",5,Advapi,SYSTEM
"Mar 21, 2025 @ 11:39:35.062",4624,"CP-AKT000209",Negotiate,1184,"2025-03-20T17:55:58.4226284Z",5,Advapi,SYSTEM
"Mar 21, 2025 @ 11:39:34.828",4624,"CP-AKT-002931",Negotiate,1044,"2025-03-20T10:59:39.1482502Z",5,Advapi,SYSTEM
"Mar 21, 2025 @ 11:39:34.797",4624,"CP-AKT-002931",Negotiate,1044,"2025-03-20T10:58:57.4555965Z",5,Advapi,SYSTEM
"Mar 21, 2025 @ 11:39:34.766",4624,"CP-AKT-002931",Negotiate,1044,"2025-03-20T10:41:32.6826651Z",5,Advapi,SYSTEM
"Mar 21, 2025 @ 11:39:34.703",4624,"CP-AKT-002931",Negotiate,1044,"2025-03-20T10:39:57.8603085Z",5,Advapi,SYSTEM
"Mar 21, 2025 @ 11:39:34.545",4624,"CP-AKT-002907",Negotiate,1176,"2025-03-21T06:39:25.7305568Z",5,Advapi,SYSTEM
"Mar 21, 2025 @ 11:39:34.512",4624,"CP-AKT-002907",Negotiate,1176,"2025-03-21T06:39:24.6518485Z",5,Advapi,SYSTEM
"Mar 21, 2025 @ 11:39:34.498",4624,"CP-AKT-002907",Negotiate,1176,"2025-03-21T06:38:36.6547221Z",5,Advapi,SYSTEM
"Mar 21, 2025 @ 11:39:34.421",4624,"CP-AKT-002931",Negotiate,1044,"2025-03-20T10:38:35.9994171Z",5,Advapi,SYSTEM
"Mar 21, 2025 @ 11:39:34.389",4624,"CP-AKT-002931",Negotiate,1044,"2025-03-20T10:38:34.7994164Z",5,Advapi,SYSTEM
"Mar 21, 2025 @ 11:39:34.251",4624,"CP-AKT000209",Negotiate,1184,"2025-03-20T17:44:07.4045375Z",5,Advapi,SYSTEM
"Mar 21, 2025 @ 11:39:34.234",4625,"CP-AKT000209",NTLM,1184,"2025-03-20T17:39:14.3918600Z",3,NtLmSsp,Administrator
"Mar 21, 2025 @ 11:39:34.219",4625,"CP-AKT000209",NTLM,1184,"2025-03-20T17:39:13.3783131Z",3,NtLmSsp,Administrator
"Mar 21, 2025 @ 11:39:34.203",4625,"CP-AKT000209",NTLM,1184,"2025-03-20T17:39:12.3457418Z",3,NtLmSsp,Administrator
"Mar 21, 2025 @ 11:39:34.172",4624,"CP-AKT000209",Negotiate,1184,"2025-03-20T17:14:28.2117449Z",5,Advapi,SYSTEM
"Mar 21, 2025 @ 11:39:34.118",4624,"CP-AKT-002931",Negotiate,1044,"2025-03-20T10:27:18.3663590Z",5,Advapi,SYSTEM
"Mar 21, 2025 @ 11:39:33.883",4624,"CP-AKT-002931",Negotiate,1044,"2025-03-20T10:26:24.2146298Z",5,Advapi,SYSTEM
"Mar 21, 2025 @ 11:39:33.852",4624,"CP-AKT-002931",Negotiate,1044,"2025-03-20T10:20:54.5003573Z",5,Advapi,SYSTEM
"Mar 21, 2025 @ 11:39:33.828",4624,"CP-AKT000209",Negotiate,1184,"2025-03-20T17:14:09.3611212Z",5,Advapi,SYSTEM
"Mar 21, 2025 @ 11:39:33.820",4624,"CP-AKT-002931",Negotiate,1044,"2025-03-20T10:20:53.4155048Z",5,Advapi,SYSTEM
"Mar 21, 2025 @ 11:39:33.809",4624,"CP-AKT000209",Negotiate,1184,"2025-03-20T17:13:25.1942669Z",5,Advapi,SYSTEM
"Mar 21, 2025 @ 11:39:33.747",4624,"CP-AKT000209",Negotiate,1184,"2025-03-20T17:10:24.1941403Z",11,CredPro,Administrator
"Mar 21, 2025 @ 11:39:33.700",4624,"CP-AKT000209",Negotiate,1184,"2025-03-20T17:10:20.8146785Z",5,Advapi,SYSTEM
"Mar 21, 2025 @ 11:39:33.341",4624,"CP-AKT000209",Negotiate,1184,"2025-03-20T17:10:17.0371167Z",5,Advapi,SYSTEM
"Mar 21, 2025 @ 11:39:33.309",4624,"CP-AKT000209",Negotiate,1184,"2025-03-20T17:10:12.2771295Z",5,Advapi,SYSTEM
"Mar 21, 2025 @ 11:39:33.299",4624,"CP-AKT-002907",Negotiate,1176,"2025-03-21T06:22:46.4209062Z",5,Advapi,SYSTEM
"Mar 21, 2025 @ 11:39:33.280",4624,"CP-AKT-002907",Negotiate,1176,"2025-03-21T06:22:45.8215677Z",5,Advapi,SYSTEM
"Mar 21, 2025 @ 11:39:33.246",4624,"CP-AKT-002907",Negotiate,1176,"2025-03-21T06:22:45.6233988Z",5,Advapi,SYSTEM
"Mar 21, 2025 @ 11:39:33.246",4624,"CP-AKT000209",Negotiate,1184,"2025-03-20T17:01:36.3214049Z",5,Advapi,SYSTEM
"Mar 21, 2025 @ 11:39:33.215",4624,"CP-AKT000209",Negotiate,1184,"2025-03-20T16:55:57.6204300Z",5,Advapi,SYSTEM
"Mar 21, 2025 @ 11:39:33.212",4624,"CP-AKT-002907",Negotiate,1176,"2025-03-21T06:22:45.3892529Z",5,Advapi,SYSTEM
"Mar 21, 2025 @ 11:39:33.180",4624,"CP-AKT-002907",Negotiate,1176,"2025-03-21T06:21:49.9889796Z",5,Advapi,SYSTEM
"Mar 21, 2025 @ 11:39:33.163",4624,"CP-AKT-002907",Negotiate,1176,"2025-03-21T06:21:49.3761972Z",5,Advapi,SYSTEM
"Mar 21, 2025 @ 11:39:33.131",4624,"CP-AKT-002907",Negotiate,1176,"2025-03-21T05:56:14.2721756Z",5,Advapi,SYSTEM
"Mar 21, 2025 @ 11:39:33.097",4624,"CP-AKT-002907",Negotiate,1176,"2025-03-21T05:52:01.9526978Z",5,Advapi,SYSTEM
"Mar 21, 2025 @ 11:39:33.080",4625,"CP-AKT-002907",NTLM,1176,"2025-03-21T05:51:14.9367659Z",3,NtLmSsp,Administrator
"Mar 21, 2025 @ 11:39:33.062",4625,"CP-AKT-002907",NTLM,1176,"2025-03-21T05:51:13.9133761Z",3,NtLmSsp,Administrator
"Mar 21, 2025 @ 11:39:33.046",4625,"CP-AKT-002907",NTLM,1176,"2025-03-21T05:51:12.8914707Z",3,NtLmSsp,Administrator
"Mar 21, 2025 @ 11:39:33.014",4624,"CP-AKT-002907",Negotiate,1176,"2025-03-21T05:47:01.4689796Z",5,Advapi,SYSTEM
"Mar 21, 2025 @ 11:39:32.997",4624,"CP-AKT-002907",Negotiate,1176,"2025-03-21T05:29:17.5937362Z",5,Advapi,SYSTEM
"Mar 21, 2025 @ 11:39:32.963",4624,"CP-AKT-002907",Negotiate,1176,"2025-03-21T05:15:20.7995333Z",5,Advapi,SYSTEM
"Mar 21, 2025 @ 11:39:32.930",4624,"CP-AKT-002907",Negotiate,1176,"2025-03-21T04:52:01.8957353Z",5,Advapi,SYSTEM
"Mar 21, 2025 @ 11:39:32.912",4625,"CP-AKT-002907",NTLM,1176,"2025-03-21T04:50:54.9689822Z",3,NtLmSsp,Administrator
"Mar 21, 2025 @ 11:39:32.894",4625,"CP-AKT-002907",NTLM,1176,"2025-03-21T04:50:53.9548065Z",3,NtLmSsp,Administrator
"Mar 21, 2025 @ 11:39:32.878",4625,"CP-AKT-002907",NTLM,1176,"2025-03-21T04:50:52.9394476Z",3,NtLmSsp,Administrator
"Mar 21, 2025 @ 11:39:32.875",4624,"CP-AKT-002931",Negotiate,1044,"2025-03-20T09:59:38.6536471Z",5,Advapi,SYSTEM
"Mar 21, 2025 @ 11:39:32.861",4624,"CP-AKT-002931",Negotiate,1044,"2025-03-20T09:35:53.9155132Z",5,Advapi,SYSTEM
"Mar 21, 2025 @ 11:39:32.846",4624,"CP-AKT-002907",Negotiate,1176,"2025-03-21T04:45:50.5453375Z",5,Advapi,SYSTEM
"Mar 21, 2025 @ 11:39:32.814",4624,"CP-AKT-002907",Negotiate,1176,"2025-03-21T04:32:05.5889540Z",5,Advapi,SYSTEM
"Mar 21, 2025 @ 11:39:32.796",4624,"CP-AKT-002907",Negotiate,1176,"2025-03-21T04:21:49.5973798Z",5,Advapi,SYSTEM
"Mar 21, 2025 @ 11:39:32.764",4624,"CP-AKT-002907",Negotiate,1176,"2025-03-21T04:03:06.5476589Z",5,Advapi,SYSTEM
"Mar 21, 2025 @ 11:39:32.746",4624,"CP-AKT-002907",Negotiate,1176,"2025-03-21T03:52:01.7984677Z",5,Advapi,SYSTEM
"Mar 21, 2025 @ 11:39:32.743",4625,"CP-AKT-002907",NTLM,1176,"2025-03-21T03:48:34.7471351Z",3,NtLmSsp,Administrator
"Mar 21, 2025 @ 11:39:32.740",4625,"CP-AKT-002907",NTLM,1176,"2025-03-21T03:48:33.7224561Z",3,NtLmSsp,Administrator
"Mar 21, 2025 @ 11:39:32.725",4625,"CP-AKT-002907",NTLM,1176,"2025-03-21T03:48:32.6943549Z",3,NtLmSsp,Administrator
"Mar 21, 2025 @ 11:39:32.706",4624,"CP-AKT-002907",Negotiate,1176,"2025-03-21T03:18:01.3168721Z",5,Advapi,SYSTEM
"Mar 21, 2025 @ 11:39:32.690",4624,"CP-AKT-002907",Negotiate,1176,"2025-03-21T03:04:51.7966887Z",5,Advapi,SYSTEM
"Mar 21, 2025 @ 11:39:32.675",4624,"CP-AKT-002907",Negotiate,1176,"2025-03-21T02:58:31.1176188Z",5,Advapi,SYSTEM
"Mar 21, 2025 @ 11:39:32.644",4624,"CP-AKT-002907",Negotiate,1176,"2025-03-21T02:52:01.6124409Z",5,Advapi,SYSTEM
"Mar 21, 2025 @ 11:39:32.629",4625,"CP-AKT-002907",NTLM,1176,"2025-03-21T02:48:34.7843769Z",3,NtLmSsp,Administrator
"Mar 21, 2025 @ 11:39:32.614",4625,"CP-AKT-002907",NTLM,1176,"2025-03-21T02:48:33.7659777Z",3,NtLmSsp,Administrator
"Mar 21, 2025 @ 11:39:32.599",4625,"CP-AKT-002907",NTLM,1176,"2025-03-21T02:48:32.7395694Z",3,NtLmSsp,Administrator
"Mar 21, 2025 @ 11:39:32.419",4624,"CP-AKT000209",Negotiate,1184,"2025-03-20T16:44:07.4073132Z",5,Advapi,SYSTEM
"Mar 21, 2025 @ 11:39:32.403",4625,"CP-AKT000209",NTLM,1184,"2025-03-20T16:36:54.1518595Z",3,NtLmSsp,Administrator
"Mar 21, 2025 @ 11:39:32.388",4625,"CP-AKT000209",NTLM,1184,"2025-03-20T16:36:53.1290543Z",3,NtLmSsp,Administrator
"Mar 21, 2025 @ 11:39:32.382",4624,"CP-AKT-002907",Negotiate,1176,"2025-03-21T02:45:20.6215045Z",5,Advapi,SYSTEM
"Mar 21, 2025 @ 11:39:32.371",4625,"CP-AKT000209",NTLM,1184,"2025-03-20T16:36:52.1090484Z",3,NtLmSsp,Administrator
"Mar 21, 2025 @ 11:39:32.345",4624,"CP-AKT-002907",Negotiate,1176,"2025-03-21T02:45:20.4962435Z",5,Advapi,SYSTEM
"Mar 21, 2025 @ 11:39:32.331",4624,"CP-AKT-002907",Negotiate,1176,"2025-03-21T02:45:12.0846827Z",5,Advapi,SYSTEM
"Mar 21, 2025 @ 11:39:32.300",4624,"CP-AKT-002907",Negotiate,1176,"2025-03-21T02:44:47.1001510Z",5,Advapi,SYSTEM
"Mar 21, 2025 @ 11:39:32.297",4624,"CP-AKT-002907",Negotiate,1176,"2025-03-21T01:57:41.0766438Z",5,Advapi,SYSTEM
"Mar 21, 2025 @ 11:39:32.263",4624,"CP-AKT-002907",Negotiate,1176,"2025-03-21T01:52:01.5855599Z",5,Advapi,SYSTEM
"Mar 21, 2025 @ 11:39:32.216",4624,"CP-AKT-002907",Negotiate,1176,"2025-03-21T01:49:21.7032078Z",5,Advapi,SYSTEM
"Mar 21, 2025 @ 11:39:32.196",4624,"CP-AKT-002907",Negotiate,1176,"2025-03-21T01:49:09.6629917Z",5,Advapi,SYSTEM
"Mar 21, 2025 @ 11:39:32.180",4625,"CP-AKT-002907",NTLM,1176,"2025-03-21T01:47:19.8665914Z",3,NtLmSsp,Administrator
"Mar 21, 2025 @ 11:39:32.165",4625,"CP-AKT-002907",NTLM,1176,"2025-03-21T01:47:18.8438512Z",3,NtLmSsp,Administrator
"Mar 21, 2025 @ 11:39:32.163",4625,"CP-AKT-002907",NTLM,1176,"2025-03-21T01:47:17.8169417Z",3,NtLmSsp,Administrator
"Mar 21, 2025 @ 11:39:32.129",4624,"CP-AKT-002907",Negotiate,1176,"2025-03-21T01:47:17.1204837Z",5,Advapi,SYSTEM
"Mar 21, 2025 @ 11:39:32.097",4624,"CP-AKT-002907",Negotiate,1176,"2025-03-21T01:43:22.8779131Z",5,Advapi,SYSTEM
"Mar 21, 2025 @ 11:39:32.027",4624,"CP-AKT-002907",Negotiate,1176,"2025-03-21T01:43:09.6826051Z",5,Advapi,SYSTEM
"Mar 21, 2025 @ 11:39:31.096",4625,"CP-AKT-002911",NTLM,1112,"2025-03-21T05:52:07.9903987Z",3,NtLmSsp,Administrator
"Mar 21, 2025 @ 11:39:31.065",4624,"CP-AKT-002911",Negotiate,1112,"2025-03-21T05:39:09.2920621Z",5,Advapi,SYSTEM
"Mar 21, 2025 @ 11:39:31.057",4624,"CP-AKT-002907",Negotiate,1176,"2025-03-21T00:01:24.8968316Z",5,Advapi,SYSTEM
"Mar 21, 2025 @ 11:39:31.033",4624,"CP-AKT-002911",Negotiate,1112,"2025-03-21T05:38:07.4095689Z",5,Advapi,SYSTEM
"Mar 21, 2025 @ 11:39:31.002",4624,"CP-AKT-002911",Negotiate,1112,"2025-03-21T05:13:19.2440083Z",5,Advapi,SYSTEM
"Mar 21, 2025 @ 11:39:30.990",4624,"CP-AKT-002907",Negotiate,1176,"2025-03-20T23:52:00.6084773Z",5,Advapi,SYSTEM
"Mar 21, 2025 @ 11:39:30.971",4624,"CP-AKT-002911",Negotiate,1112,"2025-03-21T04:53:50.1646613Z",5,Advapi,SYSTEM
"Mar 21, 2025 @ 11:39:30.955",4625,"CP-AKT-002911",NTLM,1112,"2025-03-21T04:51:04.9908382Z",3,NtLmSsp,Administrator
"Mar 21, 2025 @ 11:39:30.943",4624,"CP-AKT-002907",Negotiate,1176,"2025-03-21T01:43:07.0464418Z",5,Advapi,SYSTEM
"Mar 21, 2025 @ 11:39:30.940",4625,"CP-AKT-002911",NTLM,1112,"2025-03-21T04:51:03.9612456Z",3,NtLmSsp,Administrator
"Mar 21, 2025 @ 11:39:30.940",4624,"CP-AKT-002907",Negotiate,1176,"2025-03-20T23:45:20.4464281Z",5,Advapi,SYSTEM
"Mar 21, 2025 @ 11:39:30.940",4625,"CP-AKT-002907",NTLM,1176,"2025-03-20T23:44:59.9526242Z",3,NtLmSsp,Administrator
"Mar 21, 2025 @ 11:39:30.924",4625,"CP-AKT-002911",NTLM,1112,"2025-03-21T04:51:02.9237442Z",3,NtLmSsp,Administrator
"Mar 21, 2025 @ 11:39:30.923",4625,"CP-AKT-002907",NTLM,1176,"2025-03-20T23:44:58.9311900Z",3,NtLmSsp,Administrator
"Mar 21, 2025 @ 11:39:30.912",4624,"CP-AKT-002907",Negotiate,1176,"2025-03-21T01:43:06.5926121Z",5,Advapi,SYSTEM
"Mar 21, 2025 @ 11:39:30.907",4625,"CP-AKT-002907",NTLM,1176,"2025-03-20T23:44:57.9063324Z",3,NtLmSsp,Administrator
"Mar 21, 2025 @ 11:39:30.896",4624,"CP-AKT-002907",Negotiate,1176,"2025-03-21T01:25:00.9338181Z",5,Advapi,SYSTEM
"Mar 21, 2025 @ 11:39:30.893",4624,"CP-AKT-002911",Negotiate,1112,"2025-03-21T04:13:08.9317289Z",5,Advapi,SYSTEM
"Mar 21, 2025 @ 11:39:30.879",4624,"CP-AKT-002907",Negotiate,1176,"2025-03-21T01:19:45.9488163Z",5,Advapi,SYSTEM
"Mar 21, 2025 @ 11:39:30.877",4625,"CP-AKT-002911",NTLM,1112,"2025-03-21T03:48:39.6672258Z",3,NtLmSsp,Administrator
"Mar 21, 2025 @ 11:39:30.861",4625,"CP-AKT-002911",NTLM,1112,"2025-03-21T03:48:38.6320048Z",3,NtLmSsp,Administrator
"Mar 21, 2025 @ 11:39:30.846",4625,"CP-AKT-002911",NTLM,1112,"2025-03-21T03:48:37.5914107Z",3,NtLmSsp,Administrator
"Mar 21, 2025 @ 11:39:30.843",4624,"CP-AKT-002907",Negotiate,1176,"2025-03-21T00:52:00.6436496Z",5,Advapi,SYSTEM
"Mar 21, 2025 @ 11:39:30.828",4625,"CP-AKT-002907",NTLM,1176,"2025-03-21T00:43:54.3921712Z",3,NtLmSsp,Administrator
"Mar 21, 2025 @ 11:39:30.818",4624,"CP-AKT-002907",Negotiate,1176,"2025-03-20T23:23:45.1391603Z",5,Advapi,SYSTEM
"Mar 21, 2025 @ 11:39:30.815",4624,"CP-AKT-002911",Negotiate,1112,"2025-03-21T03:39:09.2948039Z",5,Advapi,SYSTEM
"Mar 21, 2025 @ 11:39:30.813",4625,"CP-AKT-002907",NTLM,1176,"2025-03-21T00:43:53.3758092Z",3,NtLmSsp,Administrator
"Mar 21, 2025 @ 11:39:30.797",4625,"CP-AKT-002907",NTLM,1176,"2025-03-21T00:43:52.3566838Z",3,NtLmSsp,Administrator
"Mar 21, 2025 @ 11:39:30.790",4624,"CP-AKT-002907",Negotiate,1176,"2025-03-20T23:23:45.0607717Z",5,Advapi,SYSTEM
"Mar 21, 2025 @ 11:39:30.783",4624,"CP-AKT-002911",Negotiate,1112,"2025-03-21T03:12:58.5152104Z",5,Advapi,SYSTEM
"Mar 21, 2025 @ 11:39:30.779",4624,"CP-AKT-002907",Negotiate,1176,"2025-03-21T00:31:24.8199998Z",5,Advapi,SYSTEM
"Mar 21, 2025 @ 11:39:30.768",4625,"CP-AKT-002911",NTLM,1112,"2025-03-21T02:48:54.6961663Z",3,NtLmSsp,Administrator
"Mar 21, 2025 @ 11:39:30.756",4624,"CP-AKT-002907",Negotiate,1176,"2025-03-20T23:21:34.5355772Z",5,Advapi,SYSTEM
"Mar 21, 2025 @ 11:39:30.752",4625,"CP-AKT-002911",NTLM,1112,"2025-03-21T02:48:53.6730396Z",3,NtLmSsp,Administrator
"Mar 21, 2025 @ 11:39:30.747",4624,"CP-AKT-002907",Negotiate,1176,"2025-03-21T00:18:24.1041845Z",5,Advapi,SYSTEM
"Mar 21, 2025 @ 11:39:30.746",4624,"CP-AKT-002911",Negotiate,1112,"2025-03-21T06:13:29.4515100Z",5,Advapi,SYSTEM
"Mar 21, 2025 @ 11:39:30.738",4624,"CP-AKT-002907",Negotiate,1176,"2025-03-20T22:52:59.1421541Z",5,Advapi,SYSTEM
"Mar 21, 2025 @ 11:39:30.736",4625,"CP-AKT-002911",NTLM,1112,"2025-03-21T02:48:52.6441151Z",3,NtLmSsp,Administrator
"Mar 21, 2025 @ 11:39:30.714",4624,"CP-AKT-002911",Negotiate,1112,"2025-03-21T05:57:17.2157115Z",5,Advapi,SYSTEM
"Mar 21, 2025 @ 11:39:30.705",4624,"CP-AKT-002907",Negotiate,1176,"2025-03-20T22:52:00.6257012Z",5,Advapi,SYSTEM
"Mar 21, 2025 @ 11:39:30.705",4624,"CP-AKT-002911",Negotiate,1112,"2025-03-21T02:12:48.3801230Z",5,Advapi,SYSTEM
"Mar 21, 2025 @ 11:39:30.695",4624,"CP-AKT-002907",Negotiate,1176,"2025-03-21T00:11:48.5890944Z",5,Advapi,SYSTEM
"Mar 21, 2025 @ 11:39:30.690",4625,"CP-AKT-002911",NTLM,1112,"2025-03-21T01:47:29.8439101Z",3,NtLmSsp,Administrator
"Mar 21, 2025 @ 11:39:30.684",4624,"CP-AKT-002911",Negotiate,1112,"2025-03-21T05:57:14.4527593Z",5,Advapi,SYSTEM
"Mar 21, 2025 @ 11:39:30.674",4625,"CP-AKT-002911",NTLM,1112,"2025-03-21T01:47:28.7894296Z",3,NtLmSsp,Administrator
"Mar 21, 2025 @ 11:39:30.672",4624,"CP-AKT-002907",Negotiate,1176,"2025-03-20T22:51:14.5809925Z",5,Advapi,SYSTEM
"Mar 21, 2025 @ 11:39:30.668",4625,"CP-AKT-002911",NTLM,1112,"2025-03-21T05:52:10.0600252Z",3,NtLmSsp,Administrator
"Mar 21, 2025 @ 11:39:30.659",4625,"CP-AKT-002911",NTLM,1112,"2025-03-21T01:47:27.7250430Z",3,NtLmSsp,Administrator
"Mar 21, 2025 @ 11:39:30.656",4625,"CP-AKT-002907",NTLM,1176,"2025-03-20T22:43:59.7631843Z",3,NtLmSsp,Administrator
"Mar 21, 2025 @ 11:39:30.653",4625,"CP-AKT-002911",NTLM,1112,"2025-03-21T05:52:09.0229271Z",3,NtLmSsp,Administrator
"Mar 21, 2025 @ 11:39:30.640",4625,"CP-AKT-002907",NTLM,1176,"2025-03-20T22:43:58.7379965Z",3,NtLmSsp,Administrator
"Mar 21, 2025 @ 11:39:30.627",4624,"CP-AKT-002911",Negotiate,1112,"2025-03-21T01:39:09.6675945Z",5,Advapi,SYSTEM
"Mar 21, 2025 @ 11:39:30.623",4625,"CP-AKT-002907",NTLM,1176,"2025-03-20T22:43:57.7243047Z",3,NtLmSsp,Administrator
"Mar 21, 2025 @ 11:39:30.596",4624,"CP-AKT-002911",Negotiate,1112,"2025-03-21T01:39:09.1835066Z",5,Advapi,SYSTEM
"Mar 21, 2025 @ 11:39:30.589",4624,"CP-AKT-002907",Negotiate,1176,"2025-03-20T22:16:14.4796553Z",5,Advapi,SYSTEM
"Mar 21, 2025 @ 11:39:30.565",4624,"CP-AKT-002911",Negotiate,1112,"2025-03-21T01:25:02.1875181Z",5,Advapi,SYSTEM
"Mar 21, 2025 @ 11:39:30.557",4624,"CP-AKT-002907",Negotiate,1176,"2025-03-20T21:52:18.3821142Z",5,Advapi,SYSTEM
"Mar 21, 2025 @ 11:39:30.538",4624,"CP-AKT-002907",Negotiate,1176,"2025-03-20T21:52:00.5723425Z",5,Advapi,SYSTEM
"Mar 21, 2025 @ 11:39:30.533",4624,"CP-AKT-002911",Negotiate,1112,"2025-03-21T01:12:38.2578322Z",5,Advapi,SYSTEM
"Mar 21, 2025 @ 11:39:30.522",4625,"CP-AKT-002907",NTLM,1176,"2025-03-20T21:42:44.7876109Z",3,NtLmSsp,Administrator
"Mar 21, 2025 @ 11:39:30.506",4625,"CP-AKT-002907",NTLM,1176,"2025-03-20T21:42:43.7690613Z",3,NtLmSsp,Administrator
"Mar 21, 2025 @ 11:39:30.503",4624,"CP-AKT-002911",Negotiate,1112,"2025-03-21T00:56:18.6671568Z",5,Advapi,SYSTEM
"Mar 21, 2025 @ 11:39:30.489",4625,"CP-AKT-002907",NTLM,1176,"2025-03-20T21:42:42.7556705Z",3,NtLmSsp,Administrator
"Mar 21, 2025 @ 11:39:30.487",4625,"CP-AKT-002911",NTLM,1112,"2025-03-21T00:43:59.4098229Z",3,NtLmSsp,Administrator
"Mar 21, 2025 @ 11:39:30.471",4625,"CP-AKT-002911",NTLM,1112,"2025-03-21T00:43:58.3559297Z",3,NtLmSsp,Administrator
"Mar 21, 2025 @ 11:39:30.457",4624,"CP-AKT-002907",Negotiate,1176,"2025-03-20T21:42:30.1195594Z",5,Advapi,SYSTEM
"Mar 21, 2025 @ 11:39:30.456",4625,"CP-AKT-002911",NTLM,1112,"2025-03-21T00:43:57.3077468Z",3,NtLmSsp,Administrator
"Mar 21, 2025 @ 11:39:30.424",4624,"CP-AKT-002911",Negotiate,1112,"2025-03-21T00:12:28.0870461Z",5,Advapi,SYSTEM
"Mar 21, 2025 @ 11:39:30.422",4624,"CP-AKT-002907",Negotiate,1176,"2025-03-20T21:30:27.0290792Z",5,Advapi,SYSTEM
"Mar 21, 2025 @ 11:39:30.389",4624,"CP-AKT-002907",Negotiate,1176,"2025-03-20T21:24:30.0500214Z",5,Advapi,SYSTEM
"Mar 21, 2025 @ 11:39:30.355",4624,"CP-AKT-002907",Negotiate,1176,"2025-03-20T20:53:26.8684816Z",5,Advapi,SYSTEM
"Mar 21, 2025 @ 11:39:30.322",4624,"CP-AKT-002907",Negotiate,1176,"2025-03-20T20:52:00.5370532Z",5,Advapi,SYSTEM
"Mar 21, 2025 @ 11:39:30.315",4624,"CP-AKT-002911",Negotiate,1112,"2025-03-20T23:57:49.5437812Z",5,Advapi,SYSTEM
"Mar 21, 2025 @ 11:39:30.284",4624,"CP-AKT-002911",Negotiate,1112,"2025-03-20T23:57:49.4662190Z",5,Advapi,SYSTEM
"Mar 21, 2025 @ 11:39:30.268",4625,"CP-AKT-002911",NTLM,1112,"2025-03-20T23:45:15.0198921Z",3,NtLmSsp,Administrator
"Mar 21, 2025 @ 11:39:30.252",4625,"CP-AKT-002911",NTLM,1112,"2025-03-20T23:45:13.9752198Z",3,NtLmSsp,Administrator
"Mar 21, 2025 @ 11:39:30.237",4625,"CP-AKT-002911",NTLM,1112,"2025-03-20T23:45:12.9263186Z",3,NtLmSsp,Administrator
"Mar 21, 2025 @ 11:39:30.206",4624,"CP-AKT-002911",Negotiate,1112,"2025-03-20T23:39:09.1545714Z",5,Advapi,SYSTEM
"Mar 21, 2025 @ 11:39:30.174",4624,"CP-AKT-002911",Negotiate,1112,"2025-03-20T23:26:21.3527693Z",5,Advapi,SYSTEM
"Mar 21, 2025 @ 11:39:30.143",4624,"CP-AKT-002911",Negotiate,1112,"2025-03-20T23:12:17.9398024Z",5,Advapi,SYSTEM
"Mar 21, 2025 @ 11:39:30.127",4625,"CP-AKT-002911",NTLM,1112,"2025-03-20T22:44:17.6587508Z",3,NtLmSsp,Administrator
"Mar 21, 2025 @ 11:39:30.112",4625,"CP-AKT-002911",NTLM,1112,"2025-03-20T22:44:16.6290654Z",3,NtLmSsp,Administrator
"Mar 21, 2025 @ 11:39:30.096",4625,"CP-AKT-002911",NTLM,1112,"2025-03-20T22:44:15.5923924Z",3,NtLmSsp,Administrator
"Mar 21, 2025 @ 11:39:30.065",4624,"CP-AKT-002911",Negotiate,1112,"2025-03-20T22:12:07.7783588Z",5,Advapi,SYSTEM
"Mar 21, 2025 @ 11:39:30.050",4625,"CP-AKT-002911",NTLM,1112,"2025-03-20T21:43:39.8655113Z",3,NtLmSsp,Administrator
"Mar 21, 2025 @ 11:39:30.034",4625,"CP-AKT-002911",NTLM,1112,"2025-03-20T21:43:38.8270666Z",3,NtLmSsp,Administrator
"Mar 21, 2025 @ 11:39:30.018",4625,"CP-AKT-002911",NTLM,1112,"2025-03-20T21:43:37.7954241Z",3,NtLmSsp,Administrator
"Mar 21, 2025 @ 11:39:29.987",4624,"CP-AKT-002911",Negotiate,1112,"2025-03-20T21:39:09.1520326Z",5,Advapi,SYSTEM
"Mar 21, 2025 @ 11:39:29.956",4624,"CP-AKT-002911",Negotiate,1112,"2025-03-20T21:25:40.0014698Z",5,Advapi,SYSTEM
"Mar 21, 2025 @ 11:39:29.940",4625,"CP-AKT-002907",NTLM,1176,"2025-03-20T20:41:39.7655443Z",3,NtLmSsp,Administrator
"Mar 21, 2025 @ 11:39:29.925",4624,"CP-AKT-002911",Negotiate,1112,"2025-03-20T21:11:57.5675218Z",5,Advapi,SYSTEM
"Mar 21, 2025 @ 11:39:29.909",4625,"CP-AKT-002911",NTLM,1112,"2025-03-20T20:42:34.8024318Z",3,NtLmSsp,Administrator
"Mar 21, 2025 @ 11:39:29.895",4625,"CP-AKT-002911",NTLM,1112,"2025-03-20T20:42:33.7715557Z",3,NtLmSsp,Administrator
"Mar 21, 2025 @ 11:39:29.878",4625,"CP-AKT-002911",NTLM,1112,"2025-03-20T20:42:32.7430570Z",3,NtLmSsp,Administrator
"Mar 21, 2025 @ 11:39:29.857",4625,"CP-AKT-002907",NTLM,1176,"2025-03-20T20:41:38.7463653Z",3,NtLmSsp,Administrator
"Mar 21, 2025 @ 11:39:29.846",4624,"CP-AKT-002911",Negotiate,1112,"2025-03-20T20:11:47.3392106Z",5,Advapi,SYSTEM
"Mar 21, 2025 @ 11:39:29.833",4624,"DESKTOP-5JEIKFF",Negotiate,1016,"2025-03-21T06:39:27.4405722Z",5,Advapi,SYSTEM
"Mar 21, 2025 @ 11:39:29.831",4625,"CP-AKT-002911",NTLM,1112,"2025-03-20T19:40:24.6205341Z",3,NtLmSsp,Administrator
"Mar 21, 2025 @ 11:39:29.824",4625,"CP-AKT-002907",NTLM,1176,"2025-03-20T20:41:37.7279774Z",3,NtLmSsp,Administrator
"Mar 21, 2025 @ 11:39:29.815",4625,"CP-AKT-002911",NTLM,1112,"2025-03-20T19:40:23.5865295Z",3,NtLmSsp,Administrator
"Mar 21, 2025 @ 11:39:29.800",4625,"CP-AKT-002911",NTLM,1112,"2025-03-20T19:40:22.5547358Z",3,NtLmSsp,Administrator
"Mar 21, 2025 @ 11:39:29.768",4624,"CP-AKT-002911",Negotiate,1112,"2025-03-20T19:39:09.6358752Z",5,Advapi,SYSTEM
"Mar 21, 2025 @ 11:39:29.758",4624,"CP-AKT-002907",Negotiate,1176,"2025-03-20T20:30:24.4424073Z",5,Advapi,SYSTEM
"Mar 21, 2025 @ 11:39:29.737",4624,"CP-AKT-002911",Negotiate,1112,"2025-03-20T19:39:09.1122889Z",5,Advapi,SYSTEM
"Mar 21, 2025 @ 11:39:29.714",4624,"CP-AKT-002907",Negotiate,1176,"2025-03-20T20:24:49.4363340Z",5,Advapi,SYSTEM
"Mar 21, 2025 @ 11:39:29.674",4624,"CP-AKT-002911",Negotiate,1112,"2025-03-20T19:08:22.5227959Z",5,Advapi,SYSTEM
"Mar 21, 2025 @ 11:39:29.643",4624,"CP-AKT-002911",Negotiate,1112,"2025-03-20T19:08:18.3038573Z",5,Advapi,SYSTEM
"Mar 21, 2025 @ 11:39:29.632",4624,"CP-AKT-002907",Negotiate,1176,"2025-03-20T19:52:00.4632586Z",5,Advapi,SYSTEM
"Mar 21, 2025 @ 11:39:29.628",4625,"CP-AKT-002911",NTLM,1112,"2025-03-20T18:40:09.4207677Z",3,NtLmSsp,Administrator
"Mar 21, 2025 @ 11:39:29.612",4625,"CP-AKT-002911",NTLM,1112,"2025-03-20T18:40:08.3902614Z",3,NtLmSsp,Administrator
"Mar 21, 2025 @ 11:39:29.596",4625,"CP-AKT-002911",NTLM,1112,"2025-03-20T18:40:07.3500280Z",3,NtLmSsp,Administrator
"Mar 21, 2025 @ 11:39:29.587",4624,"CP-AKT-002907",Negotiate,1176,"2025-03-20T19:39:23.0437883Z",5,Advapi,SYSTEM
"Mar 21, 2025 @ 11:39:29.571",4624,"CP-AKT-002911",Negotiate,1112,"2025-03-20T18:11:26.5669011Z",5,Advapi,SYSTEM
"Mar 21, 2025 @ 11:39:29.570",4624,"CP-AKT-002911",Negotiate,1112,"2025-03-20T17:39:09.1421482Z",5,Advapi,SYSTEM
"Mar 21, 2025 @ 11:39:29.570",4625,"CP-AKT-002907",NTLM,1176,"2025-03-20T19:39:19.5602159Z",3,NtLmSsp,Administrator
"Mar 21, 2025 @ 11:39:29.569",4625,"CP-AKT-002911",NTLM,1112,"2025-03-20T17:37:59.0941682Z",3,NtLmSsp,Administrator
"Mar 21, 2025 @ 11:39:29.503",4625,"CP-AKT-002911",NTLM,1112,"2025-03-20T17:37:58.0668898Z",3,NtLmSsp,Administrator
"Mar 21, 2025 @ 11:39:29.487",4625,"CP-AKT-002911",NTLM,1112,"2025-03-20T17:37:57.0390824Z",3,NtLmSsp,Administrator
"Mar 21, 2025 @ 11:39:29.485",4625,"CP-AKT-002907",NTLM,1176,"2025-03-20T19:39:18.5384840Z",3,NtLmSsp,Administrator
"Mar 21, 2025 @ 11:39:29.456",4624,"CP-AKT-002911",Negotiate,1112,"2025-03-20T17:26:20.8237966Z",5,Advapi,SYSTEM
"Mar 21, 2025 @ 11:39:29.438",4625,"CP-AKT-002907",NTLM,1176,"2025-03-20T19:39:17.5112302Z",3,NtLmSsp,Administrator
"Mar 21, 2025 @ 11:39:29.425",4624,"CP-AKT-002911",Negotiate,1112,"2025-03-20T17:10:37.8182883Z",5,Advapi,SYSTEM
"Mar 21, 2025 @ 11:39:29.393",4624,"CP-AKT-002911",Negotiate,1112,"2025-03-20T16:51:03.9146525Z",5,Advapi,SYSTEM
"Mar 21, 2025 @ 11:39:29.352",4624,"CP-AKT-002907",Negotiate,1176,"2025-03-20T19:34:14.1210454Z",5,Advapi,SYSTEM
"Mar 21, 2025 @ 11:39:29.254",4624,"CP-AKT-002907",Negotiate,1176,"2025-03-20T19:29:55.6604339Z",5,Advapi,SYSTEM
"Mar 21, 2025 @ 11:39:29.159",4624,"CP-AKT-002911",Negotiate,1112,"2025-03-20T16:50:54.7246595Z",5,Advapi,SYSTEM
"Mar 21, 2025 @ 11:39:29.140",4624,"CP-AKT-002907",Negotiate,1176,"2025-03-20T19:24:57.1312480Z",5,Advapi,SYSTEM
"Mar 21, 2025 @ 11:39:29.128",4624,"CP-AKT-002911",Negotiate,1112,"2025-03-20T16:42:28.8127805Z",5,Advapi,SYSTEM
"Mar 21, 2025 @ 11:39:29.097",4624,"CP-AKT-002911",Negotiate,1112,"2025-03-20T16:37:27.1676741Z",5,Advapi,SYSTEM
"Mar 21, 2025 @ 11:39:29.047",4624,"CP-AKT-002907",Negotiate,1176,"2025-03-20T19:09:05.5522428Z",5,Advapi,SYSTEM
"Mar 21, 2025 @ 11:39:29.008",4624,"CP-AKT-002907",Negotiate,1176,"2025-03-20T18:59:44.9471283Z",5,Advapi,SYSTEM
"Mar 21, 2025 @ 11:39:28.988",4624,"CP-AKT-002911",Negotiate,1112,"2025-03-20T16:36:52.6553263Z",5,Advapi,SYSTEM
"Mar 21, 2025 @ 11:39:28.962",4624,"CP-AKT-002907",Negotiate,1176,"2025-03-20T18:52:25.9032548Z",5,Advapi,SYSTEM
"Mar 21, 2025 @ 11:39:28.839",4624,"CP-AKT-002907",Negotiate,1176,"2025-03-20T18:52:00.3800393Z",5,Advapi,SYSTEM
"Mar 21, 2025 @ 11:39:28.800",4624,"CP-AKT-002911",Negotiate,1112,"2025-03-20T16:36:52.4068756Z",5,Advapi,SYSTEM
"Mar 21, 2025 @ 11:39:28.784",4625,"CP-AKT-002911",NTLM,1112,"2025-03-20T16:34:28.7655461Z",3,NtLmSsp,Administrator
"Mar 21, 2025 @ 11:39:28.770",4625,"CP-AKT-002907",NTLM,1176,"2025-03-20T18:39:19.7129835Z",3,NtLmSsp,Administrator
"Mar 21, 2025 @ 11:39:28.769",4625,"CP-AKT-002911",NTLM,1112,"2025-03-20T16:34:27.7323539Z",3,NtLmSsp,Administrator
"Mar 21, 2025 @ 11:39:28.753",4625,"CP-AKT-002911",NTLM,1112,"2025-03-20T16:34:26.6960509Z",3,NtLmSsp,Administrator
"Mar 21, 2025 @ 11:39:28.724",4625,"CP-AKT-002907",NTLM,1176,"2025-03-20T18:39:18.6808407Z",3,NtLmSsp,Administrator
"Mar 21, 2025 @ 11:39:28.722",4624,"CP-AKT-002911",Negotiate,1112,"2025-03-20T16:19:08.3397783Z",5,Advapi,SYSTEM
"Mar 21, 2025 @ 11:39:28.691",4625,"CP-AKT-002907",NTLM,1176,"2025-03-20T18:39:17.6450790Z",3,NtLmSsp,Administrator
"Mar 21, 2025 @ 11:39:28.623",4624,"CP-AKT-002907",Negotiate,1176,"2025-03-20T18:05:08.8932603Z",5,Advapi,SYSTEM
"Mar 21, 2025 @ 11:39:28.530",4624,"CP-AKT-002907",Negotiate,1176,"2025-03-20T17:52:00.1082417Z",5,Advapi,SYSTEM
"Mar 21, 2025 @ 11:39:28.433",4624,"CP-AKT-002907",Negotiate,1176,"2025-03-20T17:50:57.4108959Z",5,Advapi,SYSTEM
"Mar 21, 2025 @ 11:39:28.373",4624,"CP-AKT-002907",Negotiate,1176,"2025-03-20T17:38:10.3639542Z",5,Advapi,SYSTEM
"Mar 21, 2025 @ 11:39:28.359",4625,"CP-AKT-002907",NTLM,1176,"2025-03-20T17:36:49.1695735Z",3,NtLmSsp,Administrator
"Mar 21, 2025 @ 11:39:28.340",4625,"CP-AKT-002907",NTLM,1176,"2025-03-20T17:36:48.1519205Z",3,NtLmSsp,Administrator
"Mar 21, 2025 @ 11:39:28.323",4625,"CP-AKT-002907",NTLM,1176,"2025-03-20T17:36:47.1367734Z",3,NtLmSsp,Administrator
"Mar 21, 2025 @ 11:39:28.302",4624,"CP-AKT-002907",Negotiate,1176,"2025-03-20T17:32:00.5874649Z",5,Advapi,SYSTEM
"Mar 21, 2025 @ 11:39:28.271",4624,"CP-AKT-002907",Negotiate,1176,"2025-03-20T17:24:54.1921148Z",5,Advapi,SYSTEM
"Mar 21, 2025 @ 11:39:28.240",4624,"CP-AKT-002907",Negotiate,1176,"2025-03-20T17:13:54.6547879Z",5,Advapi,SYSTEM
"Mar 21, 2025 @ 11:39:27.408",4624,"CP-AKT-002907",Negotiate,1176,"2025-03-20T17:10:07.6675435Z",5,Advapi,SYSTEM
"Mar 21, 2025 @ 11:39:27.368",4624,"CP-AKT-002907",Negotiate,1176,"2025-03-20T17:10:06.6358039Z",5,Advapi,SYSTEM
"Mar 21, 2025 @ 11:39:27.306",4624,"CP-AKT-002907",Negotiate,1176,"2025-03-20T17:09:43.1328247Z",11,CredPro,Administrator
"Mar 21, 2025 @ 11:39:27.123",4624,"CP-AKT-002912",Negotiate,1204,"2025-03-21T06:33:29.5270781Z",5,Advapi,SYSTEM
"Mar 21, 2025 @ 11:39:27.107",4624,"CP-AKT-002907",Negotiate,1176,"2025-03-20T17:09:28.5937862Z",5,Advapi,SYSTEM
"Mar 21, 2025 @ 11:39:27.102",4624,"CP-AKT-002907",Negotiate,1176,"2025-03-20T16:51:59.3183455Z",5,Advapi,SYSTEM
"Mar 21, 2025 @ 11:39:27.092",4624,"CP-AKT-002912",Negotiate,1204,"2025-03-21T06:31:15.0411225Z",5,Advapi,SYSTEM
"Mar 21, 2025 @ 11:39:27.071",4624,"CP-AKT-002907",Negotiate,1176,"2025-03-20T16:46:12.1329363Z",5,Advapi,SYSTEM
"Mar 21, 2025 @ 11:39:27.061",4624,"CP-AKT-002912",Negotiate,1204,"2025-03-21T06:26:49.4711159Z",5,Advapi,SYSTEM
"Mar 21, 2025 @ 11:39:26.932",4624,"CP-AKT-002907",Negotiate,1176,"2025-03-20T16:39:08.3281959Z",5,Advapi,SYSTEM
"Mar 21, 2025 @ 11:39:26.917",4625,"CP-AKT-002907",NTLM,1176,"2025-03-20T16:33:28.8743037Z",3,NtLmSsp,Administrator
"Mar 21, 2025 @ 11:39:26.902",4625,"CP-AKT-002907",NTLM,1176,"2025-03-20T16:33:27.8537089Z",3,NtLmSsp,Administrator
"Mar 21, 2025 @ 11:39:26.890",4625,"CP-AKT-002907",NTLM,1176,"2025-03-20T16:33:26.8308902Z",3,NtLmSsp,Administrator
"Mar 21, 2025 @ 11:39:26.858",4624,"CP-AKT-002907",Negotiate,1176,"2025-03-20T16:25:24.2379985Z",5,Advapi,SYSTEM
"Mar 21, 2025 @ 11:39:26.840",4624,"CP-AKT-002907",Negotiate,1176,"2025-03-20T16:22:41.6282306Z",5,Advapi,SYSTEM
"Mar 21, 2025 @ 11:39:26.824",4624,"CP-AKT-002907",Negotiate,1176,"2025-03-20T16:21:23.4437470Z",5,Advapi,SYSTEM
"Mar 21, 2025 @ 11:39:26.789",4624,"CP-AKT-002907",Negotiate,1176,"2025-03-20T16:21:23.3638016Z",5,Advapi,SYSTEM
"Mar 21, 2025 @ 11:39:26.781",4624,"CP-AKT-002912",Negotiate,1204,"2025-03-21T06:03:26.6493584Z",5,Advapi,SYSTEM
"Mar 21, 2025 @ 11:39:26.758",4624,"CP-AKT-002907",Negotiate,1176,"2025-03-20T16:21:00.5375204Z",5,Advapi,SYSTEM
"Mar 21, 2025 @ 11:39:26.729",4624,"CP-AKT-002907",Negotiate,1176,"2025-03-20T16:20:18.3631432Z",5,Advapi,SYSTEM
"Mar 21, 2025 @ 11:39:26.700",4624,"CP-AKT-002907",Negotiate,1176,"2025-03-20T16:17:22.6049908Z",5,Advapi,SYSTEM
"Mar 21, 2025 @ 11:39:26.672",4624,"CP-AKT-002912",Negotiate,1204,"2025-03-21T05:59:31.1205395Z",5,Advapi,SYSTEM
"Mar 21, 2025 @ 11:39:26.641",4624,"CP-AKT-002912",Negotiate,1204,"2025-03-21T05:59:18.6127232Z",5,Advapi,SYSTEM
"Mar 21, 2025 @ 11:39:26.485",4624,"CP-AKT-002912",Negotiate,1204,"2025-03-21T05:52:29.5019534Z",5,Advapi,SYSTEM
"Mar 21, 2025 @ 11:39:26.470",4625,"CP-AKT-002912",NTLM,1204,"2025-03-21T05:50:50.0041449Z",3,NtLmSsp,Administrator
"Mar 21, 2025 @ 11:39:26.454",4625,"CP-AKT-002912",NTLM,1204,"2025-03-21T05:50:48.9844031Z",3,NtLmSsp,Administrator
"Mar 21, 2025 @ 11:39:26.440",4625,"CP-AKT-002912",NTLM,1204,"2025-03-21T05:50:47.9666761Z",3,NtLmSsp,Administrator
"Mar 21, 2025 @ 11:39:26.423",4624,"CP-AKT-002912",Negotiate,1204,"2025-03-21T05:43:32.5120788Z",5,Advapi,SYSTEM
"Mar 21, 2025 @ 11:39:26.223",4624,"CP-AKT-002912",Negotiate,1204,"2025-03-21T05:26:12.1453469Z",5,Advapi,SYSTEM
"Mar 21, 2025 @ 11:39:26.207",4624,"CP-AKT-002912",Negotiate,1204,"2025-03-21T05:26:07.3828107Z",5,Advapi,SYSTEM
"Mar 21, 2025 @ 11:39:25.816",4625,"CP-AKT-002912",NTLM,1204,"2025-03-21T04:48:29.6818608Z",3,NtLmSsp,Administrator
"Mar 21, 2025 @ 11:39:25.800",4625,"CP-AKT-002912",NTLM,1204,"2025-03-21T04:48:28.6640419Z",3,NtLmSsp,Administrator
"Mar 21, 2025 @ 11:39:25.785",4625,"CP-AKT-002912",NTLM,1204,"2025-03-21T04:48:27.6354011Z",3,NtLmSsp,Administrator
"Mar 21, 2025 @ 11:39:25.769",4624,"CP-AKT-002912",Negotiate,1204,"2025-03-21T04:43:32.4845637Z",5,Advapi,SYSTEM
"Mar 21, 2025 @ 11:39:25.269",4625,"CP-AKT-002912",NTLM,1204,"2025-03-21T03:49:50.0879678Z",3,NtLmSsp,Administrator
"Mar 21, 2025 @ 11:39:25.254",4625,"CP-AKT-002912",NTLM,1204,"2025-03-21T03:49:49.0571612Z",3,NtLmSsp,Administrator
"Mar 21, 2025 @ 11:39:25.239",4625,"CP-AKT-002912",NTLM,1204,"2025-03-21T03:49:48.0271929Z",3,NtLmSsp,Administrator
"Mar 21, 2025 @ 11:39:25.208",4624,"CP-AKT-002912",Negotiate,1204,"2025-03-21T03:43:32.4068933Z",5,Advapi,SYSTEM
"Mar 21, 2025 @ 11:39:25.053",4624,"CP-AKT-002912",Negotiate,1204,"2025-03-21T03:35:06.2020121Z",5,Advapi,SYSTEM
"Mar 21, 2025 @ 11:39:25.021",4624,"CP-AKT-002912",Negotiate,1204,"2025-03-21T03:29:34.2853948Z",5,Advapi,SYSTEM
"Mar 21, 2025 @ 11:39:24.991",4624,"CP-AKT-002912",Negotiate,1204,"2025-03-21T03:25:05.8060444Z",5,Advapi,SYSTEM
"Mar 21, 2025 @ 11:39:24.850",4624,"CP-AKT-002912",Negotiate,1204,"2025-03-21T03:16:43.7328126Z",5,Advapi,SYSTEM
"Mar 21, 2025 @ 11:39:24.711",4624,"CP-AKT-002912",Negotiate,1204,"2025-03-21T03:15:30.0219405Z",5,Advapi,SYSTEM
"Mar 21, 2025 @ 11:39:24.680",4624,"CP-AKT-002912",Negotiate,1204,"2025-03-21T03:15:18.0987954Z",5,Advapi,SYSTEM
"Mar 21, 2025 @ 11:39:24.539",4624,"CP-AKT-002912",Negotiate,1204,"2025-03-21T03:04:35.8898645Z",5,Advapi,SYSTEM
"Mar 21, 2025 @ 11:39:24.508",4624,"CP-AKT-002912",Negotiate,1204,"2025-03-21T02:56:37.6446780Z",5,Advapi,SYSTEM
"Mar 21, 2025 @ 11:39:24.368",4624,"CP-AKT-002912",Negotiate,1204,"2025-03-21T02:51:02.3313776Z",5,Advapi,SYSTEM
"Mar 21, 2025 @ 11:39:24.164",4624,"CP-AKT-002912",Negotiate,1204,"2025-03-21T02:46:16.9245802Z",5,Advapi,SYSTEM
"Mar 21, 2025 @ 11:39:24.132",4624,"CP-AKT-002912",Negotiate,1204,"2025-03-21T02:46:16.7521881Z",5,Advapi,SYSTEM
"Mar 21, 2025 @ 11:39:24.102",4624,"CP-AKT-002912",Negotiate,1204,"2025-03-21T02:46:11.8725241Z",5,Advapi,SYSTEM
"Mar 21, 2025 @ 11:39:24.086",4625,"CP-AKT-002912",NTLM,1204,"2025-03-21T02:46:09.6293399Z",3,NtLmSsp,Administrator
"Mar 21, 2025 @ 11:39:24.071",4625,"CP-AKT-002912",NTLM,1204,"2025-03-21T02:46:08.6154957Z",3,NtLmSsp,Administrator
"Mar 21, 2025 @ 11:39:24.055",4625,"CP-AKT-002912",NTLM,1204,"2025-03-21T02:46:07.5961290Z",3,NtLmSsp,Administrator
"Mar 21, 2025 @ 11:39:24.021",4624,"CP-AKT-002912",Negotiate,1204,"2025-03-21T02:46:04.6529151Z",5,Advapi,SYSTEM
"Mar 21, 2025 @ 11:39:23.990",4624,"CP-AKT-002912",Negotiate,1204,"2025-03-21T02:43:31.6224397Z",5,Advapi,SYSTEM
"Mar 21, 2025 @ 11:39:23.835",4624,"CP-AKT-002912",Negotiate,1204,"2025-03-21T02:34:00.7891956Z",5,Advapi,SYSTEM
"Mar 21, 2025 @ 11:39:23.805",4624,"CP-AKT-002912",Negotiate,1204,"2025-03-21T02:23:24.3485964Z",5,Advapi,SYSTEM
"Mar 21, 2025 @ 11:39:23.646",4624,"CP-AKT-002912",Negotiate,1204,"2025-03-21T02:12:42.8875034Z",5,Advapi,SYSTEM
"Mar 21, 2025 @ 11:39:23.491",4624,"CP-AKT-002912",Negotiate,1204,"2025-03-21T02:06:18.7829783Z",5,Advapi,SYSTEM
"Mar 21, 2025 @ 11:39:23.461",4624,"CP-AKT-002912",Negotiate,1204,"2025-03-21T02:02:58.0787527Z",5,Advapi,SYSTEM
"Mar 21, 2025 @ 11:39:23.430",4624,"CP-AKT-002912",Negotiate,1204,"2025-03-21T02:02:58.0638768Z",5,Advapi,SYSTEM
"Mar 21, 2025 @ 11:39:23.399",4624,"CP-AKT-002912",Negotiate,1204,"2025-03-21T01:57:16.7021455Z",5,Advapi,SYSTEM
"Mar 21, 2025 @ 11:39:23.256",4625,"CP-AKT-002912",NTLM,1204,"2025-03-21T01:47:20.2001572Z",3,NtLmSsp,Administrator
"Mar 21, 2025 @ 11:39:23.241",4625,"CP-AKT-002912",NTLM,1204,"2025-03-21T01:47:19.1736875Z",3,NtLmSsp,Administrator
"Mar 21, 2025 @ 11:39:23.225",4625,"CP-AKT-002912",NTLM,1204,"2025-03-21T01:47:18.1542950Z",3,NtLmSsp,Administrator
"Mar 21, 2025 @ 11:39:23.195",4624,"CP-AKT-002912",Negotiate,1204,"2025-03-21T01:46:50.0760034Z",5,Advapi,SYSTEM
"Mar 21, 2025 @ 11:39:23.179",4624,"CP-AKT-002912",Negotiate,1204,"2025-03-21T01:42:29.8150483Z",5,Advapi,SYSTEM
"Mar 21, 2025 @ 11:39:23.163",4624,"CP-AKT-002912",Negotiate,1204,"2025-03-21T01:38:58.4353998Z",5,Advapi,SYSTEM
"Mar 21, 2025 @ 11:39:22.788",4624,"CP-AKT-002912",Negotiate,1204,"2025-03-21T01:04:23.5759226Z",5,Advapi,SYSTEM
"Mar 21, 2025 @ 11:39:22.755",4624,"CP-AKT-002912",Negotiate,1204,"2025-03-21T00:51:56.8868284Z",5,Advapi,SYSTEM
"Mar 21, 2025 @ 11:39:22.598",4624,"CP-AKT-002912",Negotiate,1204,"2025-03-21T00:49:04.0428066Z",5,Advapi,SYSTEM
"Mar 21, 2025 @ 11:39:22.567",4624,"CP-AKT-002912",Negotiate,1204,"2025-03-21T00:48:37.0409020Z",5,Advapi,SYSTEM
"Mar 21, 2025 @ 11:39:22.536",4624,"CP-AKT-002912",Negotiate,1204,"2025-03-21T00:48:36.1908827Z",5,Advapi,SYSTEM
"Mar 21, 2025 @ 11:39:22.507",4624,"CP-AKT-002912",Negotiate,1204,"2025-03-21T00:47:07.7170841Z",5,Advapi,SYSTEM
"Mar 21, 2025 @ 11:39:22.490",4624,"CP-AKT-002912",Negotiate,1204,"2025-03-21T00:47:07.7102121Z",5,Advapi,SYSTEM
"Mar 21, 2025 @ 11:39:22.475",4625,"CP-AKT-002912",NTLM,1204,"2025-03-21T00:46:15.0401613Z",3,NtLmSsp,Administrator
"Mar 21, 2025 @ 11:39:22.459",4625,"CP-AKT-002912",NTLM,1204,"2025-03-21T00:46:14.0213549Z",3,NtLmSsp,Administrator
"Mar 21, 2025 @ 11:39:22.444",4625,"CP-AKT-002912",NTLM,1204,"2025-03-21T00:46:12.9887451Z",3,NtLmSsp,Administrator
"Mar 21, 2025 @ 11:39:22.412",4624,"CP-AKT-002912",Negotiate,1204,"2025-03-21T00:40:47.6467752Z",5,Advapi,SYSTEM
"Mar 21, 2025 @ 11:39:22.381",4624,"CP-AKT-002912",Negotiate,1204,"2025-03-21T00:40:07.9690595Z",5,Advapi,SYSTEM
"Mar 21, 2025 @ 11:39:22.350",4624,"CP-AKT-002912",Negotiate,1204,"2025-03-21T00:38:18.7976782Z",5,Advapi,SYSTEM
"Mar 21, 2025 @ 11:39:22.239",4624,"CP-AKT-002912",Negotiate,1204,"2025-03-21T00:24:20.8689392Z",5,Advapi,SYSTEM
"Mar 21, 2025 @ 11:39:22.208",4624,"CP-AKT-002912",Negotiate,1204,"2025-03-21T00:24:16.5260589Z",5,Advapi,SYSTEM
"Mar 21, 2025 @ 11:39:21.956",4624,"CP-AKT-002912",Negotiate,1204,"2025-03-21T00:21:48.7841044Z",5,Advapi,SYSTEM
"Mar 21, 2025 @ 11:39:21.941",4624,"CP-AKT-002912",Negotiate,1204,"2025-03-21T00:21:46.8357264Z",5,Advapi,SYSTEM
"Mar 21, 2025 @ 11:39:21.801",4624,"CP-AKT-002912",Negotiate,1204,"2025-03-21T00:12:28.1990365Z",5,Advapi,SYSTEM
"Mar 21, 2025 @ 11:39:21.583",4625,"CP-AKT-002912",NTLM,1204,"2025-03-20T23:42:44.6761350Z",3,NtLmSsp,Administrator
"Mar 21, 2025 @ 11:39:21.567",4625,"CP-AKT-002912",NTLM,1204,"2025-03-20T23:42:43.6501168Z",3,NtLmSsp,Administrator
"Mar 21, 2025 @ 11:39:21.551",4625,"CP-AKT-002912",NTLM,1204,"2025-03-20T23:42:42.6304776Z",3,NtLmSsp,Administrator
"Mar 21, 2025 @ 11:39:21.427",4624,"CP-AKT-002912",Negotiate,1204,"2025-03-20T23:23:26.5954939Z",5,Advapi,SYSTEM
"Mar 21, 2025 @ 11:39:21.223",4624,"CP-AKT-002912",Negotiate,1204,"2025-03-20T23:06:20.2318031Z",5,Advapi,SYSTEM
"Mar 21, 2025 @ 11:39:21.191",4624,"CP-AKT-002912",Negotiate,1204,"2025-03-20T23:06:20.0916660Z",5,Advapi,SYSTEM
"Mar 21, 2025 @ 11:39:20.956",4625,"CP-AKT-002912",NTLM,1204,"2025-03-20T22:41:29.5060284Z",3,NtLmSsp,Administrator
"Mar 21, 2025 @ 11:39:20.940",4625,"CP-AKT-002912",NTLM,1204,"2025-03-20T22:41:28.4823232Z",3,NtLmSsp,Administrator
"Mar 21, 2025 @ 11:39:20.926",4625,"CP-AKT-002912",NTLM,1204,"2025-03-20T22:41:27.4506938Z",3,NtLmSsp,Administrator
"Mar 21, 2025 @ 11:39:20.784",4624,"CP-AKT-002912",Negotiate,1204,"2025-03-20T22:23:26.5585684Z",5,Advapi,SYSTEM
"Mar 21, 2025 @ 11:39:20.442",4624,"CP-AKT-002912",Negotiate,1204,"2025-03-20T22:00:01.6059558Z",5,Advapi,SYSTEM
"Mar 21, 2025 @ 11:39:20.318",4625,"CP-AKT-002912",NTLM,1204,"2025-03-20T21:40:23.5325494Z",3,NtLmSsp,Administrator
"Mar 21, 2025 @ 11:39:20.318",4625,"CP-AKT-002912",NTLM,1204,"2025-03-20T21:40:24.5567371Z",3,NtLmSsp,Administrator
"Mar 21, 2025 @ 11:39:20.301",4625,"CP-AKT-002912",NTLM,1204,"2025-03-20T21:40:22.4817132Z",3,NtLmSsp,Administrator
"Mar 21, 2025 @ 11:39:20.177",4624,"CP-AKT-002912",Negotiate,1204,"2025-03-20T21:23:26.5211314Z",5,Advapi,SYSTEM
"Mar 21, 2025 @ 11:39:19.785",4625,"CP-AKT-002912",NTLM,1204,"2025-03-20T20:39:14.5178990Z",3,NtLmSsp,Administrator
"Mar 21, 2025 @ 11:39:19.769",4625,"CP-AKT-002912",NTLM,1204,"2025-03-20T20:39:13.5017816Z",3,NtLmSsp,Administrator
"Mar 21, 2025 @ 11:39:19.754",4625,"CP-AKT-002912",NTLM,1204,"2025-03-20T20:39:12.4637353Z",3,NtLmSsp,Administrator
"Mar 21, 2025 @ 11:39:19.594",4624,"CP-AKT-002912",Negotiate,1204,"2025-03-20T20:24:08.3755653Z",5,Advapi,SYSTEM
"Mar 21, 2025 @ 11:39:19.563",4624,"CP-AKT-002912",Negotiate,1204,"2025-03-20T20:24:03.6245236Z",5,Advapi,SYSTEM
"Mar 21, 2025 @ 11:39:19.532",4624,"CP-AKT-002912",Negotiate,1204,"2025-03-20T20:23:26.5200918Z",5,Advapi,SYSTEM
"Mar 21, 2025 @ 11:39:19.436",4624,"CP-AKT-002912",Negotiate,1204,"2025-03-20T20:03:51.3322335Z",5,Advapi,SYSTEM
"Mar 21, 2025 @ 11:39:19.432",4624,"CP-AKT-002912",Negotiate,1204,"2025-03-20T20:03:45.8508290Z",5,Advapi,SYSTEM
"Mar 21, 2025 @ 11:39:19.427",4624,"CP-AKT-002912",Negotiate,1204,"2025-03-20T20:01:26.6365943Z",5,Advapi,SYSTEM
"Mar 21, 2025 @ 11:39:19.423",4624,"CP-AKT-002912",Negotiate,1204,"2025-03-20T20:01:26.5925079Z",5,Advapi,SYSTEM
"Mar 21, 2025 @ 11:39:19.400",4625,"CP-AKT-002912",NTLM,1204,"2025-03-20T19:40:24.8400734Z",3,NtLmSsp,Administrator
"Mar 21, 2025 @ 11:39:19.398",4625,"CP-AKT-002912",NTLM,1204,"2025-03-20T19:40:23.8158548Z",3,NtLmSsp,Administrator
"Mar 21, 2025 @ 11:39:19.396",4625,"CP-AKT-002912",NTLM,1204,"2025-03-20T19:40:22.7861628Z",3,NtLmSsp,Administrator
"Mar 21, 2025 @ 11:39:19.391",4624,"CP-AKT-002912",Negotiate,1204,"2025-03-20T19:37:55.3802781Z",5,Advapi,SYSTEM
"Mar 21, 2025 @ 11:39:19.368",4624,"CP-AKT-002912",Negotiate,1204,"2025-03-20T19:23:26.4772094Z",5,Advapi,SYSTEM
"Mar 21, 2025 @ 11:39:19.306",4625,"CP-AKT-002912",NTLM,1204,"2025-03-20T18:36:49.3611574Z",3,NtLmSsp,Administrator
"Mar 21, 2025 @ 11:39:19.304",4625,"CP-AKT-002912",NTLM,1204,"2025-03-20T18:36:48.3341725Z",3,NtLmSsp,Administrator
"Mar 21, 2025 @ 11:39:19.302",4625,"CP-AKT-002912",NTLM,1204,"2025-03-20T18:36:47.3161227Z",3,NtLmSsp,Administrator
"Mar 21, 2025 @ 11:39:19.279",4624,"CP-AKT-002912",Negotiate,1204,"2025-03-20T18:23:28.6395668Z",5,Advapi,SYSTEM
"Mar 21, 2025 @ 11:39:19.276",4624,"CP-AKT-002912",Negotiate,1204,"2025-03-20T18:23:26.9172662Z",5,Advapi,SYSTEM
"Mar 21, 2025 @ 11:39:19.250",4624,"CP-AKT-002912",Negotiate,1204,"2025-03-20T18:16:29.1146075Z",5,Advapi,SYSTEM
"Mar 21, 2025 @ 11:39:19.200",4625,"CP-AKT-002912",NTLM,1204,"2025-03-20T17:36:49.5206908Z",3,NtLmSsp,Administrator
"Mar 21, 2025 @ 11:39:19.198",4625,"CP-AKT-002912",NTLM,1204,"2025-03-20T17:36:48.4910860Z",3,NtLmSsp,Administrator
"Mar 21, 2025 @ 11:39:19.194",4625,"CP-AKT-002912",NTLM,1204,"2025-03-20T17:36:47.4707026Z",3,NtLmSsp,Administrator
"Mar 21, 2025 @ 11:39:19.163",4624,"CP-AKT-002912",Negotiate,1204,"2025-03-20T17:23:26.1605836Z",5,Advapi,SYSTEM
"Mar 21, 2025 @ 11:39:19.139",4624,"CP-AKT-002912",Negotiate,1204,"2025-03-20T17:17:44.8091533Z",5,Advapi,SYSTEM
"Mar 21, 2025 @ 11:39:19.134",4624,"CP-AKT-002912",Negotiate,1204,"2025-03-20T17:15:13.7262401Z",5,Advapi,SYSTEM
"Mar 21, 2025 @ 11:39:19.128",4624,"CP-AKT-002912",Negotiate,1204,"2025-03-20T17:11:59.5619363Z",11,CredPro,Administrator
"Mar 21, 2025 @ 11:39:19.073",4625,"CP-AKT-002912",NTLM,1204,"2025-03-20T16:36:44.6748420Z",3,NtLmSsp,Administrator
"Mar 21, 2025 @ 11:39:19.071",4625,"CP-AKT-002912",NTLM,1204,"2025-03-20T16:36:43.6500252Z",3,NtLmSsp,Administrator
"Mar 21, 2025 @ 11:39:19.068",4625,"CP-AKT-002912",NTLM,1204,"2025-03-20T16:36:42.6317890Z",3,NtLmSsp,Administrator
"Mar 21, 2025 @ 11:39:12.573",4624,"DESKTOP-5JEIKFF",Negotiate,1016,"2025-03-21T06:39:11.7045630Z",5,Advapi,SYSTEM
"Mar 21, 2025 @ 11:39:10.972",4624,"DESKTOP-5JEIKFF",Negotiate,1016,"2025-03-21T06:39:10.6292414Z",5,Advapi,SYSTEM
"Mar 21, 2025 @ 11:38:58.252",4624,"DESKTOP-5JEIKFF",Negotiate,1016,"2025-03-21T06:38:50.2355313Z",2,User32,Project
"Mar 21, 2025 @ 11:38:58.249",4624,"DESKTOP-5JEIKFF",Negotiate,1016,"2025-03-21T06:38:50.2355231Z",2,User32,Project
"Mar 21, 2025 @ 11:38:58.174",4624,"DESKTOP-5JEIKFF",Negotiate,1016,"2025-03-21T06:38:48.2814100Z",5,Advapi,SYSTEM
"Mar 21, 2025 @ 11:38:58.136",4624,"DESKTOP-5JEIKFF",Negotiate,1016,"2025-03-21T06:38:47.7333297Z",5,Advapi,SYSTEM
"Mar 21, 2025 @ 11:38:58.072",4624,"DESKTOP-5JEIKFF",Negotiate,1016,"2025-03-21T06:38:44.2299011Z",5,Advapi,SYSTEM
"Mar 21, 2025 @ 11:38:57.709",4624,"DESKTOP-5JEIKFF",Negotiate,1016,"2025-03-21T06:38:43.5308305Z",5,Advapi,SYSTEM
"Mar 20, 2025 @ 21:16:28.321",4624,"CP-AKT-002908",Negotiate,1092,"2025-03-20T16:16:28.0000755Z",5,Advapi,SYSTEM
"Mar 20, 2025 @ 21:16:28.306",4624,"CP-AKT-002908",Negotiate,1092,"2025-03-20T16:16:27.2261684Z",5,Advapi,SYSTEM
"Mar 20, 2025 @ 21:15:58.624",4624,"CP-AKT-002908",Negotiate,1092,"2025-03-20T16:15:57.5363465Z",11,CredPro,Administrator
"Mar 20, 2025 @ 21:14:10.702",4624,"CP-AKT000209",Negotiate,1184,"2025-03-20T16:14:09.1552881Z",5,Advapi,SYSTEM
"Mar 20, 2025 @ 21:13:54.869",4624,"CP-AKT-002911",Negotiate,1112,"2025-03-20T16:13:53.2523746Z",5,Advapi,SYSTEM
"Mar 20, 2025 @ 21:13:40.448",4624,"CP-AKT-002931",Negotiate,1044,"2025-03-20T09:29:38.4147556Z",5,Advapi,SYSTEM
"Mar 20, 2025 @ 21:13:19.315",4624,"CP-AKT-002911",Negotiate,1112,"2025-03-20T16:13:17.6982194Z",5,Advapi,SYSTEM
"Mar 20, 2025 @ 21:12:20.129",4624,"CP-AKT-002912",Negotiate,1204,"2025-03-20T16:12:19.0643524Z",5,Advapi,SYSTEM
"Mar 20, 2025 @ 21:09:41.491",4624,"CP-AKT-002912",Negotiate,1204,"2025-03-20T16:09:40.4082619Z",5,Advapi,SYSTEM
"Mar 20, 2025 @ 21:09:41.482",4624,"CP-AKT-002912",Negotiate,1204,"2025-03-20T16:09:40.4019477Z",5,Advapi,SYSTEM
"Mar 20, 2025 @ 21:08:32.422",4624,"DESKTOP-5JEIKFF",Negotiate,1016,"2025-03-20T16:08:31.9647447Z",5,Advapi,SYSTEM
"Mar 20, 2025 @ 21:07:21.487",4624,"CP-AKT-002912",Negotiate,1204,"2025-03-20T16:07:20.4044711Z",5,Advapi,SYSTEM
"Mar 20, 2025 @ 21:07:17.551",4624,"CP-AKT-002912",Negotiate,1204,"2025-03-20T16:07:16.4685378Z",5,Advapi,SYSTEM
"Mar 20, 2025 @ 21:07:01.992",4624,"CP-AKT-002931",Negotiate,1044,"2025-03-20T09:22:59.9509534Z",5,Advapi,SYSTEM
"Mar 20, 2025 @ 21:06:47.473",4624,"CP-AKT-002931",Negotiate,1044,"2025-03-20T09:22:45.5480717Z",5,Advapi,SYSTEM
"Mar 20, 2025 @ 21:06:47.465",4624,"CP-AKT-002931",Negotiate,1044,"2025-03-20T09:22:45.4171965Z",5,Advapi,SYSTEM
"Mar 20, 2025 @ 21:06:38.874",4624,"CP-AKT-002908",Negotiate,1092,"2025-03-20T16:06:37.7660352Z",5,Advapi,SYSTEM
"Mar 20, 2025 @ 21:05:35.406",4624,"CP-AKT-002907",Negotiate,1176,"2025-03-20T16:05:34.0441525Z",5,Advapi,SYSTEM
"Mar 20, 2025 @ 21:04:17.880",4624,"CP-AKT-002912",Negotiate,1204,"2025-03-20T16:04:16.8033241Z",5,Advapi,SYSTEM
"Mar 20, 2025 @ 21:04:17.870",4624,"CP-AKT-002912",Negotiate,1204,"2025-03-20T16:04:16.7959335Z",5,Advapi,SYSTEM
"Mar 20, 2025 @ 21:03:53.700",4624,"CP-AKT-002908",Negotiate,1092,"2025-03-20T16:03:52.5957850Z",5,Advapi,SYSTEM
"Mar 20, 2025 @ 21:01:17.612",4624,"CP-AKT-002908",Negotiate,1092,"2025-03-20T16:01:16.4986637Z",5,Advapi,SYSTEM
"Mar 20, 2025 @ 21:00:05.346",4624,"CP-AKT-002911",Negotiate,1112,"2025-03-20T16:00:03.7318765Z",5,Advapi,SYSTEM
"Mar 20, 2025 @ 20:59:21.015",4624,"CP-AKT-002908",Negotiate,1092,"2025-03-20T15:59:19.9181363Z",5,Advapi,SYSTEM
"Mar 20, 2025 @ 20:57:33.194",4624,"DESKTOP-5JEIKFF",Negotiate,1016,"2025-03-20T15:57:32.7452782Z",5,Advapi,SYSTEM
"Mar 20, 2025 @ 20:55:59.148",4624,"CP-AKT000209",Negotiate,1184,"2025-03-20T15:55:57.6032025Z",5,Advapi,SYSTEM
"Mar 20, 2025 @ 20:55:14.234",4624,"CP-AKT-002912",Negotiate,1204,"2025-03-20T15:55:13.1635885Z",5,Advapi,SYSTEM
"Mar 20, 2025 @ 20:55:10.130",4624,"CP-AKT-002908",Negotiate,1092,"2025-03-20T15:55:09.0421146Z",11,CredPro,Administrator
"Mar 20, 2025 @ 20:54:31.626",4624,"CP-AKT-002908",Negotiate,1092,"2025-03-20T15:54:30.5362776Z",11,CredPro,Administrator
"Mar 20, 2025 @ 20:54:26.831",4624,"CP-AKT-002931",Negotiate,1044,"2025-03-20T09:10:24.8164389Z",5,Advapi,SYSTEM
"Mar 20, 2025 @ 20:53:26.980",4624,"CP-AKT000209",Negotiate,1184,"2025-03-20T15:53:25.4389549Z",5,Advapi,SYSTEM
"Mar 20, 2025 @ 20:53:19.227",4624,"CP-AKT-002908",Negotiate,1092,"2025-03-20T15:53:18.1371930Z",5,Advapi,SYSTEM
"Mar 20, 2025 @ 20:52:26.556",4624,"CP-AKT-002912",Negotiate,1204,"2025-03-20T15:52:25.4782552Z",5,Advapi,SYSTEM
"Mar 20, 2025 @ 20:52:23.352",4624,"CP-AKT-002911",Negotiate,1112,"2025-03-20T15:52:21.7370765Z",5,Advapi,SYSTEM
"Mar 20, 2025 @ 20:52:12.511",4624,"CP-AKT-002908",Negotiate,1092,"2025-03-20T15:52:11.4078288Z",11,CredPro,Administrator
"Mar 20, 2025 @ 20:51:59.911",4624,"CP-AKT-002907",Negotiate,1176,"2025-03-20T15:51:58.5648097Z",5,Advapi,SYSTEM
"Mar 20, 2025 @ 20:51:56.478",4624,"DESKTOP-5JEIKFF",Negotiate,1016,"2025-03-20T15:51:56.0350017Z",5,Advapi,SYSTEM
"Mar 20, 2025 @ 20:48:19.363",4624,"CP-AKT-002908",Negotiate,1092,"2025-03-20T15:48:18.2642475Z",5,Advapi,SYSTEM
"Mar 20, 2025 @ 20:48:02.120",4624,"CP-AKT-002908",Negotiate,1092,"2025-03-20T15:48:01.3766697Z",5,Advapi,SYSTEM
"Mar 20, 2025 @ 20:48:02.089",4624,"CP-AKT-002908",Negotiate,1092,"2025-03-20T15:48:01.3643432Z",5,Advapi,SYSTEM
"Mar 20, 2025 @ 20:48:02.075",4624,"CP-AKT-002908",Negotiate,1092,"2025-03-20T15:48:00.9734725Z",5,Advapi,SYSTEM
"Mar 20, 2025 @ 20:47:59.063",4624,"CP-AKT-002931",Negotiate,1044,"2025-03-20T09:03:57.0283841Z",5,Advapi,SYSTEM
"Mar 20, 2025 @ 20:47:52.757",4624,"CP-AKT-002908",Negotiate,1092,"2025-03-20T15:47:51.6651097Z",5,Advapi,SYSTEM
"Mar 20, 2025 @ 20:47:30.204",4624,"DESKTOP-5JEIKFF",Negotiate,1016,"2025-03-20T15:47:30.2524440Z",5,Advapi,SYSTEM
"Mar 20, 2025 @ 20:47:30.200",4624,"DESKTOP-5JEIKFF",Negotiate,1016,"2025-03-20T15:47:29.8147790Z",5,Advapi,SYSTEM
"Mar 20, 2025 @ 20:47:30.194",4624,"DESKTOP-5JEIKFF",Negotiate,1016,"2025-03-20T15:47:29.7564694Z",5,Advapi,SYSTEM
"Mar 20, 2025 @ 20:47:27.471",4624,"CP-AKT000209",Negotiate,1184,"2025-03-20T15:47:25.9169753Z",5,Advapi,SYSTEM
"Mar 20, 2025 @ 20:46:26.966",4624,"DESKTOP-5JEIKFF",Negotiate,1016,"2025-03-20T15:46:26.6106276Z",5,Advapi,SYSTEM
"Mar 20, 2025 @ 20:46:26.917",4624,"DESKTOP-5JEIKFF",Negotiate,1016,"2025-03-20T15:46:26.5668715Z",5,Advapi,SYSTEM
"Mar 20, 2025 @ 20:46:26.915",4624,"DESKTOP-5JEIKFF",Negotiate,1016,"2025-03-20T15:46:26.4816868Z",5,Advapi,SYSTEM
"Mar 20, 2025 @ 20:46:08.187",4624,"DESKTOP-5JEIKFF",Negotiate,1016,"2025-03-20T15:46:07.8676983Z",5,Advapi,SYSTEM
"Mar 20, 2025 @ 20:46:08.182",4624,"DESKTOP-5JEIKFF",Negotiate,1016,"2025-03-20T15:46:07.7993227Z",5,Advapi,SYSTEM
"Mar 20, 2025 @ 20:46:08.179",4624,"DESKTOP-5JEIKFF",Negotiate,1016,"2025-03-20T15:46:07.7458099Z",5,Advapi,SYSTEM
"Mar 20, 2025 @ 20:44:08.961",4624,"CP-AKT000209",Negotiate,1184,"2025-03-20T15:44:07.3929505Z",5,Advapi,SYSTEM
"Mar 20, 2025 @ 20:43:40.247",4624,"CP-AKT-002931",Negotiate,1044,"2025-03-20T08:59:38.2025774Z",5,Advapi,SYSTEM
"Mar 20, 2025 @ 20:42:07.841",4624,"CP-AKT-002908",Negotiate,1092,"2025-03-20T15:42:06.8484596Z",5,Advapi,SYSTEM
"Mar 20, 2025 @ 20:42:07.834",4624,"CP-AKT-002908",Negotiate,1092,"2025-03-20T15:42:06.7592930Z",5,Advapi,SYSTEM
"Mar 20, 2025 @ 20:40:45.625",4624,"DESKTOP-5JEIKFF",Negotiate,1016,"2025-03-20T15:40:45.2254551Z",5,Advapi,SYSTEM
"Mar 20, 2025 @ 20:39:19.227",4624,"CP-AKT-002931",Negotiate,1044,"2025-03-20T08:55:17.1837574Z",5,Advapi,SYSTEM
"Mar 20, 2025 @ 20:39:12.489",4624,"CP-AKT-002931",Negotiate,1044,"2025-03-20T08:55:10.4371433Z",5,Advapi,SYSTEM
"Mar 20, 2025 @ 20:39:10.741",4624,"CP-AKT-002911",Negotiate,1112,"2025-03-20T15:39:09.1219575Z",5,Advapi,SYSTEM
"Mar 20, 2025 @ 20:36:32.589",4624,"CP-AKT-002931",Negotiate,1044,"2025-03-20T08:52:30.5976798Z",5,Advapi,SYSTEM
"Mar 20, 2025 @ 20:36:32.580",4624,"CP-AKT-002931",Negotiate,1044,"2025-03-20T08:52:30.5277702Z",5,Advapi,SYSTEM
"Mar 20, 2025 @ 20:35:56.074",4625,"CP-AKT-002911",NTLM,1112,"2025-03-20T15:35:54.4490592Z",3,NtLmSsp,Administrator
"Mar 20, 2025 @ 20:35:55.022",4625,"CP-AKT-002911",NTLM,1112,"2025-03-20T15:35:53.4083225Z",3,NtLmSsp,Administrator
"Mar 20, 2025 @ 20:35:54.012",4625,"CP-AKT-002911",NTLM,1112,"2025-03-20T15:35:52.3802874Z",3,NtLmSsp,Administrator
"Mar 20, 2025 @ 20:35:40.996",4625,"CP-AKT-002907",NTLM,1176,"2025-03-20T15:35:39.6291117Z",3,NtLmSsp,Administrator
"Mar 20, 2025 @ 20:35:39.989",4625,"CP-AKT-002907",NTLM,1176,"2025-03-20T15:35:38.6127480Z",3,NtLmSsp,Administrator
"Mar 20, 2025 @ 20:35:38.938",4625,"CP-AKT-002907",NTLM,1176,"2025-03-20T15:35:37.5707705Z",3,NtLmSsp,Administrator
"Mar 20, 2025 @ 20:34:33.602",4624,"DESKTOP-5JEIKFF",Negotiate,1016,"2025-03-20T15:34:33.1495993Z",5,Advapi,SYSTEM
"Mar 20, 2025 @ 20:33:20.473",4625,"CP-AKT-002912",NTLM,1204,"2025-03-20T15:33:19.3407779Z",3,NtLmSsp,Administrator
"Mar 20, 2025 @ 20:33:19.447",4625,"CP-AKT-002912",NTLM,1204,"2025-03-20T15:33:18.3215304Z",3,NtLmSsp,Administrator
"Mar 20, 2025 @ 20:33:18.420",4625,"CP-AKT-002912",NTLM,1204,"2025-03-20T15:33:17.2887696Z",3,NtLmSsp,Administrator
"Mar 20, 2025 @ 20:32:10.293",4625,"CP-AKT000209",NTLM,1184,"2025-03-20T15:32:08.7203362Z",3,NtLmSsp,Administrator
"Mar 20, 2025 @ 20:32:09.278",4625,"CP-AKT000209",NTLM,1184,"2025-03-20T15:32:07.6937870Z",3,NtLmSsp,Administrator
"Mar 20, 2025 @ 20:32:08.253",4625,"CP-AKT000209",NTLM,1184,"2025-03-20T15:32:06.6622975Z",3,NtLmSsp,Administrator
"Mar 20, 2025 @ 20:31:17.937",4624,"CP-AKT-002931",Negotiate,1044,"2025-03-20T08:47:15.8953054Z",5,Advapi,SYSTEM
"Mar 20, 2025 @ 20:30:56.471",4624,"DESKTOP-5JEIKFF",Negotiate,1016,"2025-03-20T15:30:56.0275028Z",5,Advapi,SYSTEM
"Mar 20, 2025 @ 20:29:20.231",4624,"CP-AKT-002907",Negotiate,1176,"2025-03-20T15:29:18.8759687Z",5,Advapi,SYSTEM
"Mar 20, 2025 @ 20:28:41.482",4624,"CP-AKT-002907",Negotiate,1176,"2025-03-20T15:28:40.1325332Z",5,Advapi,SYSTEM
"Mar 20, 2025 @ 20:26:36.099",4624,"CP-AKT-002908",Negotiate,1092,"2025-03-20T15:26:35.6845075Z",5,Advapi,SYSTEM
"Mar 20, 2025 @ 20:26:35.881",4624,"CP-AKT-002908",Negotiate,1092,"2025-03-20T15:26:34.8059010Z",5,Advapi,SYSTEM
"Mar 20, 2025 @ 20:25:38.752",4624,"CP-AKT-002912",Negotiate,1204,"2025-03-20T15:25:37.6450951Z",5,Advapi,SYSTEM
"Mar 20, 2025 @ 20:25:34.576",4624,"CP-AKT-002912",Negotiate,1204,"2025-03-20T15:25:33.4638037Z",5,Advapi,SYSTEM
"Mar 20, 2025 @ 20:24:39.880",4624,"CP-AKT-002908",Negotiate,1092,"2025-03-20T15:24:38.8204223Z",5,Advapi,SYSTEM
"Mar 20, 2025 @ 20:24:24.082",4624,"CP-AKT-002912",Negotiate,1204,"2025-03-20T15:24:17.9555967Z",5,Advapi,SYSTEM
"Mar 20, 2025 @ 20:23:34.626",4624,"CP-AKT-002908",Negotiate,1092,"2025-03-20T15:23:33.5591274Z",5,Advapi,SYSTEM
"Mar 20, 2025 @ 20:23:32.397",4624,"DESKTOP-5JEIKFF",Negotiate,1016,"2025-03-20T15:23:31.9665894Z",5,Advapi,SYSTEM
"Mar 20, 2025 @ 20:22:00.635",4624,"CP-AKT-002931",Negotiate,1044,"2025-03-20T08:37:58.6139104Z",5,Advapi,SYSTEM
"Mar 20, 2025 @ 20:21:07.421",4624,"CP-AKT-002907",Negotiate,1176,"2025-03-20T15:21:06.0845670Z",5,Advapi,SYSTEM
"Mar 20, 2025 @ 20:20:31.986",4624,"CP-AKT-002908",Negotiate,1092,"2025-03-20T15:20:30.9441893Z",5,Advapi,SYSTEM
"Mar 20, 2025 @ 20:20:31.972",4624,"CP-AKT-002908",Negotiate,1092,"2025-03-20T15:20:30.9159653Z",5,Advapi,SYSTEM
"Mar 20, 2025 @ 20:20:01.335",4624,"CP-AKT-002908",Negotiate,1092,"2025-03-20T15:20:00.3247983Z",5,Advapi,SYSTEM
"Mar 20, 2025 @ 20:20:01.321",4624,"CP-AKT-002908",Negotiate,1092,"2025-03-20T15:20:00.2820332Z",5,Advapi,SYSTEM
"Mar 20, 2025 @ 20:19:44.125",4624,"CP-AKT-002911",Negotiate,1112,"2025-03-20T15:19:42.9860119Z",5,Advapi,SYSTEM
"Mar 20, 2025 @ 20:19:44.115",4624,"CP-AKT-002911",Negotiate,1112,"2025-03-20T15:19:42.5333832Z",5,Advapi,SYSTEM
"Mar 20, 2025 @ 20:19:03.209",4624,"CP-AKT-002911",Negotiate,1112,"2025-03-20T15:19:01.6442876Z",5,Advapi,SYSTEM
"Mar 20, 2025 @ 20:18:55.064",4624,"CP-AKT-002911",Negotiate,1112,"2025-03-20T15:18:53.4783182Z",5,Advapi,SYSTEM
"Mar 20, 2025 @ 20:17:35.106",4624,"CP-AKT-002908",Negotiate,1092,"2025-03-20T15:17:34.0548566Z",5,Advapi,SYSTEM
"Mar 20, 2025 @ 20:17:30.355",4624,"CP-AKT-002908",Negotiate,1092,"2025-03-20T15:17:29.2576199Z",5,Advapi,SYSTEM
"Mar 20, 2025 @ 20:17:30.152",4624,"CP-AKT-002908",Negotiate,1092,"2025-03-20T15:17:29.1642768Z",5,Advapi,SYSTEM
"Mar 20, 2025 @ 20:17:30.139",4624,"CP-AKT-002908",Negotiate,1092,"2025-03-20T15:17:29.1017438Z",5,Advapi,SYSTEM
"Mar 20, 2025 @ 20:16:58.945",4624,"DESKTOP-5JEIKFF",Negotiate,1016,"2025-03-20T15:16:58.5284169Z",5,Advapi,SYSTEM
"Mar 20, 2025 @ 20:16:42.465",4624,"CP-AKT000209",Negotiate,1184,"2025-03-20T15:16:40.9181412Z",5,Advapi,SYSTEM
"Mar 20, 2025 @ 20:15:54.689",4624,"CP-AKT-002907",Negotiate,1176,"2025-03-20T15:15:53.3781638Z",5,Advapi,SYSTEM
"Mar 20, 2025 @ 20:15:48.120",4624,"CP-AKT-002907",Negotiate,1176,"2025-03-20T15:15:46.7929238Z",5,Advapi,SYSTEM
"Mar 20, 2025 @ 20:15:48.076",4624,"CP-AKT-002907",Negotiate,1176,"2025-03-20T15:15:46.7694052Z",5,Advapi,SYSTEM
"Mar 20, 2025 @ 20:15:45.373",4624,"CP-AKT-002907",Negotiate,1176,"2025-03-20T15:15:44.0749993Z",5,Advapi,SYSTEM
"Mar 20, 2025 @ 20:15:03.139",4624,"CP-AKT-002907",Negotiate,1176,"2025-03-20T15:15:01.8183638Z",5,Advapi,SYSTEM
"Mar 20, 2025 @ 20:15:03.126",4624,"CP-AKT-002907",Negotiate,1176,"2025-03-20T15:15:01.8183526Z",5,Advapi,SYSTEM
"Mar 20, 2025 @ 20:15:02.034",4624,"CP-AKT-002907",Negotiate,1176,"2025-03-20T15:15:00.7380631Z",5,Advapi,SYSTEM
"Mar 20, 2025 @ 20:14:10.529",4624,"CP-AKT000209",Negotiate,1184,"2025-03-20T15:14:08.9675341Z",5,Advapi,SYSTEM
"Mar 20, 2025 @ 20:13:39.979",4624,"CP-AKT-002931",Negotiate,1044,"2025-03-20T08:29:37.9735881Z",5,Advapi,SYSTEM
"Mar 20, 2025 @ 20:10:11.053",4624,"CP-AKT-002931",Negotiate,1044,"2025-03-20T08:26:09.0649447Z",5,Advapi,SYSTEM
"Mar 20, 2025 @ 20:09:56.292",4624,"DESKTOP-5JEIKFF",Negotiate,1016,"2025-03-20T15:09:55.9021123Z",5,Advapi,SYSTEM
"Mar 20, 2025 @ 20:09:17.786",4624,"DESKTOP-5JEIKFF",Negotiate,1016,"2025-03-20T15:09:17.3947510Z",5,Advapi,SYSTEM
"Mar 20, 2025 @ 20:09:00.022",4624,"DESKTOP-5JEIKFF",Negotiate,1016,"2025-03-20T15:08:59.6336369Z",5,Advapi,SYSTEM
"Mar 20, 2025 @ 20:08:32.346",4624,"DESKTOP-5JEIKFF",Negotiate,1016,"2025-03-20T15:08:31.9575455Z",5,Advapi,SYSTEM
"Mar 20, 2025 @ 20:06:08.155",4624,"CP-AKT-002911",Negotiate,1112,"2025-03-20T15:06:06.5933318Z",5,Advapi,SYSTEM
"Mar 20, 2025 @ 20:04:54.704",4624,"CP-AKT-002907",Negotiate,1176,"2025-03-20T15:04:53.6036201Z",5,Advapi,SYSTEM
"Mar 20, 2025 @ 20:04:54.694",4624,"CP-AKT-002907",Negotiate,1176,"2025-03-20T15:04:53.3947740Z",5,Advapi,SYSTEM
"Mar 20, 2025 @ 20:04:54.691",4624,"CP-AKT-002907",Negotiate,1176,"2025-03-20T15:04:53.3947675Z",5,Advapi,SYSTEM
"Mar 20, 2025 @ 20:04:41.578",4624,"CP-AKT-002912",Negotiate,1204,"2025-03-20T15:04:40.5121785Z",5,Advapi,SYSTEM
"Mar 20, 2025 @ 20:04:38.967",4624,"CP-AKT-002912",Negotiate,1204,"2025-03-20T15:04:37.9062017Z",5,Advapi,SYSTEM
"Mar 20, 2025 @ 20:04:34.041",4624,"CP-AKT-002912",Negotiate,1204,"2025-03-20T15:04:32.9785621Z",5,Advapi,SYSTEM
"Mar 20, 2025 @ 20:03:59.977",4624,"CP-AKT-002931",Negotiate,1044,"2025-03-20T08:19:58.0842813Z",5,Advapi,SYSTEM
"Mar 20, 2025 @ 20:03:59.970",4624,"CP-AKT-002931",Negotiate,1044,"2025-03-20T08:19:57.9986400Z",5,Advapi,SYSTEM
"Mar 20, 2025 @ 20:02:31.072",4624,"CP-AKT-002931",Negotiate,1044,"2025-03-20T08:18:29.1015452Z",5,Advapi,SYSTEM
"Mar 20, 2025 @ 20:01:49.161",4624,"CP-AKT-002912",Negotiate,1204,"2025-03-20T15:01:48.0850154Z",5,Advapi,SYSTEM
"Mar 20, 2025 @ 20:01:41.867",4624,"DESKTOP-5JEIKFF",Negotiate,1016,"2025-03-20T15:01:41.5830635Z",5,Advapi,SYSTEM
"Mar 20, 2025 @ 19:58:55.544",4624,"CP-AKT-002907",Negotiate,1176,"2025-03-20T14:58:54.2746793Z",5,Advapi,SYSTEM
"Mar 20, 2025 @ 19:56:44.364",4624,"CP-AKT-002907",Negotiate,1176,"2025-03-20T14:56:43.1011515Z",5,Advapi,SYSTEM
"Mar 20, 2025 @ 19:55:59.016",4624,"CP-AKT000209",Negotiate,1184,"2025-03-20T14:55:57.5263748Z",5,Advapi,SYSTEM
"Mar 20, 2025 @ 19:55:19.696",4624,"DESKTOP-5JEIKFF",Negotiate,1016,"2025-03-20T14:55:19.3358774Z",5,Advapi,SYSTEM
"Mar 20, 2025 @ 19:53:38.382",4624,"CP-AKT-002912",Negotiate,1204,"2025-03-20T14:53:37.3393221Z",5,Advapi,SYSTEM
"Mar 20, 2025 @ 19:52:29.232",4624,"CP-AKT-002908",Negotiate,1092,"2025-03-20T14:52:28.2430825Z",5,Advapi,SYSTEM
"Mar 20, 2025 @ 19:52:23.681",4624,"CP-AKT-002908",Negotiate,1092,"2025-03-20T14:52:22.8095950Z",5,Advapi,SYSTEM
"Mar 20, 2025 @ 19:52:23.678",4624,"CP-AKT-002908",Negotiate,1092,"2025-03-20T14:52:22.6839001Z",5,Advapi,SYSTEM
"Mar 20, 2025 @ 19:51:18.889",4624,"DESKTOP-5JEIKFF",Negotiate,1016,"2025-03-20T14:51:18.5880749Z",5,Advapi,SYSTEM
"Mar 20, 2025 @ 19:51:16.539",4624,"CP-AKT-002907",Negotiate,1176,"2025-03-20T14:51:15.2648773Z",5,Advapi,SYSTEM
"Mar 20, 2025 @ 19:48:56.389",4624,"DESKTOP-5JEIKFF",Negotiate,1016,"2025-03-20T14:48:56.0377724Z",5,Advapi,SYSTEM
"Mar 20, 2025 @ 19:48:14.951",4624,"CP-AKT-002908",Negotiate,1092,"2025-03-20T14:48:13.9701015Z",5,Advapi,SYSTEM
"Mar 20, 2025 @ 19:45:49.506",4624,"CP-AKT-002912",Negotiate,1204,"2025-03-20T14:45:48.4549840Z",11,CredPro,Administrator
"Mar 20, 2025 @ 19:45:31.805",4624,"CP-AKT-002908",Negotiate,1092,"2025-03-20T14:45:31.4056929Z",5,Advapi,SYSTEM
"Mar 20, 2025 @ 19:45:28.312",4624,"CP-AKT-002908",Negotiate,1092,"2025-03-20T14:45:27.3277514Z",5,Advapi,SYSTEM
"Mar 20, 2025 @ 19:44:08.867",4624,"CP-AKT000209",Negotiate,1184,"2025-03-20T14:44:07.3484465Z",5,Advapi,SYSTEM
"Mar 20, 2025 @ 19:43:42.174",4624,"CP-AKT-002912",Negotiate,1204,"2025-03-20T14:43:41.1176958Z",11,CredPro,Administrator
"Mar 20, 2025 @ 19:43:39.657",4624,"CP-AKT-002931",Negotiate,1044,"2025-03-20T07:59:37.7119630Z",5,Advapi,SYSTEM
"Mar 20, 2025 @ 19:43:29.631",4624,"CP-AKT-002908",Negotiate,1092,"2025-03-20T14:43:28.7290157Z",5,Advapi,"SQLTELEMETRY$SQLEXPRESS"
"Mar 20, 2025 @ 19:43:29.549",4624,"CP-AKT-002908",Negotiate,1092,"2025-03-20T14:43:28.5481484Z",5,Advapi,"MSSQL$SQLEXPRESS"
"Mar 20, 2025 @ 19:42:48.695",4624,"CP-AKT000209",Negotiate,1184,"2025-03-20T14:42:47.1990777Z",5,Advapi,SYSTEM
"Mar 20, 2025 @ 19:42:29.371",4624,"CP-AKT-002908",Negotiate,1092,"2025-03-20T14:42:27.6252256Z",5,Advapi,SYSTEM
"Mar 20, 2025 @ 19:42:29.340",4624,"CP-AKT-002908",Negotiate,1092,"2025-03-20T14:42:27.3447834Z",5,Advapi,SYSTEM
"Mar 20, 2025 @ 19:42:29.309",4624,"CP-AKT-002908",Negotiate,1092,"2025-03-20T14:42:27.1060899Z",5,Advapi,SYSTEM
"Mar 20, 2025 @ 19:42:27.788",4624,"DESKTOP-5JEIKFF",Negotiate,1016,"2025-03-20T14:42:27.4379372Z",2,User32,Project
"Mar 20, 2025 @ 19:42:27.786",4624,"DESKTOP-5JEIKFF",Negotiate,1016,"2025-03-20T14:42:27.4379298Z",2,User32,Project
"Mar 20, 2025 @ 19:42:27.425",4624,"CP-AKT-002908",Negotiate,1092,"2025-03-20T14:42:26.6526455Z",5,Advapi,SYSTEM
"Mar 20, 2025 @ 19:42:27.388",4624,"CP-AKT-002908",Negotiate,1092,"2025-03-20T14:42:26.6064333Z",5,Advapi,SYSTEM
"Mar 20, 2025 @ 19:42:27.358",4624,"CP-AKT-002908",Negotiate,1092,"2025-03-20T14:42:26.1635288Z",5,Advapi,SYSTEM
"Mar 20, 2025 @ 19:42:27.327",4624,"CP-AKT-002908",Negotiate,1092,"2025-03-20T14:42:26.1233379Z",5,Advapi,SYSTEM
"Mar 20, 2025 @ 19:42:27.294",4624,"CP-AKT-002908",Negotiate,1092,"2025-03-20T14:42:26.1101207Z",5,Advapi,SYSTEM
"Mar 20, 2025 @ 19:42:24.904",4624,"CP-AKT-002908",Negotiate,1092,"2025-03-19T08:11:45.2916195Z",5,Advapi,SYSTEM
"Mar 20, 2025 @ 19:42:23.545",4624,"CP-AKT-002908",Negotiate,1092,"2025-03-19T08:11:42.9234030Z",5,Advapi,SYSTEM
"Mar 20, 2025 @ 19:42:23.044",4624,"CP-AKT-002908",Negotiate,1092,"2025-03-19T08:11:40.9693909Z",5,Advapi,SYSTEM
"Mar 20, 2025 @ 19:42:23.013",4624,"CP-AKT-002908",Negotiate,1092,"2025-03-19T08:11:40.8296286Z",5,Advapi,SYSTEM
"Mar 20, 2025 @ 19:42:14.195",4624,"DESKTOP-5JEIKFF",Negotiate,1016,"2025-03-20T14:42:13.9065431Z",5,Advapi,SYSTEM
"Mar 20, 2025 @ 19:42:10.857",4624,"CP-AKT-002908",Negotiate,1092,"2025-03-19T08:11:32.6212976Z",5,Advapi,SYSTEM
"Mar 20, 2025 @ 19:42:08.263",4624,"CP-AKT-002908",Negotiate,1092,"2025-03-19T08:11:30.0134454Z",5,Advapi,SYSTEM
"Mar 20, 2025 @ 19:42:07.780",4624,"CP-AKT-002908",Negotiate,1092,"2025-03-19T08:11:28.9669656Z",11,User32,"acuk.student"
"Mar 20, 2025 @ 19:42:07.732",4624,"CP-AKT-002908",Negotiate,1092,"2025-03-19T08:11:19.2870748Z",5,Advapi,SYSTEM
"Mar 20, 2025 @ 19:42:07.701",4624,"CP-AKT-002908",Negotiate,1092,"2025-03-19T08:11:19.2593467Z",5,Advapi,SYSTEM
"Mar 20, 2025 @ 19:42:07.623",4624,"CP-AKT-002908",Negotiate,1092,"2025-03-19T08:11:19.1967811Z",5,Advapi,SYSTEM
"Mar 20, 2025 @ 19:42:07.560",4624,"CP-AKT-002908",Negotiate,1092,"2025-03-19T08:11:19.1232722Z",5,Advapi,SYSTEM
"Mar 20, 2025 @ 19:42:07.498",4624,"CP-AKT-002908",Negotiate,1092,"2025-03-19T08:11:19.0724515Z",5,Advapi,SYSTEM
"Mar 20, 2025 @ 19:42:07.436",4624,"CP-AKT-002908",Negotiate,1092,"2025-03-19T08:11:19.0724133Z",5,Advapi,SYSTEM
"Mar 20, 2025 @ 19:42:07.374",4624,"CP-AKT-002908",Negotiate,1092,"2025-03-19T08:11:19.0720246Z",5,Advapi,SYSTEM
"Mar 20, 2025 @ 19:42:07.155",4624,"CP-AKT-002908",Negotiate,1092,"2025-03-19T08:10:50.6099653Z",5,Advapi,SYSTEM
"Mar 20, 2025 @ 19:42:07.014",4624,"CP-AKT-002908",Negotiate,1092,"2025-03-19T08:10:48.9739502Z",5,Advapi,SYSTEM
"Mar 20, 2025 @ 19:42:06.982",4624,"CP-AKT-002908",Negotiate,1092,"2025-03-19T08:10:48.9254634Z",5,Advapi,SYSTEM
"Mar 20, 2025 @ 19:42:06.951",4624,"CP-AKT-002908",Negotiate,1092,"2025-03-19T08:10:48.9252821Z",5,Advapi,SYSTEM
"Mar 20, 2025 @ 19:42:06.919",4624,"CP-AKT-002908",Negotiate,1092,"2025-03-19T08:10:48.9244898Z",5,Advapi,SYSTEM
"Mar 20, 2025 @ 19:42:06.888",4624,"CP-AKT-002908",Negotiate,1092,"2025-03-19T08:10:48.9244691Z",5,Advapi,SYSTEM
"Mar 20, 2025 @ 19:42:06.858",4624,"CP-AKT-002908",Negotiate,1092,"2025-03-19T08:10:48.9243966Z",5,Advapi,SYSTEM
"Mar 20, 2025 @ 19:42:06.827",4624,"CP-AKT-002908",Negotiate,1092,"2025-03-19T08:10:48.9240033Z",5,Advapi,SYSTEM
"Mar 20, 2025 @ 19:42:06.796",4624,"CP-AKT-002908",Negotiate,1092,"2025-03-19T08:10:48.9229252Z",5,Advapi,SYSTEM
"Mar 20, 2025 @ 19:42:06.764",4624,"CP-AKT-002908",Negotiate,1092,"2025-03-19T08:10:48.9218436Z",5,Advapi,SYSTEM
"Mar 20, 2025 @ 19:42:06.732",4624,"CP-AKT-002908",Negotiate,1092,"2025-03-19T08:10:48.9215786Z",5,Advapi,SYSTEM
"Mar 20, 2025 @ 19:42:06.701",4624,"CP-AKT-002908",Negotiate,1092,"2025-03-19T08:10:48.9120874Z",5,Advapi,SYSTEM
"Mar 20, 2025 @ 19:42:06.607",4624,"CP-AKT-002908",Negotiate,1092,"2025-03-19T08:10:48.8767087Z",5,Advapi,SYSTEM
"Mar 20, 2025 @ 19:41:21.469",4624,"CP-AKT-002931",Negotiate,1044,"2025-03-20T07:57:19.5280352Z",5,Advapi,SYSTEM
"Mar 20, 2025 @ 19:38:52.168",4624,"CP-AKT-002907",Negotiate,1176,"2025-03-20T14:38:50.9219397Z",5,Advapi,SYSTEM
"Mar 20, 2025 @ 19:37:40.864",4624,"CP-AKT-002907",Negotiate,1176,"2025-03-20T14:37:39.5478535Z",5,Advapi,SYSTEM
"Mar 20, 2025 @ 19:37:37.178",4624,"CP-AKT-002907",Negotiate,1176,"2025-03-20T14:37:35.9212972Z",5,Advapi,SYSTEM
"Mar 20, 2025 @ 19:36:46.780",4624,"DESKTOP-5JEIKFF",Negotiate,1016,"2025-03-20T14:36:47.3604136Z",5,Advapi,SYSTEM
"Mar 20, 2025 @ 19:36:46.760",4624,"DESKTOP-5JEIKFF",Negotiate,1016,"2025-03-20T14:36:46.4491247Z",5,Advapi,SYSTEM
"Mar 20, 2025 @ 19:35:40.872",4625,"CP-AKT000209",NTLM,1184,"2025-03-20T14:35:39.3792839Z",3,NtLmSsp,Administrator
"Mar 20, 2025 @ 19:35:39.835",4625,"CP-AKT000209",NTLM,1184,"2025-03-20T14:35:38.3495432Z",3,NtLmSsp,Administrator
"Mar 20, 2025 @ 19:35:38.816",4625,"CP-AKT000209",NTLM,1184,"2025-03-20T14:35:37.3222237Z",3,NtLmSsp,Administrator
"Mar 20, 2025 @ 19:34:13.599",4624,"CP-AKT-002907",Negotiate,1176,"2025-03-20T14:34:12.3431132Z",5,Advapi,SYSTEM
"Mar 20, 2025 @ 19:33:46.187",4624,"CP-AKT-002907",Negotiate,1176,"2025-03-20T14:33:44.9386037Z",5,Advapi,SYSTEM
"Mar 20, 2025 @ 19:33:25.541",4625,"CP-AKT-002911",NTLM,1112,"2025-03-20T14:33:24.0467927Z",3,NtLmSsp,Administrator
"Mar 20, 2025 @ 19:33:24.510",4625,"CP-AKT-002911",NTLM,1112,"2025-03-20T14:33:23.0157875Z",3,NtLmSsp,Administrator
"Mar 20, 2025 @ 19:33:23.469",4625,"CP-AKT-002911",NTLM,1112,"2025-03-20T14:33:21.9792808Z",3,NtLmSsp,Administrator
"Mar 20, 2025 @ 19:32:21.852",4625,"CP-AKT-002912",NTLM,1204,"2025-03-20T14:32:20.7986317Z",3,NtLmSsp,Administrator
"Mar 20, 2025 @ 19:32:20.834",4625,"CP-AKT-002912",NTLM,1204,"2025-03-20T14:32:19.7803713Z",3,NtLmSsp,Administrator
"Mar 20, 2025 @ 19:32:19.240",4625,"CP-AKT-002912",NTLM,1204,"2025-03-20T14:32:18.1940368Z",3,NtLmSsp,Administrator
"Mar 20, 2025 @ 19:32:15.307",4625,"CP-AKT-002907",NTLM,1176,"2025-03-20T14:32:14.0707492Z",3,NtLmSsp,Administrator
"Mar 20, 2025 @ 19:32:14.287",4625,"CP-AKT-002907",NTLM,1176,"2025-03-20T14:32:13.0565378Z",3,NtLmSsp,Administrator
"Mar 20, 2025 @ 19:32:13.269",4625,"CP-AKT-002907",NTLM,1176,"2025-03-20T14:32:12.0362221Z",3,NtLmSsp,Administrator
"Mar 20, 2025 @ 19:31:57.850",4624,"CP-AKT000209",Negotiate,1184,"2025-03-20T14:31:56.3747563Z",5,Advapi,SYSTEM
"Mar 20, 2025 @ 19:31:00.536",4624,"DESKTOP-5JEIKFF",Negotiate,1016,"2025-03-20T14:31:00.2061130Z",5,Advapi,SYSTEM
"Mar 20, 2025 @ 19:30:32.990",4624,"CP-AKT-002931",Negotiate,1044,"2025-03-20T07:46:31.0615372Z",5,Advapi,SYSTEM
"Mar 20, 2025 @ 19:29:34.617",4624,"CP-AKT-002931",Negotiate,1044,"2025-03-20T07:45:32.6822773Z",5,Advapi,SYSTEM
"Mar 20, 2025 @ 19:28:25.061",4624,"CP-AKT-002931",Negotiate,1044,"2025-03-20T07:41:32.8149031Z",5,Advapi,SYSTEM
"Mar 20, 2025 @ 19:28:25.029",4624,"CP-AKT-002931",Negotiate,1044,"2025-03-20T07:39:54.6753298Z",5,Advapi,SYSTEM
"Mar 20, 2025 @ 19:28:25.013",4624,"CP-AKT-002931",Negotiate,1044,"2025-03-20T07:35:53.6286615Z",5,Advapi,SYSTEM
"Mar 20, 2025 @ 19:28:24.550",4624,"CP-AKT-002931",Negotiate,1044,"2025-03-20T07:29:37.4520438Z",5,Advapi,SYSTEM
"Mar 20, 2025 @ 19:28:24.534",4624,"CP-AKT-002931",Negotiate,1044,"2025-03-20T07:09:10.2021067Z",5,Advapi,SYSTEM
"Mar 20, 2025 @ 19:28:24.309",4624,"CP-AKT-002931",Negotiate,1044,"2025-03-20T07:08:19.6543426Z",5,Advapi,SYSTEM
"Mar 20, 2025 @ 19:28:24.277",4624,"CP-AKT-002931",Negotiate,1044,"2025-03-20T07:08:11.3071096Z",5,Advapi,SYSTEM
"Mar 20, 2025 @ 19:28:24.261",4624,"CP-AKT-002931",Negotiate,1044,"2025-03-20T07:08:11.1777340Z",5,Advapi,SYSTEM
"Mar 20, 2025 @ 19:28:24.215",4624,"CP-AKT-002931",Negotiate,1044,"2025-03-20T07:00:59.2698153Z",5,Advapi,SYSTEM
"Mar 20, 2025 @ 19:28:23.014",4624,"CP-AKT-002931",Negotiate,1044,"2025-03-20T06:59:37.2037896Z",5,Advapi,SYSTEM
"Mar 20, 2025 @ 19:28:22.778",4624,"CP-AKT-002931",Negotiate,1044,"2025-03-20T06:46:32.0029208Z",5,Advapi,SYSTEM
"Mar 20, 2025 @ 19:28:22.743",4624,"CP-AKT-002931",Negotiate,1044,"2025-03-20T06:41:32.1810443Z",5,Advapi,SYSTEM
"Mar 20, 2025 @ 19:28:22.377",4624,"CP-AKT-002931",Negotiate,1044,"2025-03-20T06:29:36.9694839Z",5,Advapi,SYSTEM
"Mar 20, 2025 @ 19:28:22.345",4624,"CP-AKT-002931",Negotiate,1044,"2025-03-20T06:27:18.9958391Z",5,Advapi,SYSTEM
"Mar 20, 2025 @ 19:28:22.314",4624,"CP-AKT-002931",Negotiate,1044,"2025-03-20T06:21:12.4614678Z",5,Advapi,SYSTEM
"Mar 20, 2025 @ 19:28:21.978",4624,"CP-AKT-002912",Negotiate,1204,"2025-03-20T14:26:10.9085112Z",5,Advapi,SYSTEM
"Mar 20, 2025 @ 19:28:21.968",4624,"CP-AKT-002912",Negotiate,1204,"2025-03-20T14:26:06.6937877Z",5,Advapi,SYSTEM
"Mar 20, 2025 @ 19:28:21.929",4624,"CP-AKT-002912",Negotiate,1204,"2025-03-20T14:25:09.9231066Z",5,Advapi,SYSTEM
"Mar 20, 2025 @ 19:28:21.852",4624,"CP-AKT-002912",Negotiate,1204,"2025-03-20T14:24:50.5250335Z",5,Advapi,SYSTEM
"Mar 20, 2025 @ 19:28:21.829",4624,"CP-AKT-002912",Negotiate,1204,"2025-03-20T14:24:49.3896302Z",11,CredPro,Administrator
"Mar 20, 2025 @ 19:28:21.769",4625,"CP-AKT-002912",Negotiate,1204,"2025-03-20T14:24:20.9072317Z",2,CredPro,Administrator
"Mar 20, 2025 @ 19:28:21.753",4625,"CP-AKT-002912",Negotiate,1204,"2025-03-20T14:24:20.8820090Z",11,CredPro,Administrator
"Mar 20, 2025 @ 19:28:21.687",4624,"CP-AKT-002912",Negotiate,1204,"2025-03-20T14:23:33.6144162Z",5,Advapi,SYSTEM
"Mar 20, 2025 @ 19:28:21.591",4624,"CP-AKT-002912",Negotiate,1204,"2025-03-20T14:06:47.8603901Z",5,Advapi,SYSTEM
"Mar 20, 2025 @ 19:28:21.568",4624,"CP-AKT-002912",Negotiate,1204,"2025-03-20T14:06:47.8150357Z",5,Advapi,SYSTEM
"Mar 20, 2025 @ 19:28:21.373",4624,"CP-AKT-002931",Negotiate,1044,"2025-03-20T05:59:36.6539324Z",5,Advapi,SYSTEM
"Mar 20, 2025 @ 19:28:21.352",4624,"CP-AKT-002912",Negotiate,1204,"2025-03-20T13:40:17.4940560Z",5,Advapi,SYSTEM
"Mar 20, 2025 @ 19:28:21.345",4624,"CP-AKT-002912",Negotiate,1204,"2025-03-20T13:40:17.4861055Z",5,Advapi,SYSTEM
"Mar 20, 2025 @ 19:28:21.341",4624,"CP-AKT-002931",Negotiate,1044,"2025-03-20T05:41:31.1479621Z",5,Advapi,SYSTEM
"Mar 20, 2025 @ 19:28:21.310",4624,"CP-AKT-002931",Negotiate,1044,"2025-03-20T05:35:53.7771010Z",5,Advapi,SYSTEM
"Mar 20, 2025 @ 19:28:21.276",4624,"CP-AKT-002931",Negotiate,1044,"2025-03-20T05:30:32.0226528Z",5,Advapi,SYSTEM
"Mar 20, 2025 @ 19:28:21.218",4625,"CP-AKT-002912",NTLM,1204,"2025-03-20T13:32:09.5283727Z",3,NtLmSsp,Administrator
"Mar 20, 2025 @ 19:28:21.200",4625,"CP-AKT-002912",NTLM,1204,"2025-03-20T13:32:08.5010387Z",3,NtLmSsp,Administrator
"Mar 20, 2025 @ 19:28:21.185",4625,"CP-AKT-002912",NTLM,1204,"2025-03-20T13:32:07.4797150Z",3,NtLmSsp,Administrator
"Mar 20, 2025 @ 19:28:21.063",4624,"CP-AKT-002912",Negotiate,1204,"2025-03-20T13:15:04.1040173Z",5,Advapi,SYSTEM
"Mar 20, 2025 @ 19:28:21.038",4624,"CP-AKT-002912",Negotiate,1204,"2025-03-20T13:13:00.7168578Z",5,Advapi,SYSTEM
"Mar 20, 2025 @ 19:28:21.029",4624,"CP-AKT-002912",Negotiate,1204,"2025-03-20T13:12:56.5387419Z",5,Advapi,SYSTEM
"Mar 20, 2025 @ 19:28:21.019",4624,"CP-AKT-002912",Negotiate,1204,"2025-03-20T13:03:53.6927747Z",5,Advapi,SYSTEM
"Mar 20, 2025 @ 19:28:20.915",4624,"CP-AKT-002931",Negotiate,1044,"2025-03-20T05:29:36.3413008Z",5,Advapi,SYSTEM
"Mar 20, 2025 @ 19:28:20.875",4624,"CP-AKT-002912",Negotiate,1204,"2025-03-20T12:40:17.3642654Z",5,Advapi,SYSTEM
"Mar 20, 2025 @ 19:28:20.812",4625,"CP-AKT-002912",NTLM,1204,"2025-03-20T12:30:59.5132580Z",3,NtLmSsp,Administrator
"Mar 20, 2025 @ 19:28:20.804",4625,"CP-AKT-002912",NTLM,1204,"2025-03-20T12:30:58.4883881Z",3,NtLmSsp,Administrator
"Mar 20, 2025 @ 19:28:20.802",4625,"CP-AKT-002912",NTLM,1204,"2025-03-20T12:30:57.4554338Z",3,NtLmSsp,Administrator
"Mar 20, 2025 @ 19:28:20.750",4624,"CP-AKT-002912",Negotiate,1204,"2025-03-20T12:14:16.5859075Z",5,Advapi,SYSTEM
"Mar 20, 2025 @ 19:28:20.634",4624,"CP-AKT-002912",Negotiate,1204,"2025-03-20T12:09:11.5537477Z",5,Advapi,SYSTEM
"Mar 20, 2025 @ 19:28:20.441",4624,"CP-AKT-002907",Negotiate,1176,"2025-03-20T14:28:19.6281740Z",5,Advapi,SYSTEM
"Mar 20, 2025 @ 19:28:20.428",4624,"CP-AKT-002907",Negotiate,1176,"2025-03-20T14:28:19.2089216Z",5,Advapi,SYSTEM
"Mar 20, 2025 @ 19:28:20.027",4624,"CP-AKT-002907",Negotiate,1176,"2025-03-20T14:27:13.5260099Z",5,Advapi,SYSTEM
"Mar 20, 2025 @ 19:28:19.996",4624,"CP-AKT-002907",Negotiate,1176,"2025-03-20T14:23:08.0490555Z",5,Advapi,SYSTEM
"Mar 20, 2025 @ 19:28:19.965",4624,"CP-AKT-002907",Negotiate,1176,"2025-03-20T14:19:40.1352169Z",5,Advapi,SYSTEM
"Mar 20, 2025 @ 19:28:19.921",4624,"CP-AKT-002907",Negotiate,1176,"2025-03-20T14:15:35.2623411Z",5,Advapi,SYSTEM
"Mar 20, 2025 @ 19:28:19.890",4624,"CP-AKT-002907",Negotiate,1176,"2025-03-20T14:14:22.6207829Z",5,Advapi,SYSTEM
"Mar 20, 2025 @ 19:28:19.859",4624,"CP-AKT-002907",Negotiate,1176,"2025-03-20T14:07:44.2323959Z",5,Advapi,SYSTEM
"Mar 20, 2025 @ 19:28:19.827",4624,"CP-AKT-002907",Negotiate,1176,"2025-03-20T13:46:36.0822328Z",5,Advapi,SYSTEM
"Mar 20, 2025 @ 19:28:19.796",4624,"CP-AKT-002907",Negotiate,1176,"2025-03-20T13:35:00.9393426Z",5,Advapi,SYSTEM
"Mar 20, 2025 @ 19:28:19.780",4625,"CP-AKT-002907",NTLM,1176,"2025-03-20T13:33:24.4707674Z",3,NtLmSsp,Administrator
"Mar 20, 2025 @ 19:28:19.765",4625,"CP-AKT-002907",NTLM,1176,"2025-03-20T13:33:23.4490950Z",3,NtLmSsp,Administrator
"Mar 20, 2025 @ 19:28:19.749",4625,"CP-AKT-002907",NTLM,1176,"2025-03-20T13:33:22.4182832Z",3,NtLmSsp,Administrator
"Mar 20, 2025 @ 19:28:19.718",4624,"CP-AKT-002907",Negotiate,1176,"2025-03-20T13:27:27.3980024Z",5,Advapi,SYSTEM
"Mar 20, 2025 @ 19:28:19.687",4624,"CP-AKT-002907",Negotiate,1176,"2025-03-20T13:19:39.8344531Z",5,Advapi,SYSTEM
"Mar 20, 2025 @ 19:28:19.437",4624,"CP-AKT-002907",Negotiate,1176,"2025-03-20T12:49:13.8260441Z",5,Advapi,SYSTEM
"Mar 20, 2025 @ 19:28:19.405",4624,"CP-AKT-002907",Negotiate,1176,"2025-03-20T12:44:53.1563173Z",5,Advapi,SYSTEM
"Mar 20, 2025 @ 19:28:19.343",4624,"CP-AKT-002907",Negotiate,1176,"2025-03-20T12:33:53.1834394Z",5,Advapi,SYSTEM
"Mar 20, 2025 @ 19:28:19.281",4625,"CP-AKT-002907",NTLM,1176,"2025-03-20T12:31:49.4946458Z",3,NtLmSsp,Administrator
"Mar 20, 2025 @ 19:28:19.234",4625,"CP-AKT-002907",NTLM,1176,"2025-03-20T12:31:48.4771443Z",3,NtLmSsp,Administrator
"Mar 20, 2025 @ 19:28:19.187",4625,"CP-AKT-002907",NTLM,1176,"2025-03-20T12:31:47.4515017Z",3,NtLmSsp,Administrator
"Mar 20, 2025 @ 19:28:19.093",4624,"CP-AKT-002907",Negotiate,1176,"2025-03-20T12:27:52.3319430Z",5,Advapi,SYSTEM
"Mar 20, 2025 @ 19:28:19.015",4624,"CP-AKT-002907",Negotiate,1176,"2025-03-20T12:19:39.8246043Z",5,Advapi,SYSTEM
"Mar 20, 2025 @ 19:28:18.921",4624,"CP-AKT-002907",Negotiate,1176,"2025-03-20T12:09:59.7308935Z",5,Advapi,SYSTEM
"Mar 20, 2025 @ 19:28:18.849",4624,"CP-AKT-002907",Negotiate,1176,"2025-03-20T12:09:46.5514848Z",5,Advapi,SYSTEM
"Mar 20, 2025 @ 19:28:11.127",4624,"CP-AKT000209",Negotiate,1184,"2025-03-20T14:23:41.7092610Z",5,Advapi,SYSTEM
"Mar 20, 2025 @ 19:28:10.783",4624,"CP-AKT000209",Negotiate,1184,"2025-03-20T14:14:08.6977832Z",5,Advapi,SYSTEM
"Mar 20, 2025 @ 19:28:10.752",4624,"CP-AKT000209",Negotiate,1184,"2025-03-20T14:04:19.2643948Z",5,Advapi,SYSTEM
"Mar 20, 2025 @ 19:28:10.721",4624,"CP-AKT000209",Negotiate,1184,"2025-03-20T13:55:57.3399250Z",5,Advapi,SYSTEM
"Mar 20, 2025 @ 19:28:10.658",4624,"CP-AKT000209",Negotiate,1184,"2025-03-20T13:45:14.0236188Z",5,Advapi,SYSTEM
"Mar 20, 2025 @ 19:28:09.971",4624,"CP-AKT000209",Negotiate,1184,"2025-03-20T13:44:07.3774623Z",5,Advapi,SYSTEM
"Mar 20, 2025 @ 19:28:09.955",4625,"CP-AKT000209",NTLM,1184,"2025-03-20T13:31:03.9137503Z",3,NtLmSsp,Administrator
"Mar 20, 2025 @ 19:28:09.939",4625,"CP-AKT000209",NTLM,1184,"2025-03-20T13:31:02.8853741Z",3,NtLmSsp,Administrator
"Mar 20, 2025 @ 19:28:09.923",4625,"CP-AKT000209",NTLM,1184,"2025-03-20T13:31:01.8625488Z",3,NtLmSsp,Administrator
"Mar 20, 2025 @ 19:28:09.892",4624,"CP-AKT000209",Negotiate,1184,"2025-03-20T13:23:24.2603271Z",5,Advapi,SYSTEM
"Mar 20, 2025 @ 19:28:09.862",4624,"CP-AKT000209",Negotiate,1184,"2025-03-20T13:23:20.7330158Z",5,Advapi,SYSTEM
"Mar 20, 2025 @ 19:28:09.627",4624,"CP-AKT000209",Negotiate,1184,"2025-03-20T13:14:08.5149164Z",5,Advapi,SYSTEM
"Mar 20, 2025 @ 19:28:09.596",4624,"CP-AKT000209",Negotiate,1184,"2025-03-20T13:13:25.4194560Z",5,Advapi,SYSTEM
"Mar 20, 2025 @ 19:28:09.564",4624,"CP-AKT000209",Negotiate,1184,"2025-03-20T13:13:22.8282034Z",5,Advapi,SYSTEM
"Mar 20, 2025 @ 19:28:09.534",4624,"CP-AKT000209",Negotiate,1184,"2025-03-20T12:55:57.3709736Z",5,Advapi,SYSTEM
"Mar 20, 2025 @ 19:28:08.723",4624,"CP-AKT000209",Negotiate,1184,"2025-03-20T12:44:07.3557434Z",5,Advapi,SYSTEM
"Mar 20, 2025 @ 19:28:08.707",4625,"CP-AKT000209",NTLM,1184,"2025-03-20T12:28:53.6631603Z",3,NtLmSsp,Administrator
"Mar 20, 2025 @ 19:28:08.691",4625,"CP-AKT000209",NTLM,1184,"2025-03-20T12:28:52.6381947Z",3,NtLmSsp,Administrator
"Mar 20, 2025 @ 19:28:08.676",4625,"CP-AKT000209",NTLM,1184,"2025-03-20T12:28:51.6130026Z",3,NtLmSsp,Administrator
"Mar 20, 2025 @ 19:28:08.349",4624,"CP-AKT000209",Negotiate,1184,"2025-03-20T12:14:08.3472603Z",5,Advapi,SYSTEM
"Mar 20, 2025 @ 19:28:07.366",4624,"CP-AKT-002911",Negotiate,1112,"2025-03-20T14:06:54.3628914Z",5,Advapi,SYSTEM
"Mar 20, 2025 @ 19:28:07.304",4624,"CP-AKT-002911",Negotiate,1112,"2025-03-20T14:06:52.2664383Z",11,CredPro,Administrator
"Mar 20, 2025 @ 19:28:07.210",4625,"CP-AKT-002911",Negotiate,1112,"2025-03-20T14:05:58.2988753Z",2,CredPro,Admiistrator
"Mar 20, 2025 @ 19:28:07.194",4625,"CP-AKT-002911",Negotiate,1112,"2025-03-20T14:05:58.2950878Z",11,CredPro,Admiistrator
"Mar 20, 2025 @ 19:28:07.163",4624,"CP-AKT-002911",Negotiate,1112,"2025-03-20T14:05:31.2473085Z",5,Advapi,SYSTEM
"Mar 20, 2025 @ 19:28:07.101",4624,"CP-AKT-002911",Negotiate,1112,"2025-03-20T14:03:54.4640249Z",5,Advapi,SYSTEM
"Mar 20, 2025 @ 19:28:07.100",4624,"CP-AKT-002911",Negotiate,1112,"2025-03-20T14:21:42.2548895Z",5,Advapi,SYSTEM
"Mar 20, 2025 @ 19:28:07.069",4624,"CP-AKT-002911",Negotiate,1112,"2025-03-20T14:20:00.0204788Z",5,Advapi,SYSTEM
"Mar 20, 2025 @ 19:28:07.069",4624,"CP-AKT-002911",Negotiate,1112,"2025-03-20T13:39:09.1484770Z",5,Advapi,SYSTEM
"Mar 20, 2025 @ 19:28:07.053",4625,"CP-AKT-002911",NTLM,1112,"2025-03-20T13:34:29.3915564Z",3,NtLmSsp,Administrator
"Mar 20, 2025 @ 19:28:07.038",4625,"CP-AKT-002911",NTLM,1112,"2025-03-20T13:34:28.3585713Z",3,NtLmSsp,Administrator
"Mar 20, 2025 @ 19:28:07.038",4624,"CP-AKT-002911",Negotiate,1112,"2025-03-20T14:18:54.7049617Z",5,Advapi,SYSTEM
"Mar 20, 2025 @ 19:28:07.022",4625,"CP-AKT-002911",NTLM,1112,"2025-03-20T13:34:27.3244598Z",3,NtLmSsp,Administrator
"Mar 20, 2025 @ 19:28:06.991",4624,"CP-AKT-002911",Negotiate,1112,"2025-03-20T14:08:01.3359677Z",11,CredPro,Administrator
"Mar 20, 2025 @ 19:28:06.991",4624,"CP-AKT-002911",Negotiate,1112,"2025-03-20T13:32:34.3781939Z",5,Advapi,SYSTEM
"Mar 20, 2025 @ 19:28:06.960",4624,"CP-AKT-002911",Negotiate,1112,"2025-03-20T13:03:22.5966937Z",5,Advapi,SYSTEM
"Mar 20, 2025 @ 19:28:06.929",4624,"CP-AKT-002911",Negotiate,1112,"2025-03-20T12:53:31.8416330Z",5,Advapi,SYSTEM
"Mar 20, 2025 @ 19:28:06.897",4624,"CP-AKT-002911",Negotiate,1112,"2025-03-20T12:53:31.7754819Z",5,Advapi,SYSTEM
"Mar 20, 2025 @ 19:28:06.866",4624,"CP-AKT-002911",Negotiate,1112,"2025-03-20T12:53:31.2736516Z",5,Advapi,SYSTEM
"Mar 20, 2025 @ 19:28:06.835",4624,"CP-AKT-002911",Negotiate,1112,"2025-03-20T12:53:31.2213730Z",5,Advapi,SYSTEM
"Mar 20, 2025 @ 19:28:06.804",4624,"CP-AKT-002911",Negotiate,1112,"2025-03-20T14:07:24.7437826Z",5,Advapi,SYSTEM
"Mar 20, 2025 @ 19:28:06.804",4624,"CP-AKT-002911",Negotiate,1112,"2025-03-20T12:53:30.6747908Z",5,Advapi,SYSTEM
"Mar 20, 2025 @ 19:28:06.771",4624,"CP-AKT-002911",Negotiate,1112,"2025-03-20T12:53:30.6307676Z",5,Advapi,SYSTEM
"Mar 20, 2025 @ 19:28:06.740",4624,"CP-AKT-002911",Negotiate,1112,"2025-03-20T12:38:13.7070695Z",5,Advapi,SYSTEM
"Mar 20, 2025 @ 19:28:06.725",4625,"CP-AKT-002911",NTLM,1112,"2025-03-20T12:32:24.4168214Z",3,NtLmSsp,Administrator
"Mar 20, 2025 @ 19:28:06.713",4625,"CP-AKT-002911",NTLM,1112,"2025-03-20T12:32:23.3860696Z",3,NtLmSsp,Administrator
"Mar 20, 2025 @ 19:28:06.710",4625,"CP-AKT-002911",NTLM,1112,"2025-03-20T12:32:22.3610371Z",3,NtLmSsp,Administrator
"Mar 20, 2025 @ 19:27:45.989",4624,"DESKTOP-5JEIKFF",Negotiate,1016,"2025-03-20T14:27:46.0180522Z",5,Advapi,SYSTEM
"Mar 20, 2025 @ 19:27:35.887",4624,"DESKTOP-5JEIKFF",Negotiate,1016,"2025-03-20T14:27:31.5263597Z",5,Advapi,SYSTEM
"Mar 20, 2025 @ 19:27:35.834",4624,"DESKTOP-5JEIKFF",Negotiate,1016,"2025-03-20T14:27:28.1155675Z",2,User32,Project
"Mar 20, 2025 @ 19:27:35.831",4624,"DESKTOP-5JEIKFF",Negotiate,1016,"2025-03-20T14:27:28.1155592Z",2,User32,Project
"Mar 20, 2025 @ 19:27:35.822",4624,"DESKTOP-5JEIKFF",Negotiate,1016,"2025-03-20T14:27:25.5021317Z",5,Advapi,SYSTEM
"Mar 20, 2025 @ 19:27:35.742",4624,"DESKTOP-5JEIKFF",Negotiate,1016,"2025-03-20T14:27:24.6578389Z",5,Advapi,SYSTEM
"Mar 20, 2025 @ 19:27:35.739",4624,"DESKTOP-5JEIKFF",Negotiate,1016,"2025-03-20T14:27:24.6112764Z",5,Advapi,SYSTEM
"Mar 20, 2025 @ 17:06:51.075",4624,"CP-AKT-002912",Negotiate,1204,"2025-03-20T12:06:50.0984983Z",5,Advapi,SYSTEM
"Mar 20, 2025 @ 17:01:18.103",4624,"CP-AKT-002912",Negotiate,1204,"2025-03-20T12:01:17.1451066Z",5,Advapi,SYSTEM
"Mar 20, 2025 @ 17:01:05.788",4624,"CP-AKT-002912",Negotiate,1204,"2025-03-20T12:01:04.8151591Z",5,Advapi,SYSTEM
"Mar 20, 2025 @ 17:00:32.410",4624,"CP-AKT-002912",Negotiate,1204,"2025-03-20T12:00:31.4582486Z",5,Advapi,SYSTEM
"Mar 20, 2025 @ 17:00:31.142",4624,"CP-AKT-002912",Negotiate,1204,"2025-03-20T12:00:30.6427276Z",5,Advapi,SYSTEM
"Mar 20, 2025 @ 17:00:31.111",4624,"CP-AKT-002912",Negotiate,1204,"2025-03-20T12:00:30.1917857Z",5,Advapi,SYSTEM
"Mar 20, 2025 @ 17:00:31.080",4624,"CP-AKT-002912",Negotiate,1204,"2025-03-20T12:00:30.1584952Z",5,Advapi,SYSTEM
"Mar 20, 2025 @ 17:00:31.065",4624,"CP-AKT-002912",Negotiate,1204,"2025-03-20T12:00:30.1115056Z",5,Advapi,SYSTEM
"Mar 20, 2025 @ 17:00:00.161",4624,"CP-AKT-002912",Negotiate,1204,"2025-03-20T11:59:59.2044606Z",5,Advapi,SYSTEM
"Mar 20, 2025 @ 16:59:22.454",4624,"DESKTOP-5JEIKFF",Negotiate,1016,"2025-03-20T11:59:21.5315746Z",5,Advapi,SYSTEM
"Mar 20, 2025 @ 16:58:33.098",4624,"CP-AKT000209",Negotiate,1184,"2025-03-20T11:58:31.7336601Z",5,Advapi,SYSTEM
"Mar 20, 2025 @ 16:55:58.725",4624,"CP-AKT000209",Negotiate,1184,"2025-03-20T11:55:57.3905564Z",5,Advapi,SYSTEM
"Mar 20, 2025 @ 16:55:06.234",4624,"CP-AKT-002912",Negotiate,1204,"2025-03-20T11:55:05.1979485Z",5,Advapi,SYSTEM
"Mar 20, 2025 @ 16:47:33.335",4624,"DESKTOP-5JEIKFF",Negotiate,1016,"2025-03-20T11:47:32.4305681Z",5,Advapi,SYSTEM
"Mar 20, 2025 @ 16:47:32.206",4624,"DESKTOP-5JEIKFF",Negotiate,1016,"2025-03-20T11:47:31.8834627Z",5,Advapi,SYSTEM
"Mar 20, 2025 @ 16:47:32.201",4624,"DESKTOP-5JEIKFF",Negotiate,1016,"2025-03-20T11:47:31.2889935Z",5,Advapi,SYSTEM
"Mar 20, 2025 @ 16:47:32.161",4624,"DESKTOP-5JEIKFF",Negotiate,1016,"2025-03-20T11:47:31.2559374Z",5,Advapi,SYSTEM
"Mar 20, 2025 @ 16:45:52.250",4624,"CP-AKT-002907",Negotiate,1176,"2025-03-20T11:45:51.6125048Z",5,Advapi,SYSTEM
"Mar 20, 2025 @ 16:45:52.238",4624,"CP-AKT-002907",Negotiate,1176,"2025-03-20T11:45:51.2017768Z",5,Advapi,SYSTEM
"Mar 20, 2025 @ 16:44:08.731",4624,"CP-AKT000209",Negotiate,1184,"2025-03-20T11:44:07.3555898Z",5,Advapi,SYSTEM
"Mar 20, 2025 @ 16:43:32.209",4624,"DESKTOP-5JEIKFF",Negotiate,1016,"2025-03-20T11:43:31.2980667Z",5,Advapi,SYSTEM
"Mar 20, 2025 @ 16:41:57.527",4624,"CP-AKT-002931",Negotiate,1044,"2025-03-20T04:57:55.7891446Z",5,Advapi,SYSTEM
"Mar 20, 2025 @ 16:41:30.265",4624,"CP-AKT-002931",Negotiate,1044,"2025-03-20T04:57:28.5256378Z",5,Advapi,SYSTEM
"Mar 20, 2025 @ 16:40:19.504",4624,"CP-AKT-002912",Negotiate,1204,"2025-03-20T11:40:18.5264464Z",5,Advapi,SYSTEM
"Mar 20, 2025 @ 16:40:17.666",4624,"CP-AKT-002912",Negotiate,1204,"2025-03-20T11:40:16.7811807Z",5,Advapi,SYSTEM
"Mar 20, 2025 @ 16:40:17.666",4624,"CP-AKT-002912",Negotiate,1204,"2025-03-20T11:40:16.6771338Z",5,Advapi,SYSTEM
"Mar 20, 2025 @ 16:38:26.194",4624,"CP-AKT-002911",Negotiate,1112,"2025-03-20T11:38:24.9164654Z",5,Advapi,SYSTEM
"Mar 20, 2025 @ 16:38:20.993",4624,"CP-AKT-002911",Negotiate,1112,"2025-03-20T11:38:19.7120217Z",5,Advapi,SYSTEM
"Mar 20, 2025 @ 16:38:19.909",4624,"CP-AKT-002911",Negotiate,1112,"2025-03-20T11:38:18.6268463Z",5,Advapi,SYSTEM
"Mar 20, 2025 @ 16:38:11.857",4624,"CP-AKT-002911",Negotiate,1112,"2025-03-20T11:38:10.5715818Z",5,Advapi,SYSTEM
"Mar 20, 2025 @ 16:38:04.019",4624,"DESKTOP-5JEIKFF",Negotiate,1016,"2025-03-20T11:38:03.1111427Z",5,Advapi,SYSTEM
"Mar 20, 2025 @ 16:37:49.607",4624,"DESKTOP-5JEIKFF",Negotiate,1016,"2025-03-20T11:37:48.7002902Z",5,Advapi,SYSTEM
"Mar 20, 2025 @ 16:37:33.978",4624,"DESKTOP-5JEIKFF",Negotiate,1016,"2025-03-20T11:37:33.0682482Z",5,Advapi,SYSTEM
"Mar 20, 2025 @ 16:37:32.803",4624,"DESKTOP-5JEIKFF",Negotiate,1016,"2025-03-20T11:37:31.8970549Z",5,Advapi,SYSTEM
"Mar 20, 2025 @ 16:37:31.545",4624,"DESKTOP-5JEIKFF",Negotiate,1016,"2025-03-20T11:37:31.3695100Z",5,Advapi,SYSTEM
"Mar 20, 2025 @ 16:37:31.541",4624,"DESKTOP-5JEIKFF",Negotiate,1016,"2025-03-20T11:37:31.0897925Z",5,Advapi,SYSTEM
"Mar 20, 2025 @ 16:37:31.527",4624,"DESKTOP-5JEIKFF",Negotiate,1016,"2025-03-20T11:37:30.6870839Z",5,Advapi,SYSTEM
"Mar 20, 2025 @ 16:37:31.524",4624,"DESKTOP-5JEIKFF",Negotiate,1016,"2025-03-20T11:37:30.6135097Z",5,Advapi,SYSTEM
"Mar 20, 2025 @ 16:36:31.273",4624,"DESKTOP-5JEIKFF",Negotiate,1016,"2025-03-20T11:36:30.4294596Z",5,Advapi,SYSTEM
"Mar 20, 2025 @ 16:34:12.046",4624,"DESKTOP-5JEIKFF",Negotiate,1016,"2025-03-20T11:34:11.1740698Z",5,Advapi,SYSTEM
"Mar 20, 2025 @ 16:34:12.021",4624,"DESKTOP-5JEIKFF",Negotiate,1016,"2025-03-20T11:34:11.1042190Z",5,Advapi,SYSTEM
"Mar 20, 2025 @ 16:33:39.573",4624,"CP-AKT-002907",Negotiate,1176,"2025-03-20T11:33:38.5273873Z",5,Advapi,SYSTEM
"Mar 20, 2025 @ 16:31:54.439",4624,"DESKTOP-5JEIKFF",Negotiate,1016,"2025-03-20T11:31:53.5270530Z",5,Advapi,SYSTEM
"Mar 20, 2025 @ 16:31:23.889",4624,"CP-AKT-002931",Negotiate,1044,"2025-03-20T04:47:22.1322807Z",5,Advapi,SYSTEM
"Mar 20, 2025 @ 16:31:15.780",4625,"CP-AKT-002911",NTLM,1112,"2025-03-20T11:31:14.4695261Z",3,NtLmSsp,Administrator
"Mar 20, 2025 @ 16:31:14.716",4625,"CP-AKT-002911",NTLM,1112,"2025-03-20T11:31:13.4228839Z",3,NtLmSsp,Administrator
"Mar 20, 2025 @ 16:31:13.709",4625,"CP-AKT-002911",NTLM,1112,"2025-03-20T11:31:12.4030446Z",3,NtLmSsp,Administrator
"Mar 20, 2025 @ 16:31:00.694",4625,"CP-AKT-002907",NTLM,1176,"2025-03-20T11:30:59.6350201Z",3,NtLmSsp,Administrator
"Mar 20, 2025 @ 16:30:59.676",4625,"CP-AKT-002907",NTLM,1176,"2025-03-20T11:30:58.6086138Z",3,NtLmSsp,Administrator
"Mar 20, 2025 @ 16:30:58.645",4625,"CP-AKT-002907",NTLM,1176,"2025-03-20T11:30:57.5897839Z",3,NtLmSsp,Administrator
"Mar 20, 2025 @ 16:29:45.417",4625,"CP-AKT-002912",NTLM,1204,"2025-03-20T11:29:44.4202098Z",3,NtLmSsp,Administrator
"Mar 20, 2025 @ 16:29:44.388",4625,"CP-AKT-002912",NTLM,1204,"2025-03-20T11:29:43.4061311Z",3,NtLmSsp,Administrator
"Mar 20, 2025 @ 16:29:43.377",4625,"CP-AKT-002912",NTLM,1204,"2025-03-20T11:29:42.3842545Z",3,NtLmSsp,Administrator
"Mar 20, 2025 @ 16:28:40.193",4625,"CP-AKT000209",NTLM,1184,"2025-03-20T11:28:38.8414107Z",3,NtLmSsp,Administrator
"Mar 20, 2025 @ 16:28:39.189",4625,"CP-AKT000209",NTLM,1184,"2025-03-20T11:28:37.8182976Z",3,NtLmSsp,Administrator
"Mar 20, 2025 @ 16:28:38.150",4625,"CP-AKT000209",NTLM,1184,"2025-03-20T11:28:36.7906400Z",3,NtLmSsp,Administrator
"Mar 20, 2025 @ 16:26:51.384",4624,"DESKTOP-5JEIKFF",Negotiate,1016,"2025-03-20T11:26:50.5613889Z",5,Advapi,SYSTEM
"Mar 20, 2025 @ 16:26:51.380",4624,"DESKTOP-5JEIKFF",Negotiate,1016,"2025-03-20T11:26:50.5516459Z",5,Advapi,SYSTEM
"Mar 20, 2025 @ 16:22:43.352",4624,"CP-AKT-002931",Negotiate,1044,"2025-03-20T04:38:41.6098618Z",5,Advapi,SYSTEM
"Mar 20, 2025 @ 16:19:40.847",4624,"CP-AKT-002907",Negotiate,1176,"2025-03-20T11:19:39.8122558Z",5,Advapi,SYSTEM
"Mar 20, 2025 @ 16:19:22.344",4624,"CP-AKT-002907",Negotiate,1176,"2025-03-20T11:19:21.2890041Z",5,Advapi,SYSTEM
"Mar 20, 2025 @ 16:16:59.432",4624,"DESKTOP-5JEIKFF",Negotiate,1016,"2025-03-20T11:16:58.5264617Z",5,Advapi,SYSTEM
"Mar 20, 2025 @ 16:14:33.812",4624,"CP-AKT-002931",Negotiate,1044,"2025-03-20T04:30:32.0745778Z",5,Advapi,SYSTEM
"Mar 20, 2025 @ 16:14:09.541",4624,"CP-AKT000209",Negotiate,1184,"2025-03-20T11:14:08.1671201Z",5,Advapi,SYSTEM
"Mar 20, 2025 @ 16:13:37.499",4624,"CP-AKT-002931",Negotiate,1044,"2025-03-20T04:29:35.7526958Z",5,Advapi,SYSTEM
"Mar 20, 2025 @ 16:12:56.933",4624,"CP-AKT-002907",Negotiate,1176,"2025-03-20T11:12:55.8901988Z",5,Advapi,SYSTEM
"Mar 20, 2025 @ 16:10:34.954",4624,"CP-AKT-002911",Negotiate,1112,"2025-03-20T11:10:33.6655653Z",5,Advapi,SYSTEM
"Mar 20, 2025 @ 16:09:12.977",4624,"DESKTOP-5JEIKFF",Negotiate,1016,"2025-03-20T11:09:12.0709235Z",5,Advapi,SYSTEM
"Mar 20, 2025 @ 16:07:08.182",4624,"CP-AKT-002912",Negotiate,1204,"2025-03-20T11:07:07.1898989Z",5,Advapi,SYSTEM
"Mar 20, 2025 @ 16:05:22.601",4624,"CP-AKT-002912",Negotiate,1204,"2025-03-20T11:05:21.6060179Z",5,Advapi,SYSTEM
"Mar 20, 2025 @ 16:05:19.892",4624,"CP-AKT-002912",Negotiate,1204,"2025-03-20T11:05:18.9028743Z",5,Advapi,SYSTEM
"Mar 20, 2025 @ 16:04:26.364",4624,"CP-AKT-002911",Negotiate,1112,"2025-03-20T11:04:25.1138445Z",5,Advapi,SYSTEM
"Mar 20, 2025 @ 16:04:26.354",4624,"CP-AKT-002911",Negotiate,1112,"2025-03-20T11:04:25.0690401Z",5,Advapi,SYSTEM
"Mar 20, 2025 @ 16:02:43.765",4624,"DESKTOP-5JEIKFF",Negotiate,1016,"2025-03-20T11:02:42.8506150Z",2,User32,Project
"Mar 20, 2025 @ 16:02:43.765",4624,"DESKTOP-5JEIKFF",Negotiate,1016,"2025-03-20T11:02:42.8506071Z",2,User32,Project
"Mar 20, 2025 @ 16:02:41.293",4625,"DESKTOP-5JEIKFF",Negotiate,1016,"2025-03-20T11:02:40.3834070Z",2,User32,Project
"Mar 20, 2025 @ 16:02:32.670",4624,"DESKTOP-5JEIKFF",Negotiate,1016,"2025-03-20T11:02:31.7815260Z",5,Advapi,SYSTEM
"Mar 20, 2025 @ 16:02:32.664",4624,"DESKTOP-5JEIKFF",Negotiate,1016,"2025-03-20T11:02:31.7295880Z",5,Advapi,SYSTEM
"Mar 20, 2025 @ 16:02:32.592",4624,"DESKTOP-5JEIKFF",Negotiate,1016,"2025-03-20T11:02:31.6833802Z",5,Advapi,SYSTEM
"Mar 20, 2025 @ 16:01:45.602",4624,"CP-AKT-002907",Negotiate,1176,"2025-03-20T11:01:44.5380632Z",5,Advapi,SYSTEM
"Mar 20, 2025 @ 15:59:45.930",4624,"CP-AKT-002931",Negotiate,1044,"2025-03-20T04:15:44.1926794Z",5,Advapi,SYSTEM
"Mar 20, 2025 @ 15:57:08.350",4624,"CP-AKT-002911",Negotiate,1112,"2025-03-20T10:57:07.0909506Z",5,Advapi,SYSTEM
"Mar 20, 2025 @ 15:55:58.758",4624,"CP-AKT000209",Negotiate,1184,"2025-03-20T10:55:57.3914200Z",5,Advapi,SYSTEM
"Mar 20, 2025 @ 15:55:33.409",4624,"CP-AKT-002911",Negotiate,1112,"2025-03-20T10:55:32.1066532Z",5,Advapi,SYSTEM
"Mar 20, 2025 @ 15:55:19.433",4624,"CP-AKT-002911",Negotiate,1112,"2025-03-20T10:55:18.9005127Z",5,Advapi,SYSTEM
"Mar 20, 2025 @ 15:55:19.403",4624,"CP-AKT-002911",Negotiate,1112,"2025-03-20T10:55:18.7596952Z",5,Advapi,SYSTEM
"Mar 20, 2025 @ 15:55:19.389",4624,"CP-AKT-002911",Negotiate,1112,"2025-03-20T10:55:18.1201892Z",5,Advapi,SYSTEM
"Mar 20, 2025 @ 15:55:08.819",4624,"CP-AKT-002911",Negotiate,1112,"2025-03-20T10:55:07.5444152Z",5,Advapi,SYSTEM
"Mar 20, 2025 @ 15:54:51.674",4624,"CP-AKT-002907",Negotiate,1176,"2025-03-20T10:54:50.6200590Z",5,Advapi,SYSTEM
